joint_trajectory:
  points:
    - positions: [-0.00345146, 0.0118884, 0.00421845, 1.39861, 0.0145728, 0.238918, 0.0007669899999999999]
      time_from_start: 0
    - time_from_start: 0
      positions: [1.194309705669711, -0.2108798618236099, -1.259473315007993, 2.33389882074213, 0.4287415277114914, -0.4065825646782963, 1.66195396444742]
    - positions: [0.9263888497046024, 0.2327592585321548, -1.781487686047704, 0.9859126849399391, 0.3194723851640998, -0.3945297143435659, 1.585758632602399]
      time_from_start: 0
    - positions: [0.8470629040228566, 0.2435092312598234, -1.809532941065899, 0.8471726027602188, 0.3351112500473659, -0.3745830581976993, 1.572965279882922]
      time_from_start: 0
  joint_names: [left_s0, left_s1, left_e0, left_e1, left_w0, left_w1, left_w2]