joint_trajectory:
  points:
    - positions: [-0.00345146, 0.0118884, 0.00421845, 1.39861, 0.0145728, 0.238918, 0.0007669899999999999]
      time_from_start: 0
    - time_from_start: 0
      positions: [-0.7916585905191768, -0.5676583185102788, -2.812972643612939, 1.067027899331413, -1.519572908890899, 0.2122106608213188, -2.89707812099997]
    - positions: [-0.7585250957310286, -0.01867342734662802, -0.07212857037887144, 1.53564080825448, 2.960701204489917, 0.8973516014848832, -0.234358539206907]
      time_from_start: 0
    - positions: [1.052276677484671, 0.01431481496768057, -1.403579973303415, 1.130171690579485, -2.745097170856328, 0.3609724821492779, -2.059247194239549]
      time_from_start: 0
  joint_names: [left_s0, left_s1, left_e0, left_e1, left_w0, left_w1, left_w2]