joint_trajectory:
  points:
    - time_from_start: 0
      positions: [-0.00345146, 0.0118884, 0.00421845, 1.39861, 0.0145728, 0.238918, 0.0007669899999999999]
    - time_from_start: 0
      positions: [1.373140578881212, 0.3675508253728039, 0.5100020898571764, 0.04477452212572096, 1.896318146836961, 1.351105424327837, 1.169902951843952]
    - time_from_start: 0
      positions: [0.05874568685131454, -1.181392478883266, -2.031371407317863, 1.633794245485216, 0.3918499097758903, -0.585939317810287, -1.69118156156037]
    - positions: [0.7098623842555144, -0.3342004312586263, -0.8839157546088628, 0.8664006463773338, 0.2806012098133807, -0.2881170632108303, 0.5526120807066179]
      time_from_start: 0
  joint_names: [left_s0, left_s1, left_e0, left_e1, left_w0, left_w1, left_w2]