joint_trajectory:
  joint_names: [left_s0, left_s1, left_e0, left_e1, left_w0, left_w1, left_w2]
  points:
    - time_from_start: 0
      positions: [-0.00345146, 0.0118884, 0.00421845, 1.39861, 0.0145728, 0.238918, 0.0007669899999999999]
    - time_from_start: 0
      positions: [0.1295970672014481, 0.9821201149029659, -1.927043299228084, 1.128016658389009, 2.205698248396628, 0.677391850327056, -1.267339890477713]
    - positions: [0.2157804300844274, -1.064971902394144, 0.5163175799631684, 0.9329000339589328, 2.559596632969254, -0.2020981765075872, -2.801905719780654]
      time_from_start: 0