joint_trajectory:
  points:
    - positions: [-2.193058727581493, -0.4512017313964967, 2.060408759782093, -1.178934121180933, 0.5468032410358037, 2.983395316085871, -2.496496394953164]
      time_from_start: 0
    - positions: [-0.3280219304350824, -0.8182001953984632, 1.986695364973474, -1.177666101787, 1.106715111332544, 2.72562086416075, -1.757932448773032]
      time_from_start: 0
    - time_from_start: 0
      positions: [2.880957013703244, -1.504954480975584, 2.518320157725464, -1.581306324368817, 2.8973, 1.451254699612557, 1.412267410772223]
  joint_names: [panda_joint1, panda_joint2, panda_joint3, panda_joint4, panda_joint5, panda_joint6, panda_joint7]