joint_trajectory:
  joint_names: [panda_joint1, panda_joint2, panda_joint3, panda_joint4, panda_joint5, panda_joint6, panda_joint7]
  points:
    - positions: [0.669523408676774, 1.034483289895435, -1.838174114822084, -0.7295907170890755, 1.710481984585555, 2.548969425921141, -2.653010971318024]
      time_from_start: 0
    - positions: [0.2973830179564921, 0.8882169501834341, -1.858330832696601, -1.481347245947501, 1.377589125168846, 2.416262101191982, -1.185321939348309]
      time_from_start: 0
    - positions: [-0.5746344701376294, 1.12977749429499, -0.5369260321242414, -1.658598107540045, 1.828655517931418, 2.108916399605026, 0.7904377315948341]
      time_from_start: 0
    - positions: [-0.8326191042866034, 1.338510377336014, 0.1755389084801341, -1.338841977763468, 2.251325433022492, 2.018839355917123, 1.031169746633382]
      time_from_start: 0