joint_trajectory:
  points:
    - time_from_start: 0
      positions: [-2.564753910798088, -1.450099432475068, 0.6117149996665716, -1.228778497278281, 2.524736229221606, 2.086869720527339, -2.740097444732084]
    - time_from_start: 0
      positions: [-1.946999607853973, -1.351651471124748, 0.4444387839326923, -1.180047897566791, 1.902191655504786, 2.175133340002182, -2.00121063779247]
    - time_from_start: 0
      positions: [-0.6847346489374062, -0.2547572778113185, 1.657569805091619, -2.698137938744435, -2.080857242863951, 0.296033907213714, 1.692331792886369]
    - positions: [2.675673030428535, -1.7628, 2.624345907473534, -0.8873473916477914, 2.813520248478044, 1.849401009108315, 1.40280455366915]
      time_from_start: 0
  joint_names: [panda_joint1, panda_joint2, panda_joint3, panda_joint4, panda_joint5, panda_joint6, panda_joint7]