joint_trajectory:
  points:
    - positions: [-2.897299949513574, -0.7818650235304577, 2.637961861770179, -0.3213672439089461, 0.2722887352256933, 2.642162448342299, -2.237046484173999]
      time_from_start: 0
    - positions: [-0.3496377187758394, -0.6849201784973239, 1.027459868509911, -1.179577949307572, 0.7623192034566362, 2.515593004636753, -1.438983118913538]
      time_from_start: 0
    - time_from_start: 0
      positions: [0.1523534879881389, -0.7014624079337121, 0.9045112420502504, -1.322754414835618, 0.9285428776225173, 2.448313496838039, -1.193690221976168]
    - positions: [2.772194746078632, -1.241187320002241, 2.735415918917397, -1.740209280922922, 2.68222176409919, 1.558622652378777, 1.206364782032096]
      time_from_start: 0
  joint_names: [panda_joint1, panda_joint2, panda_joint3, panda_joint4, panda_joint5, panda_joint6, panda_joint7]