joint_trajectory:
  joint_names: [panda_joint1, panda_joint2, panda_joint3, panda_joint4, panda_joint5, panda_joint6, panda_joint7]
  points:
    - positions: [-2.8973, -1.354344583836834, 0.4229003513955414, -0.7581470745427462, 2.731484081597264, 2.24051110608142, -2.516244685424314]
      time_from_start: 0
    - positions: [-2.238967639863487, -1.741041860886934, 0.04634013990970981, -1.290196028381818, 2.193921348299606, 2.555728462469835, -1.896479274262619]
      time_from_start: 0
    - positions: [-2.8742140453612, -0.5642425719044485, -1.364916516123244, -2.016600421202486, -0.3524066035111165, 3.508751258754637, 1.190992422648223]
      time_from_start: 0
    - time_from_start: 0
      positions: [-1.055953364852479, 1.7628, 0.7018477124385221, -0.8258689304840531, 1.599594267552124, 2.325449551462163, 1.139310853426141]