joint_trajectory:
  points:
    - positions: [-2.353022633368634, -0.835610218403257, 1.625166061765072, -0.859263025339301, 1.401115423103781, 2.689010962922636, -2.770680059693476]
      time_from_start: 0
    - positions: [-1.997182044851951, -0.7519108995101462, 1.445587848039761, -0.8830351049140527, 1.091548205397373, 2.466161425062475, -2.533509543970581]
      time_from_start: 0
    - time_from_start: 0
      positions: [-0.3622555821595959, -0.902412503989195, -1.226740765991528, -1.141738946510896, 1.282067916642667, 2.457897873635318, -0.3406830748847411]
    - positions: [2.041103617292934, -1.595095614626526, -2.776595842587319, -1.151291602915236, 1.91103426017851, 2.061605532129591, 1.000585971504009]
      time_from_start: 0
  joint_names: [panda_joint1, panda_joint2, panda_joint3, panda_joint4, panda_joint5, panda_joint6, panda_joint7]