joint_trajectory:
  points:
    - time_from_start: 0
      positions: [0.7428940467317443, 1.054075185610793, -1.950167745347968, -0.9528718480070566, 1.945190755384882, 2.447702266690558, -2.872308677445297]
    - time_from_start: 0
      positions: [0.04634412150863187, 0.7223853310821546, -1.428381157227322, -1.226702151998018, 1.342946028433672, 2.47573467679758, -2.425710811249131]
    - time_from_start: 0
      positions: [-1.196210265853667, 0.7053941882999837, -0.6069966838571756, -1.593873710614346, 0.9420724173428304, 2.213089719684008, -2.192247242728942]
    - positions: [-1.046024762019888, 1.628047026921001, 0.5073650675207607, -1.044453785350872, 1.850757706873827, 2.202921674210048, 1.027156124830015]
      time_from_start: 0
  joint_names: [panda_joint1, panda_joint2, panda_joint3, panda_joint4, panda_joint5, panda_joint6, panda_joint7]