joint_trajectory:
  joint_names: [panda_joint1, panda_joint2, panda_joint3, panda_joint4, panda_joint5, panda_joint6, panda_joint7]
  points:
    - positions: [-2.32453863049628, -1.084954264215054, 1.176338977768354, -0.7386024027690445, 1.571891471637755, 2.522742700226106, -2.418975918279306]
      time_from_start: 0
    - positions: [1.099974165119324, -1.54472855684859, -2.241158383263502, -1.224945556122419, 1.489902684681498, 2.910219819977607, 0.8692033752121121]
      time_from_start: 0
    - time_from_start: 0
      positions: [1.746472346158272, -1.7628, -2.202164541668844, -1.432979451164627, 1.671179207030597, 2.483443647238285, 0.6005105401891431]