joint_trajectory:
  joint_names: [panda_joint1, panda_joint2, panda_joint3, panda_joint4, panda_joint5, panda_joint6, panda_joint7]
  points:
    - positions: [-2.388318743965708, -0.3005602712504759, 2.337880072465901, -1.254602918175463, 0.3183890759213883, 3.038579970149722, -2.447809866808686]
      time_from_start: 0
    - positions: [-1.231591329434934, -0.05076095653019445, 2.105974615087183, -1.401419400588352, -0.1005342253982626, 2.492064261660462, -2.113699317261488]
      time_from_start: 0
    - positions: [1.08328289509084, -1.628983238887876, -1.867904167292284, -1.058256114590676, 1.204041887933471, 2.130515002780077, 0.5893931190689802]
      time_from_start: 0
    - time_from_start: 0
      positions: [1.695383950297303, -1.7628, -2.28305497177593, -1.019470442609711, 1.162730031770781, 2.329778464293613, 1.264076868307607]