joint_trajectory:
  joint_names: [panda_joint1, panda_joint2, panda_joint3, panda_joint4, panda_joint5, panda_joint6, panda_joint7]
  points:
    - time_from_start: 0
      positions: [-2.282126891305319, -0.6739187886695099, 1.986137412610585, -0.9203647331881263, 0.6435182413200011, 2.863777502905623, -2.369391403150094]
    - time_from_start: 0
      positions: [-2.033532808171737, -0.7426993427300488, 1.800084047592704, -0.9777413065015146, 0.7575353827479366, 2.848434056952471, -2.097609874154061]
    - time_from_start: 0
      positions: [-0.1584325523008392, -1.375761708907455, -2.04606721187068, -1.301503020701075, 1.400119615083246, 1.416992141228779, 0.01849302428501305]
    - time_from_start: 0
      positions: [1.944513657201578, -1.447830843306287, -2.552078719891005, -1.521593751003146, 2.000257141800802, 2.182975433572949, 0.6952869126531486]