joint_trajectory:
  points:
    - positions: [0.8819573720126141, 1.081109097520249, -1.996238374508545, -1.074715932220933, 1.937400238641177, 2.46141700336474, -2.894230488682192]
      time_from_start: 0
    - time_from_start: 0
      positions: [-0.5846783829793929, 0.5884113696477316, -2.083514348414277, -1.456293541544762, 1.371492239268575, 1.944938645707349, -2.178723195519716]
    - time_from_start: 0
      positions: [-1.30123913297082, 0.8081446800138403, -1.05875926024591, -1.8677776221786, 1.48503443108329, 2.272257426331497, -0.2092587391721432]
    - time_from_start: 0
      positions: [-1.436341071311047, 1.596252104367664, 0.7796000441816577, -1.397085867616383, 1.583169717659492, 2.365951035380465, 0.8661736294307776]
  joint_names: [panda_joint1, panda_joint2, panda_joint3, panda_joint4, panda_joint5, panda_joint6, panda_joint7]