joint_trajectory:
  points:
    - time_from_start: 0
      positions: [0.689005731848353, 1.036318670661743, -1.897981385419198, -0.7501834806457042, 1.747184233431143, 2.508029222199437, -2.654190647258557]
    - positions: [-0.7081318847954543, 0.7160159467113643, -1.335663312220349, -1.635185422987761, 0.8514181143710567, 2.440228746175177, -1.094531588266809]
      time_from_start: 0
    - time_from_start: 0
      positions: [-0.4343319688936153, 1.30988371324428, -0.5934489190224107, -1.564349707724057, 2.441383550356354, 1.794788437209619, 0.9954664915316037]
    - positions: [-0.2158913650004992, 1.473347346114429, -0.4987687075134971, -1.440684993299679, 2.8973, 1.670868492388164, 1.324289841412116]
      time_from_start: 0
  joint_names: [panda_joint1, panda_joint2, panda_joint3, panda_joint4, panda_joint5, panda_joint6, panda_joint7]