joint_trajectory:
  joint_names: [panda_joint1, panda_joint2, panda_joint3, panda_joint4, panda_joint5, panda_joint6, panda_joint7]
  points:
    - time_from_start: 0
      positions: [0.3964414975147024, 0.5228454128743417, -0.6220103532037737, -0.8963902722491239, 0.674015532575613, 2.908467204857311, -2.711450433442399]
    - positions: [-2.297569236101676, -0.2533847672872245, -0.9629234828162008, -1.919418167083385, -0.06227305307593189, 3.013280195393599, -2.494844388799276]
      time_from_start: 0
    - positions: [-1.295805699718855, 1.7628, 0.665352945157808, -0.9979272911983439, 1.465718813393948, 2.219102609639046, 1.120827006619108]
      time_from_start: 0