joint_trajectory:
  points:
    - positions: [-2.45861684143587, -1.241998545172698, 0.791720304833079, -0.7320805848267093, 2.006191806968064, 2.378931892192056, -2.39403053413623]
      time_from_start: 0
    - positions: [1.241502819175991, -1.438961988490763, -2.43208582663577, -1.744771214867803, 1.913391789943888, 2.22617377305944, 0.7232866098081951]
      time_from_start: 0
    - positions: [1.963784698629754, -1.280153303168124, -2.684990685970046, -1.715166529621972, 2.071924451653991, 2.033260367320845, 0.7141773790697897]
      time_from_start: 0
  joint_names: [panda_joint1, panda_joint2, panda_joint3, panda_joint4, panda_joint5, panda_joint6, panda_joint7]