joint_trajectory:
  joint_names: [panda_joint1, panda_joint2, panda_joint3, panda_joint4, panda_joint5, panda_joint6, panda_joint7]
  points:
    - time_from_start: 0
      positions: [-2.426063911682082, -1.197039279268294, 0.9506435370169821, -0.8557381285922236, 2.027186176002271, 2.407119198613218, -2.611829339930061]
    - positions: [1.297451344437437, -1.738353367302842, -2.272453500475796, -1.196235116194699, 1.305580295768853, 2.430962235410257, 1.405842299799374]
      time_from_start: 0
    - positions: [1.918195656610063, -1.564513165481651, -2.576535679353682, -1.409310491291159, 1.88246756023058, 2.153291218957343, 0.7517211284106957]
      time_from_start: 0