joint_trajectory:
  points:
    - time_from_start: 0
      positions: [-2.420877844304433, -0.8401352809794722, 1.718808184146873, -0.7436015574212904, 1.201841589220413, 2.701797779190978, -2.591294130253726]
    - positions: [-1.320332313415824, -1.017561366030497, 0.7900426707355905, -0.8933758980874699, 0.2933701581325295, 2.421420651928869, -1.312220745813932]
      time_from_start: 0
    - positions: [-1.441173402069183, -0.2329444412263111, -1.182476105044223, -2.865202153987135, 0.1769028218421154, 2.709929675546009, -1.20295309567228]
      time_from_start: 0
    - positions: [2.861677603621494, -1.496816242515232, 2.566594719808505, -1.305110476390823, 2.860416404816482, 1.734836250815601, 1.437613477371499]
      time_from_start: 0
  joint_names: [panda_joint1, panda_joint2, panda_joint3, panda_joint4, panda_joint5, panda_joint6, panda_joint7]