joint_trajectory:
  points:
    - time_from_start: 0
      positions: [-2.462231883328402, -1.305291456408147, 0.6714602179225087, -0.8600683813702241, 2.17851435749456, 2.301281430661382, -2.465367665083945]
    - time_from_start: 0
      positions: [-1.542292425447441, -1.163140929617542, 0.7604946662761647, -1.18913167697179, 2.166359357342872, 2.093446449039591, -1.635913871812995]
    - time_from_start: 0
      positions: [2.877100245667421, -1.295570140922413, 2.679809438044703, -1.824390805150592, 2.787342270972051, 1.456423176822392, 1.215023179100511]
  joint_names: [panda_joint1, panda_joint2, panda_joint3, panda_joint4, panda_joint5, panda_joint6, panda_joint7]