joint_trajectory:
  points:
    - time_from_start: 0
      positions: [0.1119055322835457, 0.5267050328230283, 0.05916055858961913, -0.7103538784851311, -0.4511246272356326, 2.769487110755817, -1.953100321149023]
    - time_from_start: 0
      positions: [-0.3936009891333263, 0.4105064614128924, -0.4435350024389818, -0.6656164851476543, 0.2722289163590775, 2.193262182451273, -1.934522201313497]
    - positions: [-0.06465291825489895, -0.5217772811198517, -0.1528406932141223, -1.206094690548602, 1.440708266903339, 2.082496697746467, -1.627711013908152]
      time_from_start: 0
    - positions: [2.520320687151604, -1.434655654301624, 2.8973, -1.453788884950012, 2.507329186155375, 1.623341472812952, 1.136762395506392]
      time_from_start: 0
  joint_names: [panda_joint1, panda_joint2, panda_joint3, panda_joint4, panda_joint5, panda_joint6, panda_joint7]