joint_trajectory:
  joint_names: [panda_joint1, panda_joint2, panda_joint3, panda_joint4, panda_joint5, panda_joint6, panda_joint7]
  points:
    - positions: [-2.331574255248503, -0.4846644875515428, 2.198507286234953, -1.028012302219659, 0.3273140647114421, 2.916084211288917, -2.281951881024473]
      time_from_start: 0
    - positions: [-2.067335392278181, -0.2050612164829914, 2.444498362667563, -1.29844846211515, 1.101656186205701, 2.643953138096246, -1.243164720687206]
      time_from_start: 0
    - positions: [-0.8123049678648749, -0.2296983410973744, 2.696131743668481, -1.597983988819757, 2.03396270998001, 2.211800610234038, 0.02616917211813719]
      time_from_start: 0
    - positions: [2.897246403029768, -1.276153578583872, 2.780034427112639, -1.774381087434593, 2.813399370935505, 1.553757917083532, 1.14028827529361]
      time_from_start: 0