joint_trajectory:
  joint_names: [panda_joint1, panda_joint2, panda_joint3, panda_joint4, panda_joint5, panda_joint6, panda_joint7]
  points:
    - positions: [0.7951428558457755, 0.4866896032532504, -0.9325700409769855, -1.06685529748753, 0.4552290242059523, 2.959645719753011, -2.420743704949602]
      time_from_start: 0
    - positions: [0.4682539919543522, 0.4143375957673019, -0.9660680714903785, -1.170491359874469, 0.503976628042892, 2.962248600772893, -2.0890687275734]
      time_from_start: 0
    - positions: [-0.7414211793164862, 0.2977205653028054, -0.9156008831614307, -1.566003805299479, 0.8531056300650215, 2.840379693317549, -0.7197392890792944]
      time_from_start: 0
    - positions: [-1.087221433809238, 1.329394746841832, 0.3280512605039619, -1.763630970892504, 2.142007972124915, 1.878835747762577, 0.6719916072445503]
      time_from_start: 0