joint_trajectory:
  joint_names: [panda_joint1, panda_joint2, panda_joint3, panda_joint4, panda_joint5, panda_joint6, panda_joint7]
  points:
    - time_from_start: 0
      positions: [-0.05065216429046929, 0.2623681675795557, 0.09728717164587829, -1.166295263361331, -0.3316407854087387, 3.001051175914238, -2.052024076614229]
    - positions: [0.06162355006026887, -0.2016243312337423, -0.09562692702353848, -1.440196633154352, -0.682249835237499, 2.479569028908918, -1.419663012876168]
      time_from_start: 0
    - time_from_start: 0
      positions: [-2.191671108281193, -0.03234232924953107, -2.45001588452193, -1.534140215573297, 0.07330299828844167, 2.285488641632255, 1.509215404507331]
    - time_from_start: 0
      positions: [1.469532883412085, -1.7628, -2.101545932403888, -1.381029511371464, 1.074991230713517, 2.566838602088644, 1.111299966415089]