joint_trajectory:
  points:
    - positions: [0.4622602207329803, 0.5162414009355161, -0.5386349706334291, -0.8681305199875107, 0.07664407273073176, 2.885533511747844, -2.173094447863062]
      time_from_start: 0
    - time_from_start: 0
      positions: [1.699794845001172, -0.6376536185443931, 1.203374912183548, -1.581821804130999, 0.3887047484504157, 2.142213508646423, 0.6783627417504994]
    - time_from_start: 0
      positions: [2.854861187190661, -1.299105759452262, 2.753504174107034, -1.658664490747518, 2.77146152758856, 1.628947397968173, 1.205263881885913]
  joint_names: [panda_joint1, panda_joint2, panda_joint3, panda_joint4, panda_joint5, panda_joint6, panda_joint7]