joint_trajectory:
  joint_names: [panda_joint1, panda_joint2, panda_joint3, panda_joint4, panda_joint5, panda_joint6, panda_joint7]
  points:
    - time_from_start: 0
      positions: [0.4280513170912801, 0.9471323947408535, -1.446934997720703, -0.464770510437753, 1.385944369731802, 2.635336529190472, -2.560481942849008]
    - positions: [0.3250417532059018, 0.711303137689987, -1.401500552000287, -0.7471259986434275, 0.849250359566201, 2.493381622310873, -2.059270518181091]
      time_from_start: 0
    - time_from_start: 0
      positions: [-1.428525200961018, -1.159431047149189, -2.477251846543699, -2.62377535513062, -2.592624834071519, 0.9668351518525743, 0.3590673437962772]
    - positions: [2.241371494031007, -1.548793467257093, -2.833879578612704, -0.9864757427129094, 2.052523165539375, 2.154223939120603, 1.132679157858101]
      time_from_start: 0