joint_trajectory:
  points:
    - time_from_start: 0
      positions: [0.8462020006422782, 1.140264900353608, -2.105409924534719, -1.029283334881287, 1.967086872314576, 2.409898044914514, -2.773703481261182]
    - time_from_start: 0
      positions: [0.1463923121449078, 1.089082047537347, -2.017296178560735, -1.382135913616082, 1.735295364599777, 2.298462311926809, -1.791642087986097]
    - time_from_start: 0
      positions: [-0.6139779825365161, 1.335241107012923, -0.870059065415297, -1.752285552821295, 2.433844887365463, 1.651026114066988, 1.227342244335386]
    - time_from_start: 0
      positions: [-0.2515708508942089, 1.462337331711343, -0.5651907407352694, -1.56514267913455, 2.870681645690194, 1.533282488518599, 1.369412305754767]
  joint_names: [panda_joint1, panda_joint2, panda_joint3, panda_joint4, panda_joint5, panda_joint6, panda_joint7]