joint_trajectory:
  points:
    - time_from_start: 0
      positions: [0.3768635858044806, 1.10679341342052, -2.198779148742843, -0.4709653985332984, 2.106458795400386, 2.44223558210659, -2.491917155546719]
    - time_from_start: 0
      positions: [-0.8841221170946462, 1.251696477486242, -2.219602629329551, -1.757185839444871, 2.117622948681519, 1.277283948257711, -1.296616361471348]
    - time_from_start: 0
      positions: [-0.4996874038856871, 1.753022482469105, -0.4520607404385013, -0.766280690161081, 2.717638104781931, 1.968406242912931, 1.353542002724641]
    - time_from_start: 0
      positions: [-0.48320244889207, 1.7628, -0.4141051247044245, -0.7366540997437628, 2.730403208798076, 1.990824222518253, 1.40241697365287]
  joint_names: [panda_joint1, panda_joint2, panda_joint3, panda_joint4, panda_joint5, panda_joint6, panda_joint7]