joint_trajectory:
  joint_names: [panda_joint1, panda_joint2, panda_joint3, panda_joint4, panda_joint5, panda_joint6, panda_joint7]
  points:
    - positions: [-2.343254673892616, -0.9203820150862626, 1.451994033425949, -0.6985068185545825, 1.266971566643667, 2.588845552068563, -2.413839328489294]
      time_from_start: 0
    - time_from_start: 0
      positions: [0.9804507725574138, -1.599320634134689, -2.095734302277674, -1.531080249235747, 0.8718598968416994, 2.10644068991244, 0.01489977548419816]
    - time_from_start: 0
      positions: [1.500423353127125, -1.7628, -2.279351773494922, -1.63878258298856, 1.532000766606255, 2.446872982691153, 0.5707853562875869]