joint_trajectory:
  points:
    - positions: [-2.164602998344747, -1.03753715646375, 1.222852541137143, -1.055383589691292, 1.71679830203193, 2.56107305482274, -2.776597453960376]
      time_from_start: 0
    - time_from_start: 0
      positions: [1.200199087151983, -1.557843081449052, -2.215251952690738, -1.301042294924629, 1.317397996403414, 2.122015126725273, 0.4341381760982765]
    - positions: [-0.1098025968231105, -1.023350930495468, -2.315479098059064, -2.332627347836481, 1.658795513725237, 3.704373803861471, 1.15287715528425]
      time_from_start: 0
    - time_from_start: 0
      positions: [1.95589489447201, -1.65269740625675, -2.469739583917328, -1.273073541078611, 1.814252569607946, 2.265946807494524, 0.7802056930892581]
  joint_names: [panda_joint1, panda_joint2, panda_joint3, panda_joint4, panda_joint5, panda_joint6, panda_joint7]