joint_trajectory:
  joint_names: [panda_joint1, panda_joint2, panda_joint3, panda_joint4, panda_joint5, panda_joint6, panda_joint7]
  points:
    - positions: [-2.532056044810191, -1.193750563677567, 0.7561360622067266, -0.6287298030690088, 2.029065808176697, 2.375829087945339, -2.333478746411884]
      time_from_start: 0
    - positions: [-1.031672409777876, -1.252512011892558, -0.1404293559420526, -0.9587750556317316, 1.307950667459242, 2.13124475362186, -0.8709071377779791]
      time_from_start: 0
    - time_from_start: 0
      positions: [1.528008572996743, -1.563580970574255, -2.426833680870629, -1.275118791508181, 1.535704286106239, 2.032759567173241, 1.158294579487209]
    - positions: [2.307539800217246, -1.643778021957341, -2.8973, -1.008843767385553, 2.175370340765248, 2.057501868679442, 1.02345946019524]
      time_from_start: 0