joint_trajectory:
  points:
    - positions: [-2.412400000984326, -0.6281422896822904, 2.170575897245952, -0.7738232441829413, 0.350716868493004, 2.784421417290647, -2.167577177538346]
      time_from_start: 0
    - positions: [-1.597538466370435, -0.6921744320643164, 1.371135919826767, -1.082741206333838, 0.1226639407558827, 2.765305007638632, -1.713018354520151]
      time_from_start: 0
    - positions: [-0.938226842233732, 0.9266542599245586, -0.4185106767680122, -1.492478331109295, 0.8600379653692614, 1.962637067209704, 1.194143869326635]
      time_from_start: 0
    - time_from_start: 0
      positions: [-0.207361922947014, 1.445689259030651, -0.4292876981925524, -1.692720393957389, 2.8973, 1.478475286874277, 1.193463098365442]
  joint_names: [panda_joint1, panda_joint2, panda_joint3, panda_joint4, panda_joint5, panda_joint6, panda_joint7]