joint_trajectory:
  points:
    - time_from_start: 0
      positions: [-2.244505184075906, -0.3334465046952935, 2.159494940017455, -1.27016705244369, 0.5217893317203844, 3.019494295240063, -2.604968579476062]
    - time_from_start: 0
      positions: [-2.098507153224864, -0.4218870936355062, 2.038803437532795, -1.216395553536386, 0.6043471492153928, 2.910031837879159, -2.134716240671023]
    - positions: [-1.559399361339877, -0.5951590270617293, 1.775126922459779, -1.152693701842336, 0.7913914157363958, 2.599394711143854, -0.9673699227623673]
      time_from_start: 0
    - time_from_start: 0
      positions: [2.823139338182671, -1.585128917429997, 2.458647396705471, -1.353035766529408, 2.8973, 1.577218436892289, 1.49426694011545]
  joint_names: [panda_joint1, panda_joint2, panda_joint3, panda_joint4, panda_joint5, panda_joint6, panda_joint7]