joint_trajectory:
  joint_names: [panda_joint1, panda_joint2, panda_joint3, panda_joint4, panda_joint5, panda_joint6, panda_joint7]
  points:
    - time_from_start: 0
      positions: [0, -0.785, 0, -2.356, 0, 1.571, 0.785]
    - time_from_start: 0
      positions: [0.5321738790793594, 0.01301278252254059, 0.5940188409479358, -2.426266629845802, -1.029920251333899, 1.357690344499862, -0.1693099129061102]
    - time_from_start: 0
      positions: [0.4883680767625223, 0.6176327220639077, 0.9274799345046415, -2.288743067117504, -1.378570968653645, 1.060498832447972, 0.1253491038048438]
    - positions: [0.7759353851178623, 1.7628, 0.5969982579243651, -1.227373892246506, -1.39330411726454, 2.545211651427627, 0.01891801345536747]
      time_from_start: 0