joint_trajectory:
  joint_names: [panda_joint1, panda_joint2, panda_joint3, panda_joint4, panda_joint5, panda_joint6, panda_joint7]
  points:
    - time_from_start: 0
      positions: [0, -0.785, 0, -2.356, 0, 1.571, 0.785]
    - positions: [-0.3866469337174842, -0.6187341928300798, 0.7118936210493831, -2.36699751090825, -0.8332256256951219, 2.146594127960153, 0.7885960855443468]
      time_from_start: 0
    - positions: [-1.182724553824493, 0.4387455094769852, 0.9836059168641145, -2.135149605732228, -1.51928229943392, 2.719842383329169, -0.1035179261840352]
      time_from_start: 0
    - positions: [-0.2935988749206871, 1.7628, -0.2834708208303822, -1.050315626416594, 0.7418522540399204, 2.717536129341945, -1.173408333393702]
      time_from_start: 0