joint_trajectory:
  joint_names: [panda_joint1, panda_joint2, panda_joint3, panda_joint4, panda_joint5, panda_joint6, panda_joint7]
  points:
    - time_from_start: 0
      positions: [0, -0.785, 0, -2.356, 0, 1.571, 0.785]
    - time_from_start: 0
      positions: [-1.480363430684195, 0.2044196727297323, 0.5994939928530322, -2.203038589700473, -0.1743285309833063, 1.908470615643437, 1.398351923304715]
    - positions: [-1.608585925217431, 0.6916255664215992, 0.5259152172909496, -1.964442628085609, -0.1690971816669672, 2.036207995324473, 1.216422341279596]
      time_from_start: 0
    - positions: [-1.343077486109584, 1.7628, 0.4099318689066773, -1.037302488005175, -0.914227594185016, 2.621599687471099, 0.02452502201109821]
      time_from_start: 0