joint_trajectory:
  points:
    - time_from_start: 0
      positions: [0, -0.785, 0, -2.356, 0, 1.571, 0.785]
    - positions: [-1.198618798989738, 0.4980257586019706, 1.206851377109307, -2.074950919886585, -0.7708263472036778, 1.723378480307262, -0.1064980898983054]
      time_from_start: 0
    - time_from_start: 0
      positions: [-0.7634598010358311, 1.247259768432909, -0.05552784612181211, -1.670744864856632, 0.8921381103734288, 2.25531755407214, -0.4831861191180286]
    - time_from_start: 0
      positions: [-0.1348107232602995, 1.647404537629145, -0.2572513167271161, -1.217694208613877, 0.7676136539277322, 2.76751657246547, -0.8836556614638503]
  joint_names: [panda_joint1, panda_joint2, panda_joint3, panda_joint4, panda_joint5, panda_joint6, panda_joint7]