joint_trajectory:
  points:
    - positions: [0, -0.785, 0, -2.356, 0, 1.571, 0.785]
      time_from_start: 0
    - time_from_start: 0
      positions: [1.845053053160424, -0.5902921634633145, 0.9537949368064478, -1.793535027899465, -1.73044504210308, 2.470799915859561, -0.1798905112493231]
    - time_from_start: 0
      positions: [1.68949249571271, 0.6828604764753068, -0.9202490870809577, -2.16598560829886, -1.750622684965934, 1.877064313240379, 0.4763974614007178]
    - time_from_start: 0
      positions: [0.784348255874868, 1.7628, -0.1124302032674021, -1.005069446344155, 0.2918726009365918, 2.765634959268914, -0.7859377853393482]
  joint_names: [panda_joint1, panda_joint2, panda_joint3, panda_joint4, panda_joint5, panda_joint6, panda_joint7]