joint_trajectory:
  points:
    - time_from_start: 0
      positions: [0, -0.785, 0, -2.356, 0, 1.571, 0.785]
    - time_from_start: 0
      positions: [0.233444395734378, -0.4039488855279788, -0.3048327892691413, -2.720162977263257, 2.839104833023653, 2.882022810274299, 0.2243651592911656]
    - time_from_start: 0
      positions: [0.08411121153873048, 1.7628, -0.4452952135235511, -0.9770272551331972, 0.907341825912602, 2.569759013465877, -1.020266345811466]
  joint_names: [panda_joint1, panda_joint2, panda_joint3, panda_joint4, panda_joint5, panda_joint6, panda_joint7]