joint_trajectory:
  points:
    - positions: [0, -0.785, 0, -2.356, 0, 1.571, 0.785]
      time_from_start: 0
    - positions: [-0.02924072828215146, -0.8784369771186376, -0.0455801882316031, -2.146192727250827, -0.4471420727836289, 1.745451343760665, 0.9753099253375215]
      time_from_start: 0
    - time_from_start: 0
      positions: [0.8268298395376652, 0.6096178633466365, 0.09497478652074953, -2.607908948436729, -0.5769722120846157, 2.004070530189201, -0.9315008438695689]
    - time_from_start: 0
      positions: [-0.7440348346658715, 1.7628, 0.2774639025170311, -1.188693986639102, -1.014543124571912, 2.818686774290199, -0.1714061490626706]
  joint_names: [panda_joint1, panda_joint2, panda_joint3, panda_joint4, panda_joint5, panda_joint6, panda_joint7]