joint_trajectory:
  joint_names: [panda_joint1, panda_joint2, panda_joint3, panda_joint4, panda_joint5, panda_joint6, panda_joint7]
  points:
    - positions: [0, -0.785, 0, -2.356, 0, 1.571, 0.785]
      time_from_start: 0
    - time_from_start: 0
      positions: [-0.9954463556207355, 0.02809078751764789, 0.133809149959563, -2.491915976136322, 1.222492858102854, 2.605278111736546, -1.096923638984491]
    - time_from_start: 0
      positions: [-1.561084353481729, 0.4208775284727232, 0.1677523227868736, -2.283301836298824, 1.49127054792724, 2.282725893307215, -1.208276107878828]
    - positions: [-1.236149776293219, 1.7628, 0.09501886697248953, -1.10797586049299, -0.3453638019302854, 2.852310044129646, -0.3166001428463719]
      time_from_start: 0