joint_trajectory:
  joint_names: [panda_joint1, panda_joint2, panda_joint3, panda_joint4, panda_joint5, panda_joint6, panda_joint7]
  points:
    - positions: [0, -0.785, 0, -2.356, 0, 1.571, 0.785]
      time_from_start: 0
    - positions: [0.2681262934822776, -0.968108652647828, -1.030572085944919, -2.335615831240362, -0.5120466479142982, 1.895227276400961, -0.9882663131181517]
      time_from_start: 0
    - positions: [0.5055136386027455, -1.007522352738231, -1.432242972063943, -2.258417794559596, -0.7936233492110036, 1.979690719068415, -1.198452910193887]
      time_from_start: 0
    - positions: [1.7530693196891, -1.7628, -2.810021251287941, -0.9087002911555481, -0.6538020955411147, 2.576854819436934, -0.4148040349502676]
      time_from_start: 0