joint_trajectory:
  points:
    - time_from_start: 0
      positions: [0, -0.785, 0, -2.356, 0, 1.571, 0.785]
    - positions: [0.5377117435598688, 0.3727719781692784, 0.3787165295557828, -2.380334819108595, 0.883360927449834, 1.621141466307027, -0.5938597759756108]
      time_from_start: 0
    - positions: [0.9090839895416105, 1.243593735625508, 0.3226288984271363, -1.612124289122201, 0.1665231918572904, 2.350881476770359, -0.8108954813376632]
      time_from_start: 0
    - positions: [1.196369160676695, 1.7628, 0.1155470271530409, -1.037251412711483, -0.3376540880506145, 2.793256997412163, -0.8381795206427711]
      time_from_start: 0
  joint_names: [panda_joint1, panda_joint2, panda_joint3, panda_joint4, panda_joint5, panda_joint6, panda_joint7]