joint_trajectory:
  joint_names: [panda_joint1, panda_joint2, panda_joint3, panda_joint4, panda_joint5, panda_joint6, panda_joint7]
  points:
    - positions: [0, -0.785, 0, -2.356, 0, 1.571, 0.785]
      time_from_start: 0
    - time_from_start: 0
      positions: [1.117506704893993, 0.03834667763082228, 1.485610448329194, -2.47655505508523, -0.1475238597241259, 0.8180519807877122, -0.008696212046004986]
    - positions: [1.89740386628482, -0.0007527634470501942, 2.392392132316765, -2.599451222966269, 0.4336139852264615, 0.963525714766633, -0.6171938527825243]
      time_from_start: 0
    - time_from_start: 0
      positions: [2.237538709645063, -1.7628, 2.496007395187109, -1.289748598404688, 1.505897761442588, 2.505162995758251, -1.749720082791155]