joint_trajectory:
  joint_names: [panda_joint1, panda_joint2, panda_joint3, panda_joint4, panda_joint5, panda_joint6, panda_joint7]
  points:
    - time_from_start: 0
      positions: [0, -0.785, 0, -2.356, 0, 1.571, 0.785]
    - positions: [1.901498478488885, 0.5497448694774653, 2.356740566842888, -2.783506659597888, 0.5471216917721275, 2.022610597609234, 0.7271199781391804]
      time_from_start: 0
    - positions: [1.596615778646634, -1.741893762759044, 2.851797988485021, -1.098328880731797, 0.7931157019315495, 2.739407604217526, -1.520090239834487]
      time_from_start: 0