joint_trajectory:
  joint_names: [panda_joint1, panda_joint2, panda_joint3, panda_joint4, panda_joint5, panda_joint6, panda_joint7]
  points:
    - time_from_start: 0
      positions: [0, -0.785, 0, -2.356, 0, 1.571, 0.785]
    - time_from_start: 0
      positions: [-1.903325611267316, 0.9190848545559817, 1.862896141528375, -2.276965247917065, 0.7990368770684609, 1.690266301258329, -0.5450087222537967]
    - time_from_start: 0
      positions: [-1.938890402420312, 0.9698397387125501, 1.280494963788229, -2.085279401083821, -0.2185757974048361, 1.874199241342601, -1.422348059559693]
    - positions: [-1.163118940597262, 1.7628, 0.1634780963253273, -1.007037091420395, -0.429635599512583, 2.75251489706076, -0.5598538492589291]
      time_from_start: 0