joint_trajectory:
  points:
    - positions: [0, -0.785, 0, -2.356, 0, 1.571, 0.785]
      time_from_start: 0
    - time_from_start: 0
      positions: [-0.2739056597498018, 0.5173139538942384, 0.7542037296465341, -2.129526422260528, 0.4550713289001016, 1.620437519446017, 0.05570838733468347]
    - positions: [0.6364282605877166, 1.7628, 0.2881408850339022, -1.039971529686586, -0.7086554736152901, 2.71057435945391, -0.4873536233248796]
      time_from_start: 0
  joint_names: [panda_joint1, panda_joint2, panda_joint3, panda_joint4, panda_joint5, panda_joint6, panda_joint7]