joint_trajectory:
  points:
    - time_from_start: 0
      positions: [0, -0.785, 0, -2.356, 0, 1.571, 0.785]
    - time_from_start: 0
      positions: [0.5586161161826428, -0.6189383663032045, -0.2394797632022743, -2.486722761340323, 0.01993546113874742, 1.583266495579578, 0.8118063131303683]
    - positions: [1.235572116228538, -0.04331585525626061, -0.5420998351283011, -2.413898425916577, 0.3228127225926752, 1.751019578425796, 0.3947249650232815]
      time_from_start: 0
    - time_from_start: 0
      positions: [1.407673148622586, 1.7628, -0.6740427037918247, -1.370209093591048, 1.635478460696112, 2.471477955332116, -1.704408448560861]
  joint_names: [panda_joint1, panda_joint2, panda_joint3, panda_joint4, panda_joint5, panda_joint6, panda_joint7]