joint_trajectory:
  points:
    - positions: [0, -0.785, 0, -2.356, 0, 1.571, 0.785]
      time_from_start: 0
    - time_from_start: 0
      positions: [1.651581756120175, 0.5458040043063463, -1.320721593128005, -1.966023412606167, -0.7815951961415819, 0.8703028303687461, -0.805872080980707]
    - time_from_start: 0
      positions: [0.8645826278256985, 1.7628, -0.2249654345584512, -0.885853909647518, 0.4620429841759157, 2.615411248005412, -0.9463304028609273]
  joint_names: [panda_joint1, panda_joint2, panda_joint3, panda_joint4, panda_joint5, panda_joint6, panda_joint7]