joint_trajectory:
  joint_names: [panda_joint1, panda_joint2, panda_joint3, panda_joint4, panda_joint5, panda_joint6, panda_joint7]
  points:
    - time_from_start: 0
      positions: [0, -0.785, 0, -2.356, 0, 1.571, 0.785]
    - time_from_start: 0
      positions: [-0.9680137639984023, -0.1886775529850275, -0.4956164110247046, -3.022396570385038, -1.826765941831004, 1.469282444864511, -2.11757361503914]
    - positions: [-1.321309832932517, 1.705906073509967, 0.1275818734288743, -1.223066035711757, -0.5020119427787891, 2.89799419413779, -0.4795178758127573]
      time_from_start: 0