joint_trajectory:
  points:
    - time_from_start: 0
      positions: [0, -0.785, 0, -2.356, 0, 1.571, 0.785]
    - time_from_start: 0
      positions: [0.1489343444023847, 0.0110065355062537, -0.8183053227511828, -2.496176466087274, -0.2416725383589762, 1.789552924222309, -1.895819191118084]
    - time_from_start: 0
      positions: [-1.594302219236803, 1.7628, 0.08905279487063905, -0.8853706390944838, -0.1925046137238639, 2.643232822986397, -0.8522837828480339]
  joint_names: [panda_joint1, panda_joint2, panda_joint3, panda_joint4, panda_joint5, panda_joint6, panda_joint7]