joint_trajectory:
  points:
    - time_from_start: 0
      positions: [0, -0.785, 0, -2.356, 0, 1.571, 0.785]
    - positions: [-0.3679985283145416, -0.3753216636386863, -0.01391958806093656, -2.221028466267438, 0.04244355739945163, 1.33180541089113, -0.2950388038847684]
      time_from_start: 0
    - positions: [-0.8313234566092969, 0.6881834409316101, -0.165006985471115, -1.683131569699797, 0.3761264202918565, 1.644895693898719, -1.387835640874906]
      time_from_start: 0
    - positions: [-0.9423919320197175, 1.747313994908175, -0.3973333091627684, -1.013912056759904, 0.8675969642772637, 2.621839630938485, -1.257745950810256]
      time_from_start: 0
  joint_names: [panda_joint1, panda_joint2, panda_joint3, panda_joint4, panda_joint5, panda_joint6, panda_joint7]