joint_trajectory:
  points:
    - time_from_start: 0
      positions: [0, -0.785, 0, -2.356, 0, 1.571, 0.785]
    - positions: [-0.1327988165096056, -0.3297346272345876, 0.3977224247280758, -2.377965243618652, 0.245562823363908, 1.908024138061524, 1.024129701974234]
      time_from_start: 0
    - positions: [0.2779735448582037, 1.32884468528669, 0.6949266010231899, -1.489247494811948, -0.5634046892720492, 2.518611729051034, 0.3248631319133444]
      time_from_start: 0
    - positions: [0.5651581388924055, 1.7628, 0.5413169927688443, -1.062112646053599, -1.117293923576857, 2.554374075694327, -0.1735779023418577]
      time_from_start: 0
  joint_names: [panda_joint1, panda_joint2, panda_joint3, panda_joint4, panda_joint5, panda_joint6, panda_joint7]