joint_trajectory:
  points:
    - positions: [0, -0.785, 0, -2.356, 0, 1.571, 0.785]
      time_from_start: 0
    - positions: [0.02309627587745466, -0.6885229704526127, -0.2597486338018806, -2.404850005876066, 0.401536352909947, 1.590707635729438, 0.8722435133392933]
      time_from_start: 0
    - time_from_start: 0
      positions: [-0.03534907745254221, -0.07503551520257259, -0.4834545507708268, -2.323810400265822, 0.7510179620483397, 2.135615651301853, 0.7304315019134484]
    - time_from_start: 0
      positions: [0.2497382808789883, 1.738471773612207, -0.4906089854815857, -1.121849747151374, 1.123117219243853, 2.607037541101134, -1.359561822126575]
  joint_names: [panda_joint1, panda_joint2, panda_joint3, panda_joint4, panda_joint5, panda_joint6, panda_joint7]