joint_trajectory:
  joint_names: [panda_joint1, panda_joint2, panda_joint3, panda_joint4, panda_joint5, panda_joint6, panda_joint7]
  points:
    - time_from_start: 0
      positions: [0, -0.785, 0, -2.356, 0, 1.571, 0.785]
    - time_from_start: 0
      positions: [1.075130534047594, 0.3241977122861699, -0.3400150089964926, -2.060035022126361, -0.05583278547580496, 1.344924454168383, 0.3267062393614694]
    - time_from_start: 0
      positions: [1.353534755639933, 1.179066920917093, -0.3562078968453167, -1.536095422044255, 0.1200532186797207, 1.846489712183253, -0.3183169432188478]
    - positions: [1.134696298650985, 1.7628, -0.1845299202900464, -0.9584519595623824, 0.4028636605039502, 2.691265332617836, -0.9756489052395377]
      time_from_start: 0