joint_trajectory:
  joint_names: [shoulder_pan_joint, shoulder_lift_joint, elbow_joint, wrist_1_joint, wrist_2_joint, wrist_3_joint]
  points:
    - time_from_start: 0
      positions: [1.57, -1.5707, 0, -1.5707, -1.57, 3.14]
    - time_from_start: 0
      positions: [-0.1180427045727645, -1.962309952150627, 2.367696119784738, -2.539360273149088, 0.5872992433532491, -2.746593673343474]
    - time_from_start: 0
      positions: [-0.3951870788070699, -1.740679433236762, 2.496642261291051, -2.969357965312228, -0.04037781730359313, -2.833046594648682]
    - positions: [-0.01059947356235532, -0.6292233734328364, 1.326616986590953, -2.271474748830943, -1.57865024958393, -0.1807354807889575]
      time_from_start: 0