joint_trajectory:
  points:
    - positions: [1.57, -1.5707, 0, -1.5707, -1.57, 3.14]
      time_from_start: 0
    - time_from_start: 0
      positions: [-2.647391438483139, -0.9543383935884644, -2.418498941762788, -0.6900679761274269, 2.452760465241862, -1.799900215476369]
    - time_from_start: 0
      positions: [-2.982128411852944, -1.581641358482655, -1.995387968601973, -0.9812507098238734, 2.846140662836029, -1.983243778207812]
    - time_from_start: 0
      positions: [-2.609695563683657, -2.463932274090849, -1.259026782970459, -0.9864814123187363, 1.574333749775152, 0.1624835374282987]
  joint_names: [shoulder_pan_joint, shoulder_lift_joint, elbow_joint, wrist_1_joint, wrist_2_joint, wrist_3_joint]