joint_trajectory:
  joint_names: [shoulder_pan_joint, shoulder_lift_joint, elbow_joint, wrist_1_joint, wrist_2_joint, wrist_3_joint]
  points:
    - positions: [1.57, -1.5707, 0, -1.5707, -1.57, 3.14]
      time_from_start: 0
    - time_from_start: 0
      positions: [-0.6192197791060011, -1.690154983939321, 2.121668745339315, -1.524330125982192, 0.3423799363523805, 2.011195917936387]
    - time_from_start: 0
      positions: [-0.6114193494915988, -1.468680479841446, 2.323117782396921, -2.127804570049888, 0.2918152266635122, 2.08324298821316]
    - positions: [-0.1569806639529029, -0.1173623618158381, 0.6049575368565316, -2.055086004744211, -1.564238357969607, 0.04392024686528848]
      time_from_start: 0