joint_trajectory:
  points:
    - time_from_start: 0
      positions: [1.57, -1.5707, 0, -1.5707, -1.57, 3.14]
    - time_from_start: 0
      positions: [0.2415141224075072, -1.706939427859063, 2.178379345764307, -0.4505262871386635, -0.08448845078573129, 0.7199577878996435]
    - positions: [0.1402055733358341, -1.287366833507541, 1.927033215087303, -1.379596253326867, -0.1822249010079409, 0.375643474463673]
      time_from_start: 0
    - time_from_start: 0
      positions: [0.3685281762770426, -0.5216595234325889, 1.280816195126388, -2.322351000496429, -1.576435180779888, 0.005746314243689907]
  joint_names: [shoulder_pan_joint, shoulder_lift_joint, elbow_joint, wrist_1_joint, wrist_2_joint, wrist_3_joint]