joint_trajectory:
  points:
    - time_from_start: 0
      positions: [1.57, -1.5707, 0, -1.5707, -1.57, 3.14]
    - time_from_start: 0
      positions: [-0.1282397116183642, -2.175565783359084, 1.005227690721466, -1.472755369231927, 0.6973996561610771, 0.7313424116842329]
    - time_from_start: 0
      positions: [-0.8859399600413587, -1.699298890737003, 2.623878480797781, -2.34495988634993, 0.3266036300488274, 0.6887221399628023]
    - time_from_start: 0
      positions: [-0.3349380838432033, -0.4823709650391225, 1.189500896897532, -2.274744097118824, -1.570496963693504, -0.143167978638301]
  joint_names: [shoulder_pan_joint, shoulder_lift_joint, elbow_joint, wrist_1_joint, wrist_2_joint, wrist_3_joint]