joint_trajectory:
  joint_names: [shoulder_pan_joint, shoulder_lift_joint, elbow_joint, wrist_1_joint, wrist_2_joint, wrist_3_joint]
  points:
    - positions: [1.57, -1.5707, 0, -1.5707, -1.57, 3.14]
      time_from_start: 0
    - positions: [-0.9225641387012945, -1.738431633389685, 1.870663068788923, -0.3443404406886847, -0.3513612042213759, -0.03916001674563205]
      time_from_start: 0
    - positions: [-0.5379383480701744, -1.274992544610506, 1.730024734556198, -1.175584868953593, -0.1750136430380028, 0.2502458917626168]
      time_from_start: 0
    - time_from_start: 0
      positions: [-0.06690202527246132, -0.5051336280998918, 1.032177110272716, -2.090404058178541, -1.565705953174774, -0.06794171668076839]