joint_trajectory:
  points:
    - positions: [1.57, -1.5707, 0, -1.5707, -1.57, 3.14]
      time_from_start: 0
    - positions: [0.1303939067410863, -1.762967669241143, 2.320569815866568, -2.297233493203714, 0.003745326392443168, 0.4617146881245169]
      time_from_start: 0
    - time_from_start: 0
      positions: [0.04863618426381651, -1.551547298505755, 2.278115341424964, -2.377802150727204, -0.02256578983221391, 0.3579596347983299]
    - time_from_start: 0
      positions: [0.09441229687663796, -0.5282535176141389, 1.245862667970647, -2.280899782302841, -1.574210684995366, -0.05266660779053859]
  joint_names: [shoulder_pan_joint, shoulder_lift_joint, elbow_joint, wrist_1_joint, wrist_2_joint, wrist_3_joint]