joint_trajectory:
  joint_names: [shoulder_pan_joint, shoulder_lift_joint, elbow_joint, wrist_1_joint, wrist_2_joint, wrist_3_joint]
  points:
    - positions: [1.57, -1.5707, 0, -1.5707, -1.57, 3.14]
      time_from_start: 0
    - positions: [-2.016310242322826, -1.132206882088748, -2.413414468829683, -1.028326229879954, -0.233720320124901, 2.115852623442318]
      time_from_start: 0
    - time_from_start: 0
      positions: [-2.202526955424808, -1.194829018385697, -2.45870263744629, -1.106199592944294, -0.2133574223355884, 2.075161959008179]
    - positions: [-3.00770525855476, -2.511185026654582, -1.227788713745924, -0.9806338577780754, 1.568731903261561, 0.1299986655334156]
      time_from_start: 0