joint_trajectory:
  points:
    - time_from_start: 0
      positions: [1.57, -1.5707, 0, -1.5707, -1.57, 3.14]
    - positions: [-1.447423129104033, -2.074397645355181, 2.353345311077454, -1.429073125295735, 0.3655928926388037, 0.9559843371772963]
      time_from_start: 0
    - positions: [-1.50025907606163, -1.955893085745545, 2.472148969926772, -1.399255675555064, 0.3706395092672046, 0.9126892446137844]
      time_from_start: 0
    - positions: [-0.4159013782749688, -0.5399086377899472, 1.221388030940569, -2.242580426236982, -1.568015883915876, -0.09404988679275789]
      time_from_start: 0
  joint_names: [shoulder_pan_joint, shoulder_lift_joint, elbow_joint, wrist_1_joint, wrist_2_joint, wrist_3_joint]