joint_trajectory:
  joint_names: [shoulder_pan_joint, shoulder_lift_joint, elbow_joint, wrist_1_joint, wrist_2_joint, wrist_3_joint]
  points:
    - time_from_start: 0
      positions: [1.57, -1.5707, 0, -1.5707, -1.57, 3.14]
    - time_from_start: 0
      positions: [1.289282540353991, -1.916607831487884, -0.444841181255323, 0.9512510179933567, -0.3956889464036113, 0.3831693637156164]
    - time_from_start: 0
      positions: [0.3680477976245202, -0.4950017803506246, 1.274571914127901, -2.360975638878621, -1.579471168299182, -0.04090554538025128]