joint_trajectory:
  points:
    - positions: [1.57, -1.5707, 0, -1.5707, -1.57, 3.14]
      time_from_start: 0
    - positions: [-0.781347040414081, -1.704240338098229, 2.205536629406997, 0.01702186851536414, -0.2345262432517929, -0.2787006453704574]
      time_from_start: 0
    - positions: [-0.4766910706784277, -1.114538031759015, 1.91348010613275, -1.217930783863852, 0.2937245771803497, -0.8945023041719822]
      time_from_start: 0
    - positions: [-0.05965705904508676, -0.4165435399878915, 1.260152916356251, -2.412409304570992, -1.580683474988673, -0.07912084317867239]
      time_from_start: 0
  joint_names: [shoulder_pan_joint, shoulder_lift_joint, elbow_joint, wrist_1_joint, wrist_2_joint, wrist_3_joint]