joint_trajectory:
  points:
    - positions: [1.57, -1.5707, 0, -1.5707, -1.57, 3.14]
      time_from_start: 0
    - time_from_start: 0
      positions: [2.968474993638946, -1.37637092503096, -2.388862495243973, -1.875632421453692, -0.8097227368968374, 2.172467376630495]
    - positions: [3.09152897535272, -2.811185231533811, -0.8435751228883385, -1.060142414627868, 1.564694478484259, 0.1898982937129593]
      time_from_start: 0
  joint_names: [shoulder_pan_joint, shoulder_lift_joint, elbow_joint, wrist_1_joint, wrist_2_joint, wrist_3_joint]