joint_trajectory:
  joint_names: [shoulder_pan_joint, shoulder_lift_joint, elbow_joint, wrist_1_joint, wrist_2_joint, wrist_3_joint]
  points:
    - positions: [1.57, -1.5707, 0, -1.5707, -1.57, 3.14]
      time_from_start: 0
    - positions: [0.06363267452379388, -1.599777475632914, 1.800341628810616, -1.009610933882139, -0.1703082207775208, -1.37055174599631]
      time_from_start: 0
    - positions: [-0.0245655705785158, -1.429727019840251, 2.095684960352814, -1.249685882718277, 0.2392115080450709, -1.692818987640469]
      time_from_start: 0
    - time_from_start: 0
      positions: [0.0250745619294223, -0.5033640966514741, 1.279747808380276, -2.340591352149905, -1.569699423792215, 0.04363540967234703]