joint_trajectory:
  joint_names: [shoulder_pan_joint, shoulder_lift_joint, elbow_joint, wrist_1_joint, wrist_2_joint, wrist_3_joint]
  points:
    - positions: [1.57, -1.5707, 0, -1.5707, -1.57, 3.14]
      time_from_start: 0
    - time_from_start: 0
      positions: [-2.605007074125118, -1.253476935918663, -2.080754339705543, -1.170267422814859, 2.695639039060324, -1.529719175191242]
    - positions: [-2.8737160682178, -1.851041374661153, -1.838942035310484, -1.363489517379545, 2.838179874031344, -1.311804434787256]
      time_from_start: 0
    - positions: [-2.627148590725402, -2.737151313419298, -0.9917538680424483, -0.9808101854277209, 1.560861962801871, 0.04832490368330122]
      time_from_start: 0