joint_trajectory:
  points:
    - positions: [1.57, -1.5707, 0, -1.5707, -1.57, 3.14]
      time_from_start: 0
    - positions: [0.3584497555089403, -1.829339387072506, 2.013283058594737, -1.16358660104698, 0.436540826190424, -0.8780282177558985]
      time_from_start: 0
    - positions: [0.3090807582437229, -1.763205310264576, 2.124253933056428, -1.358908480501325, 0.4538184859929797, -0.907884695222401]
      time_from_start: 0
    - positions: [0.3150473263137942, -0.6986736428080601, 1.360215861905633, -2.234474476692534, -1.565680100017774, 0.02786404761444775]
      time_from_start: 0
  joint_names: [shoulder_pan_joint, shoulder_lift_joint, elbow_joint, wrist_1_joint, wrist_2_joint, wrist_3_joint]