joint_trajectory:
  joint_names: [shoulder_pan_joint, shoulder_lift_joint, elbow_joint, wrist_1_joint, wrist_2_joint, wrist_3_joint]
  points:
    - time_from_start: 0
      positions: [1.57, -1.5707, 0, -1.5707, -1.57, 3.14]
    - time_from_start: 0
      positions: [-1.857306318754982, -1.526594236194359, -2.015569585942957, -1.450602222953504, 0.9386288049598019, -0.7594222453810482]
    - time_from_start: 0
      positions: [-2.513012638044567, -1.83931517664674, -1.961436120870238, -1.391135078918663, 0.08961059604050053, -0.7969310760339396]
    - time_from_start: 0
      positions: [-2.780037913201761, -2.720296661317847, -1.158539436999479, -0.8231334423323596, 1.570745670233229, 0.3114306046990268]