joint_trajectory:
  points:
    - time_from_start: 0
      positions: [1.57, -1.5707, 0, -1.5707, -1.57, 3.14]
    - time_from_start: 0
      positions: [0.06411696741458062, -1.556767036095353, 2.333230781569992, -1.965355370769295, 0.9982052744918246, -0.5831585784591837]
    - time_from_start: 0
      positions: [-0.4978878014296071, -1.465983375171068, 2.434330463911946, -1.973442174198166, 0.6177786713804138, -0.7129458258742447]
    - positions: [-0.4052421688166108, -0.4404125156569303, 1.17019917784243, -2.298042571161762, -1.579933384417286, 0.07612147161886321]
      time_from_start: 0
  joint_names: [shoulder_pan_joint, shoulder_lift_joint, elbow_joint, wrist_1_joint, wrist_2_joint, wrist_3_joint]