joint_trajectory:
  points:
    - time_from_start: 0
      positions: [1.57, -1.5707, 0, -1.5707, -1.57, 3.14]
    - time_from_start: 0
      positions: [-0.4650330046170355, -2.018272600373528, 2.474275509639454, -1.042645216995842, 1.080375459686528, 0.6338197166902181]
    - time_from_start: 0
      positions: [-0.005999408136399791, -0.5801512803302883, 1.104271930475879, -2.085467057003098, -1.566501129310779, 0.00553025494663242]
  joint_names: [shoulder_pan_joint, shoulder_lift_joint, elbow_joint, wrist_1_joint, wrist_2_joint, wrist_3_joint]