joint_trajectory:
  joint_names: [shoulder_pan_joint, shoulder_lift_joint, elbow_joint, wrist_1_joint, wrist_2_joint, wrist_3_joint]
  points:
    - time_from_start: 0
      positions: [1.57, -1.5707, 0, -1.5707, -1.57, 3.14]
    - positions: [-0.8707198768040909, -1.954659352428499, 2.198112070059365, -0.1782872358529393, 0.2946715851976726, -0.3380391597549444]
      time_from_start: 0
    - positions: [-0.9436329293357713, -1.662171933859366, 2.138098757954951, -1.108704937484294, -0.0250448477316903, 0.5901769003935851]
      time_from_start: 0
    - time_from_start: 0
      positions: [-0.349106266783027, -0.5800777109046965, 1.222781418810053, -2.216286997667772, -1.571817007473771, 0.006511700956982303]