joint_trajectory:
  points:
    - positions: [1.57, -1.5707, 0, -1.5707, -1.57, 3.14]
      time_from_start: 0
    - time_from_start: 0
      positions: [0.04768638899852129, -2.017397634084484, 2.278039922057812, -1.266509288810256, 0.339631548613311, -1.474960401446764]
    - time_from_start: 0
      positions: [0.122703456565523, -1.674817769660356, 2.118469621912816, -1.482242239153527, -0.03610756821208219, -1.157591264476188]
    - time_from_start: 0
      positions: [0.3461872551322058, -0.5738111797859319, 1.246370135309844, -2.251197950802755, -1.577747660986003, 0.03406734933190548]
  joint_names: [shoulder_pan_joint, shoulder_lift_joint, elbow_joint, wrist_1_joint, wrist_2_joint, wrist_3_joint]