joint_trajectory:
  joint_names: [shoulder_pan_joint, shoulder_lift_joint, elbow_joint, wrist_1_joint, wrist_2_joint, wrist_3_joint]
  points:
    - positions: [1.57, -1.5707, 0, -1.5707, -1.57, 3.14]
      time_from_start: 0
    - positions: [0.9129207713400045, -2.164664922484289, 2.23988669674945, 0.2897878282165525, -1.227300828564627, 0.7895033051601447]
      time_from_start: 0
    - time_from_start: 0
      positions: [-0.7197545028844552, -1.653402063524547, 2.332329402730537, -0.9978375516913619, 0.3709324342553475, 1.182947314541717]
    - positions: [-0.4182350402449935, -0.3534436769846411, 0.9718897894629658, -2.194647568875549, -1.559971361005429, -0.1550411209658082]
      time_from_start: 0