joint_trajectory:
  points:
    - positions: [1.57, -1.5707, 0, -1.5707, -1.57, 3.14]
      time_from_start: 0
    - positions: [0.457423302689381, -1.674329507841774, 2.16234617052248, -2.363651820815128, 0.1699722525767839, -0.2259019703323181]
      time_from_start: 0
    - positions: [0.3832647021275195, -1.632809156000898, 2.164703111933419, -2.392604351442407, 0.1240932804548782, -0.1747774377666354]
      time_from_start: 0
    - time_from_start: 0
      positions: [0.3299646290668961, -0.6705072979513871, 1.279167241343177, -2.172118693554349, -1.569973846568425, 0.06149051655129766]
  joint_names: [shoulder_pan_joint, shoulder_lift_joint, elbow_joint, wrist_1_joint, wrist_2_joint, wrist_3_joint]