joint_trajectory:
  points:
    - time_from_start: 0
      positions: [1.57, -1.5707, 0, -1.5707, -1.57, 3.14]
    - positions: [-1.527604526260273, -2.181272790895303, 2.477013632966494, -2.517399668120567, -0.2045692739197946, -1.24931298019104]
      time_from_start: 0
    - positions: [-0.8927314500683525, -1.311180631138481, 1.95142400734162, -2.291079761123845, -0.8254455275580793, -0.6667119583340677]
      time_from_start: 0
    - positions: [-0.2938086721942387, -0.6194399248892615, 1.402298587759224, -2.347282432207385, -1.56933120961133, -0.1867800369230052]
      time_from_start: 0
  joint_names: [shoulder_pan_joint, shoulder_lift_joint, elbow_joint, wrist_1_joint, wrist_2_joint, wrist_3_joint]