joint_trajectory:
  joint_names: [shoulder_pan_joint, shoulder_lift_joint, elbow_joint, wrist_1_joint, wrist_2_joint, wrist_3_joint]
  points:
    - time_from_start: 0
      positions: [1.57, -1.5707, 0, -1.5707, -1.57, 3.14]
    - positions: [-0.04491807715251693, -1.769758640138091, 2.671663463495389, -3.028402108218722, -0.01166094602777239, -1.147557814451994]
      time_from_start: 0
    - positions: [-0.01911359681413958, -1.375575199804129, 2.184418501107875, -2.653234111649351, -0.02342837627979881, -0.9979111220770744]
      time_from_start: 0
    - positions: [0.2169139611027595, -0.2765629154341416, 0.7917658745874997, -2.083267064111705, -1.568638936525695, 0.02035118948496185]
      time_from_start: 0