joint_trajectory:
  points:
    - positions: [1.57, -1.5707, 0, -1.5707, -1.57, 3.14]
      time_from_start: 0
    - time_from_start: 0
      positions: [-0.7843390514185123, -2.003077446659812, 2.616735845154394, -1.62294928659594, 0.01435934358430568, -1.240830337865033]
    - time_from_start: 0
      positions: [-0.4834755673627928, -0.7687926094452047, 1.547912236390392, -2.045340798395868, -1.097343339888864, 0.2911917333902195]
    - time_from_start: 0
      positions: [-0.3511567579740316, -0.5664071730858923, 1.369625621605949, -2.380478998948042, -1.567901330071397, -0.02885706606862201]
  joint_names: [shoulder_pan_joint, shoulder_lift_joint, elbow_joint, wrist_1_joint, wrist_2_joint, wrist_3_joint]