joint_trajectory:
  points:
    - time_from_start: 0
      positions: [1.57, -1.5707, 0, -1.5707, -1.57, 3.14]
    - time_from_start: 0
      positions: [-1.346373156850262, -1.32199590762248, -2.003758116045491, -1.563045358883973, 0.4286445595598923, -1.85631141180942]
    - positions: [-2.193223676523677, -1.897640487159578, -1.851489562146646, -1.444433662163183, 0.5503356457818922, -1.43271259745924]
      time_from_start: 0
    - time_from_start: 0
      positions: [-2.546918003648877, -2.698521143559493, -1.134604628826181, -0.8721505349213441, 1.570699856426204, 0.2084967235847435]
  joint_names: [shoulder_pan_joint, shoulder_lift_joint, elbow_joint, wrist_1_joint, wrist_2_joint, wrist_3_joint]