joint_trajectory:
  points:
    - time_from_start: 0
      positions: [1.57, -1.5707, 0, -1.5707, -1.57, 3.14]
    - positions: [-1.350691169533443, -2.488102831405348, 2.079505487713328, -0.7192174342613791, 0.6428563147847097, 0.3963362776969568]
      time_from_start: 0
    - time_from_start: 0
      positions: [-1.064447595904072, -2.138441989912903, 2.378861610563303, -0.5362913338723474, 0.7070985968724496, 0.2466303790408318]
    - time_from_start: 0
      positions: [-0.2935318993176156, -0.6838753993866457, 1.421005432682606, -2.303761954185307, -1.577346662134014, -0.1375725179222258]
  joint_names: [shoulder_pan_joint, shoulder_lift_joint, elbow_joint, wrist_1_joint, wrist_2_joint, wrist_3_joint]