joint_trajectory:
  joint_names: [shoulder_pan_joint, shoulder_lift_joint, elbow_joint, wrist_1_joint, wrist_2_joint, wrist_3_joint]
  points:
    - time_from_start: 0
      positions: [1.57, -1.5707, 0, -1.5707, -1.57, 3.14]
    - time_from_start: 0
      positions: [-1.158309404838931, -1.857342128684542, 1.905130599744673, -0.9777609250976044, -0.5440840237313146, -1.329847862779129]
    - time_from_start: 0
      positions: [-1.186937246241234, -1.630273058077272, 2.010333732117423, -1.260573406123116, -0.6230479747690807, -1.346241932881425]
    - time_from_start: 0
      positions: [-0.5505266694909146, -0.6510707521043231, 1.446232358632075, -2.357925946830464, -1.567196869328149, -0.1921754754228903]