joint_trajectory:
  joint_names: [shoulder_pan_joint, shoulder_lift_joint, elbow_joint, wrist_1_joint, wrist_2_joint, wrist_3_joint]
  points:
    - positions: [1.57, -1.5707, 0, -1.5707, -1.57, 3.14]
      time_from_start: 0
    - time_from_start: 0
      positions: [-0.564734081913535, -1.709900058076042, 2.379451168918367, -1.830677096885287, 0.4096386131787516, -1.213984527081444]
    - time_from_start: 0
      positions: [-0.5924360746933836, -1.614756392135034, 2.58169285308165, -1.827620536666712, 0.468269932841648, -1.311152938975258]
    - positions: [0.2039005565967693, -0.2107579609708871, 0.7962301425624093, -2.163179832882346, -1.560522615370121, -0.1726893909840765]
      time_from_start: 0