joint_trajectory:
  points:
    - time_from_start: 0
      positions: [1.57, -1.5707, 0, -1.5707, -1.57, 3.14]
    - positions: [-0.464880194434326, -1.735014372188868, 2.552388049449932, -2.306533860817211, 0.7099512931877057, 2.045190743513869]
      time_from_start: 0
    - time_from_start: 0
      positions: [-0.5920235184802274, -1.642330163885839, 2.570310610857443, -2.273327511996431, 0.6125533701247463, 2.069598625716696]
    - positions: [-0.1474779811421818, -0.4643313583980876, 1.159551878169936, -2.257689547912148, -1.563986382129199, -0.1118314241222945]
      time_from_start: 0
  joint_names: [shoulder_pan_joint, shoulder_lift_joint, elbow_joint, wrist_1_joint, wrist_2_joint, wrist_3_joint]