joint_trajectory:
  points:
    - positions: [-0.3712021709820512, -0.7094000665455502, 0.09591866626676045, 0.8129457643827266, -1.841622073732368, 1.311853963713891, 0.1784251370492908, -0.1360864800516376, 0.3498336660464184, 0.4362544093378144, 0.6496472916017985, 0.4832127330166169, 0.2393996172318198, -0.3582838907228191, 1.308993192503008, 0.2618, -0.2033061841374428, 0.7619504874041787, 3.367246660430893e-05, -0.4362819011796649, 1.03400515701514, 0.2353112600823045, 0.09628284710183935, 0.4363126707756316, 0.8389992674786426, 0.382318115805274, 0.146402662454827, -0.436331841297001, 1.035991495320778, 0.185378882885668, 0.1547317200288991]
      time_from_start: 0
    - time_from_start: 0
      positions: [-1.824383562133066, -0.4358416172309161, 1.081005614544747, 1.39170770408324, -0.2265501800171877, -0.1806190934945399, 1.396152208154432, -0.1263131648717622, -0.01260008745030823, -0.06436491730651547, 0.8150449001620262, 0.5855247048951985, 0.8928427288566889, -0.08317966208834693, 0.8535398989622588, -0.0293828959926911, -0.005406760179745847, 1.099439869740924, 0.3012464503374004, -0.101690611355588, 0.8360186144734671, 1.095111492334678, 0.9984177862595671, 0.02089063739102408, 0.3616510274496442, 0.5481158188215485, 0.4906090966173351, -0.01806491401741494, 0.6172729887714159, 0.8349404475799602, 0.6248178500092842]
    - positions: [-1.80475185872246, -0.4906721013505015, 1.055921117903612, 1.434684995341092, -0.1870098437226245, -0.1612970680809679, 1.25285969981336, -0.1218970917247113, -0.02520407804408223, -0.02936603399174666, 0.759620340925574, 0.6373838172244781, 0.9293288711940838, -0.03286691001130464, 0.805888869150641, -0.02450855725051049, 0.03466280326926198, 1.058634110305377, 0.2962709506110994, -0.1219134385747914, 0.8053603635544523, 1.05716770748936, 0.9982505662963664, 0.04772777075896854, 0.3788915179091534, 0.558724978992619, 0.521792100845837, -0.01445670992110638, 0.659420833451507, 0.8406454781965005, 0.6196258263454182]
      time_from_start: 0
    - time_from_start: 0
      positions: [-1.623349344290021, -0.6674911432503874, 0.9199927364460436, 1.475938798313884, -0.2482790378087771, -0.1183301666431745, 0.8137389767281054, -0.108895587315462, -0.04365716240430276, 0.02515462746108527, 0.6996436554117067, 0.680147426832141, 0.9178906985078177, 0.02457085473611284, 0.7671214540373112, 0.01192720595660925, 0.04818403352675693, 0.9501018428120903, 0.2872393012772364, -0.1543654986620485, 0.7910382711681967, 0.9764319207889418, 0.955002338769592, 0.07075851079688283, 0.4448215449746941, 0.6148990291429101, 0.5255257867299288, -0.02256604062611631, 0.6859656742548507, 0.8658590113985731, 0.6269721441688858]
    - time_from_start: 0
      positions: [-0.2533413907943506, -1.226333771047137, -0.1558057828669007, 1.041685563654144, -1.706337736508984, 1.478142764508473, -0.5498479353240314, 0.130680510691051, 0.499338914148957, 0.4363323129985822, 0.5395199905658069, 0.7233194073872826, 0.1130464019627887, -0.4574714839248258, 1.308959323215842, 0.2616804439552141, -0.08775970674207639, 0.7315168350942329, 0.01091897602422295, -0.4363162772633767, 1.126768817083108, 0.154618916019515, 0.08034298931610478, 0.4363253076337845, 0.9403864660032244, 0.4157950622212906, 0.015947260100225, -0.4355358046833649, 0.9462499308043395, 0.3367549468123167, 0.08697532584573109]
  joint_names: [kuka_arm_0_joint, kuka_arm_1_joint, kuka_arm_2_joint, kuka_arm_3_joint, kuka_arm_4_joint, kuka_arm_5_joint, kuka_arm_6_joint, WRJ2, WRJ1, FFJ4, FFJ3, FFJ2, FFJ1, KTHJ5, THJ4, THJ3, THJ2, THJ1, LFJ5, LFJ4, LFJ3, LFJ2, LFJ1, MFJ4, MFJ3, MFJ2, MFJ1, RFJ4, RFJ3, RFJ2, RFJ1]