joint_trajectory:
  points:
    - time_from_start: 0
      positions: [0.02367011224859679, -0.7686628590078171, -0.8766775228857313, 0.8271938688717115, -1.421533399920877, 1.391323296571598, 0.1996446336497922, -0.4028431026280754, 0.5682517736551959, 0.4363323129985824, 0.5469702497978989, 0.105535074634213, 0.7016431374800017, -0.1541694417438627, 1.274996745529892, 0.2603020764730224, -0.5089470076282441, 0.8748848074761748, 0.01716135703276644, -0.4363307936372501, 0.7110729451359308, 0.4664888186120468, 0.1673376775988674, 0.4362985039258596, 0.6856362406911385, 0.0002831201837734152, 0.6652165607135916, -0.4362081476714609, 0.4818171054039606, 0.5866913452308524, 0.280087522385646]
    - positions: [1.79492139213549, -0.3579537727050845, -1.292270448211298, 1.561238849774978, -1.527200575672827, 0.5329366566865523, -0.4007864009330738, -0.224785682279981, -0.1998020567853619, 0.02487937015855162, 0.6728011256364846, 0.663146559208146, 0.753665759237342, -0.2102888478504069, 0.9530977968551001, 0.01888964538951994, -0.1750692137699247, 0.9663233020039694, 0.2364119319010177, -0.1733903745827052, 0.5832308003849563, 0.8994243765123775, 1.078687839066288, 0.1259498430134424, 0.9453302009291001, 0.6147159192150393, 0.7938746195451254, -0.2317197241468623, 0.4054987618350606, 0.6750228939954416, 0.8675385037420712]
      time_from_start: 0
    - time_from_start: 0
      positions: [1.684867156112356, -0.5891056355731628, -1.167629208957245, 1.67123929284591, -1.427694279273394, 0.5810508362466709, -0.8330334929362532, -0.2343404756385275, -0.1528890426456652, 0.03821087911981191, 0.6598639043449347, 0.7083349730703714, 0.852974783562348, -0.1351947330318317, 0.9099848145228172, 0.006057971319951453, -0.1686301878207945, 0.8988535261315824, 0.2365289181660024, -0.1640220602492887, 0.6326203843201623, 0.8875794448687571, 1.097976852961443, 0.1594573880406313, 0.9720786137419425, 0.5935233333910948, 0.7126506232877694, -0.2037331297112271, 0.4236379792842304, 0.6270613217713208, 0.818658852630709]
    - time_from_start: 0
      positions: [1.525197348017302, -0.9460210002914201, -1.133946764331094, 1.631748154263261, -1.194497499166456, 0.6173841126828247, -1.18207799964841, -0.2882951773509565, -0.1294881706961258, 0.01769645071542978, 0.5913327676845129, 0.7745881498377717, 0.9358316174463094, -0.09487348747031844, 0.8830784975618101, 0.01482774175204326, -0.2014430786507057, 0.8327563281876722, 0.2002242515952208, -0.1404246488952233, 0.695983925893022, 0.86833945586326, 1.037842821427365, 0.195932122248533, 0.8847679585947219, 0.6760586675747365, 0.7117718273660689, -0.1695454386539076, 0.3987180488858948, 0.673362784160901, 0.7867258741142392]
    - positions: [0.1149222068744447, -1.514976525766999, -0.7358721828041124, 1.143106249619461, 0.04604078311087315, 1.70439510239, -0.1483177619403515, -0.4652876235016903, -0.1448868634040774, 0.4363323129985822, 0.02431195915648975, 0.2258617437447589, 0.7083762304702783, 0.6292186859628205, 1.085812467219031, 0.2459940906977294, -0.5237000000000001, 0.4788471754390925, 0.03685330249508355, -0.4363323129985823, 0.1983975637380178, 0.08265914603803752, 0.6431946146388345, 0.4294665711359523, 0.01738906411986301, 0.407706439506016, 0.5342600550019604, -0.429874161827033, 0.1835130495311279, 0.2789888347627661, 0.5079620432217616]
      time_from_start: 0
  joint_names: [kuka_arm_0_joint, kuka_arm_1_joint, kuka_arm_2_joint, kuka_arm_3_joint, kuka_arm_4_joint, kuka_arm_5_joint, kuka_arm_6_joint, WRJ2, WRJ1, FFJ4, FFJ3, FFJ2, FFJ1, KTHJ5, THJ4, THJ3, THJ2, THJ1, LFJ5, LFJ4, LFJ3, LFJ2, LFJ1, MFJ4, MFJ3, MFJ2, MFJ1, RFJ4, RFJ3, RFJ2, RFJ1]