joint_trajectory:
  points:
    - positions: [-2.961868670854538, 0.8947122228128609, -1.369906642068637, -0.8275160032623254, 1.943522793999907, 1.400232106857741, 0.1568842376485783, -0.5223705965496181, 0.5527956695833512, 0.4362123957449695, 0.9385538760152121, 0.4370731046986517, 0.1971888314761056, -0.7536973663106843, 1.308991665496925, 0.2617659087817655, 0.02312317942435604, 0.7306226386230209, 0.08571560073343966, -0.4363045401079805, 1.100705844366998, 0.3629204608239689, 0.04078060028628742, 0.4362220779104772, 1.08011026361311, 0.2392087974605848, 0.2346803498203406, -0.4363323129985824, 0.8724164831621724, 0.7038419509253038, 0]
      time_from_start: 0
    - positions: [-1.338952717456502, 0.2415755775744491, -1.199523824398652, -1.491428747232423, 1.157728615436984, 0.3122850971808078, -1.591982505168228, -0.2543060338757474, 0.2115143862699729, 0.1087575872674661, 0.6489460511865398, 0.6534170849983939, 0.8963609806262127, -0.2647959739370029, 0.7943384345790312, -0.002216513072968357, -0.04535570476155823, 0.7048672884946144, 0.388639474073131, 0.02576993468024259, 1.049318000613165, 0.8511955474105886, 0.9659920718720819, 0.1035757941330068, 0.8009163574103347, 0.9812041428268886, 0.6030715699406908, -0.01985358969695884, 0.6115245099658004, 0.5079463367330425, 0.6539554523889388]
      time_from_start: 0
    - time_from_start: 0
      positions: [-1.622400462383861, 0.8909713573764446, -1.057240876461895, -1.471723622781598, 0.1953131833602442, 0.7719264935791155, -0.9674913449769491, -0.3120853778890736, 0.04664810620974393, 0.1425655254490034, 0.6276615839673283, 0.6501985466372318, 0.4687655684845445, -0.386489899227343, 0.9736549075182015, 0.1343379673156551, 0.0108158111138366, 0.6764634019393662, 0.2540156501171453, -0.1418788819744365, 0.9364035897962747, 0.6307218422438676, 0.4185009285491824, 0.08919959844912168, 0.6686275715347063, 0.4917695208595226, 0.6410057864308727, -0.1433931468559006, 0.7977744603981034, 0.6199362909084516, 0.5785903257081846]
    - time_from_start: 0
      positions: [-1.714365863274982, 0.955558359641457, -1.035786309386395, -1.44993295240488, 0.3097596159139716, 0.8313651793932328, -0.8905705740526351, -0.3114025183521117, 0.07713813395482108, 0.1673561031044409, 0.6486178773581703, 0.6441946633637089, 0.4255927362982845, -0.4017446617835062, 0.9968535753153682, 0.1442807514768952, 0.008929182586334673, 0.6752782707444135, 0.2309179481254513, -0.1680974118229498, 0.9422936652198994, 0.6045449145563517, 0.376216195582876, 0.115000825643184, 0.6875597453014026, 0.4503210353015082, 0.6303802255523598, -0.1653859995506046, 0.8066215587713086, 0.6400203666322789, 0.5408966226700329]
    - time_from_start: 0
      positions: [-2.883347977883234, 1.433512766515992, -1.160526309183011, -1.254562706167069, 2.366082228653235, 1.463004220405733, -0.5148735406495117, -0.3415082714537173, 0.5705447879761707, 0.4363323129985823, 0.8590091372269648, 0.5044336789305806, 0.17465953585387, -0.6809018533678008, 1.308999853965703, 0.2617926668398643, -0.02861649282721969, 0.7328348749774333, 0.03046021743589003, -0.4363323129985822, 1.092748226249507, 0.3015502541503328, 0.1053423805560551, 0.4363319407913028, 1.041676173305405, 0.1524077913765275, 0.3575369561129711, -0.4363323129985823, 0.9014929258137745, 0.649717896642053, 0.0006615396402509191]
  joint_names: [kuka_arm_0_joint, kuka_arm_1_joint, kuka_arm_2_joint, kuka_arm_3_joint, kuka_arm_4_joint, kuka_arm_5_joint, kuka_arm_6_joint, WRJ2, WRJ1, FFJ4, FFJ3, FFJ2, FFJ1, KTHJ5, THJ4, THJ3, THJ2, THJ1, LFJ5, LFJ4, LFJ3, LFJ2, LFJ1, MFJ4, MFJ3, MFJ2, MFJ1, RFJ4, RFJ3, RFJ2, RFJ1]