joint_trajectory:
  points:
    - positions: [2.405435629858295, 0.7707648767686659, -2.224320541279042, 0.9393152836575164, 0.7953545291782116, -0.7704442316555967, -2.933103016786502, -0.3949589728130118, 0.1578571554465602, 0.4363025859054905, 0.5907998242558343, 0.0324056936010451, 0.8582282964930543, -0.6702323880339033, 1.309, 0.2617722564977892, -0.1034422761413053, 0.8824982997602805, 0.04387226737895659, -0.436086206767671, 0.4588449555547078, 0.9564436465349834, 0.01059175809180307, 0.4363242610720881, 1.145367305553146, 0.04095417573567696, 0.2792864651339428, -0.4355857677730351, 0.9987845841963042, 0.4268575146539164, 0.02634627119438172]
      time_from_start: 0
    - positions: [0.6463639505270878, 0.6816096904154807, -0.7517107913959767, 1.717704686775853, -0.1000340495359577, -0.4296823082146761, 0.9528879703616262, -0.3162827828292727, -0.06939292457062457, -0.09184180959532309, 0.7331895988013702, 0.5306569059188316, 0.8153308678978359, -0.04157344310652294, 0.673392167745415, 0.04971655598497593, -0.1026256087730711, 0.7216811195386034, 0.105961432611252, -0.0007337567435510145, 0.6733182917519229, 0.6472446644931368, 0.7768399656736984, 0.04930221676422415, 0.7786406068504209, 0.6920563232472186, 0.8428991220678534, 0.1075562479050176, 0.9130666740596092, 0.8881631924542962, 0.9380258956654906]
      time_from_start: 0
    - positions: [0.7605003315417604, 0.6272745659558606, -1.342483190427816, 1.692813705605344, 0.170597326514837, -0.4451635892042057, 0.9076729079613467, -0.3413833269071347, 0.02047644094604839, -0.0636915410655691, 0.6234279484944818, 0.5139097358860548, 0.8096545836036777, 0.09673015590377748, 0.6977577995862319, 0.04157064633548835, -0.1014520396521328, 0.7443503420578335, 0.1242581675384237, 0.02026066493032692, 0.7786415212657145, 0.5332946643595176, 0.6461491086664071, 0.1215534052283027, 0.903911757282102, 0.670282736131849, 0.7601173511867455, 0.08923131562788394, 0.9520354963909246, 0.9407366534579513, 0.8312720134645428]
      time_from_start: 0
    - time_from_start: 0
      positions: [2.022272811495883, 0.9904604750777507, -2.49150928719992, 1.736777267116107, -0.3572348689142405, -0.2847846183869303, -0.245682351633962, -0.009741568076364504, 0.1555330031722986, 0.375533146869271, 0.2635839803228648, 0.8528143665678695, 0.1380134723754785, -0.552471181146201, 1.212977060706825, -0.1766213990639895, 0.3239829875782598, 0.4022651544535698, 0.07817601806684842, 0.4121784033738347, 0.1255853562026274, 0.569866378758684, 0.897411832603985, 0.2419407158209888, 1.519290215592489, 0.9117764616503498, 0.5312131773592428, 0.1569673268398499, 1.096452972345944, 0.7456860375611096, 0.01495619228660405]
    - positions: [2.245758576151527, 1.470255917870762, -1.925780293889293, 1.278648813113072, -0.4169824601482743, -0.3571650709235701, -2.843586069586423, -0.4047374403317382, 0.6055061841219879, 0.4363323129985823, 0.7204815772069614, 0.06528998759107794, 0.7206141802283972, -0.7912290550809393, 1.309, 0.2616974392786875, -0.06772386308014916, 0.9480869991477167, 0.02510949683466871, -0.436186604785523, 0.8323754189429716, 0.5540836376963361, 0.0971754356194499, 0.4363323129985823, 1.114062238219138, 0.001986287724062165, 0.3695707917420183, -0.4352458068286997, 0.8883879554562101, 0.4341136877107706, 0.1726676724448531]
      time_from_start: 0
  joint_names: [kuka_arm_0_joint, kuka_arm_1_joint, kuka_arm_2_joint, kuka_arm_3_joint, kuka_arm_4_joint, kuka_arm_5_joint, kuka_arm_6_joint, WRJ2, WRJ1, FFJ4, FFJ3, FFJ2, FFJ1, KTHJ5, THJ4, THJ3, THJ2, THJ1, LFJ5, LFJ4, LFJ3, LFJ2, LFJ1, MFJ4, MFJ3, MFJ2, MFJ1, RFJ4, RFJ3, RFJ2, RFJ1]