joint_trajectory:
  joint_names: [kuka_arm_0_joint, kuka_arm_1_joint, kuka_arm_2_joint, kuka_arm_3_joint, kuka_arm_4_joint, kuka_arm_5_joint, kuka_arm_6_joint, WRJ2, WRJ1, FFJ4, FFJ3, FFJ2, FFJ1, KTHJ5, THJ4, THJ3, THJ2, THJ1, LFJ5, LFJ4, LFJ3, LFJ2, LFJ1, MFJ4, MFJ3, MFJ2, MFJ1, RFJ4, RFJ3, RFJ2, RFJ1]
  points:
    - time_from_start: 0
      positions: [-0.6918104267420944, -0.8016518019503228, 0.9999589117582807, 0.7705392617877305, 0.09965925012926911, -0.9553302767355903, -2.574849439937614, -0.4577347592630107, 0.6058852348046724, 0.4361960599608398, 0.5555803091961568, 0.1935097066848375, 0.6672888554484533, -0.3421990331225668, 1.309, 0.261773910811878, -0.3130516434162532, 0.797763169528482, 0.001047078889512857, -0.4362617564282447, 0.6216503937413649, 0.7985503754961543, 0.004651137747626782, 0.4363323129985824, 0.4231358832944334, 1.014015842081076, 0.0005189153773592482, -0.4362634971740983, 0.6051779868645822, 0.7778214615704582, 0.03271838543235168]
    - positions: [-1.865392481712055, 0.07364561436025974, 1.110402797332666, 1.724805880172655, -0.600251096514251, -0.3458397088771183, 1.500333549220452, -0.1859241656167815, 0.0191300058434284, -0.03982684484429323, 0.7199849348318328, 0.8706108108323525, 0.701361455686472, 0.09975268726668873, 0.6019025160490246, 0.06169015277640792, 0.01398066307467777, 0.8429309908042895, 0.3294616409514234, 0.06002118383521914, 0.7993615117285331, 0.7248514463108556, 0.6830838757935699, -0.03569929607943316, 0.5365808772567653, 0.677282060071104, 0.6027764355555727, 0.0288563205520013, 0.6047368326141708, 0.8272519438268366, 0.7275873748812592]
      time_from_start: 0
    - positions: [-1.780515050609926, -0.1833131972944602, 1.158637969104801, 1.74530814012013, -0.5480624656826154, -0.3923332594248988, 1.389074485624738, -0.1656944839456085, 0.06183739250167652, -0.03146002990315892, 0.7795980846723771, 0.8960491821722651, 0.7869089384881609, 0.1506370170979601, 0.626615771681662, 0.05958695693522462, 0.03459159690562329, 0.8174368628993423, 0.3349685828431354, 0.06448634957992984, 0.8457395563133567, 0.7012968151745781, 0.7445670673202771, -0.01182671500969803, 0.5936234387531638, 0.6607890498474236, 0.5317742934241305, 0.01830576254092194, 0.6123930831427462, 0.8567456303857672, 0.7447830690923366]
      time_from_start: 0
    - time_from_start: 0
      positions: [-1.37286237601299, -0.7203963245806813, 0.8658393526916464, 1.657142266863112, -0.3556847171377241, -0.01261527803223706, 0.2149056439784677, -0.1141860507609715, 0.1136597649858089, -0.06854948369101135, 0.9200062670599362, 0.5586941056589858, 0.9131691910033978, 0.3462867312002179, 0.7630069670854829, -0.01873717457227555, -0.1809626082347894, 0.8913701811896904, 0.3742594113230907, -0.04531930317799203, 0.9974357484009188, 0.8066513835228897, 0.675807382629689, 0.1680258014495846, 0.6213394713907607, 0.7025459600157431, 0.6052578246284712, -0.1011172188415341, 0.6167529208387253, 0.785060598485481, 0.6765838762349599]
    - time_from_start: 0
      positions: [-0.906033152557166, -1.570686077149526, 1.345423125226396, 1.179792745722381, -0.4181189455989894, -0.6867514079741387, -2.889825728748345, -0.1839365151902008, 0.6103921419126316, 0.4362986709984812, 0.6569631083307578, 0.1755678035419513, 0.5967969722964803, -0.2992541327148112, 1.308617420026651, 0.2606605694265867, -0.403213227497505, 0.8511805469194014, 0.04265336616777007, -0.4359174934952989, 0.5985840548414554, 0.7216376621860023, 0.06380437513484535, 0.4363323129985823, 0.5401234707947336, 0.8847235294160443, 0.0007053379508983939, -0.4360721819177078, 0.5067759767214826, 0.7447237832843177, 0.172150503499173]