joint_trajectory:
  joint_names: [kuka_arm_0_joint, kuka_arm_1_joint, kuka_arm_2_joint, kuka_arm_3_joint, kuka_arm_4_joint, kuka_arm_5_joint, kuka_arm_6_joint, WRJ2, WRJ1, FFJ4, FFJ3, FFJ2, FFJ1, KTHJ5, THJ4, THJ3, THJ2, THJ1, LFJ5, LFJ4, LFJ3, LFJ2, LFJ1, MFJ4, MFJ3, MFJ2, MFJ1, RFJ4, RFJ3, RFJ2, RFJ1]
  points:
    - positions: [0, 0, 0, 0, 0, 0, 0, 0, 0, 0, 0, 0, 0, 0, 0, 0, 0, 0, 0, 0, 0, 0, 0, 0, 0, 0, 0, 0, 0, 0, 0]
      time_from_start: 0
    - time_from_start: 0
      positions: [0.5894058144779208, 1.565356751181287, 0.3200210517714606, 1.814319115248031, -0.7319229383522901, 1.235916553552778, 2.686735782891241, -0.1860333575693964, 0.5125240133782534, 0.06043972410948945, 0.25600273887799, 0.5550451307358638, 0.9237867776644032, -0.2207896659239195, 0.4173229755500797, -0.0413618473989889, -0.4553288965817541, 0.5887552130462136, 0.2130911816878071, -0.3449402106332193, 0.6920651675871, 0.5181050488561518, 0.1551609118971553, 0.2740530676261628, 1.160198038627332, 1.1309856576545, 0.8557917830230201, 0.08789146984520552, 0.221815745572602, 0.7659375793436219, 0.303536771341091]
    - positions: [1.204097282032979, -0.8996261809602468, 0.6848284776552337, 1.195823268785348, 1.838164539131332, 0.09296509414020659, -0.5545523039910093, -0.5194925252647967, -0.7846962381429574, 0.03257007941904961, 0.001334950141821526, 0.154153258058838, 0.1522564058585676, -0.2250715155261598, 0.338832604021612, -0.1370319717355735, 0.1340885296032188, 0.6939245729736138, 0.0001660178841452525, -0.003158994230697363, 3.6436786072743e-05, 0.2921581038880487, 0.01075237408720346, 0.01050603324642344, 0.01191308853917633, 0.04506152920012706, 0.2527862384789231, -0.007653572482322141, 5.066923530643746e-05, 0.2471351612844087, 0.06817668011752069]
      time_from_start: 0