joint_trajectory:
  points:
    - time_from_start: 0
      positions: [0, 0, 0, 0, 0, 0, 0, 0, 0, 0, 0, 0, 0, 0, 0, 0, 0, 0, 0, 0, 0, 0, 0, 0, 0, 0, 0, 0, 0, 0, 0]
    - time_from_start: 0
      positions: [-1.429717720659917, 0.6749152426303798, -2.927032175811315, 1.16205955796711, -0.9062222634981966, -0.0009062124436775582, 2.870168221755886, -0.2320209559472296, -0.7675075294147631, -0.2516558318466597, 0.1276107499462081, 0.169701713577023, 0.1765509921679344, -0.0560054491149853, 0.5020258099479196, -0.2240150942581486, -0.1561114775508044, 0.6549728823100806, 0.01642707225932125, 0.2265507725346263, 0.1193597304581387, 0.1739925968420385, 0.1285109043535204, -0.2680573757410821, 0.03680107033280703, 0.04305059203856789, 0.2282939535061642, 0.2777200202313082, 0.0320288013958426, 0.05790138628201173, 0.2096934138499999]
    - time_from_start: 0
      positions: [-1.64338795698509, 0.7260236625857603, -2.965191214634658, 1.398724260581039, -1.245676304887607, -0.09625240634137565, 2.967021563981741, -0.2670306626845854, -0.7853981633974482, -0.2707894811493829, 1.429757946646377e-16, 0.07418459121429655, 0.08785235426748723, -0.08634964470714108, 0.4239647447286562, -0.2617181730871303, -0.1893572362447407, 0.7198324552497335, 0.0002963170926433639, 0.2664193624253001, 0.001676893190792944, 0.03999282257389882, 0.1204711540329614, -0.2647476680667121, 0.005693265894781922, 0.02444853853806788, 0.1308253583284793, 0.2628302917208802, 0.01835575463517316, 0.001243312707547668, 0.1479678101781559]
  joint_names: [kuka_arm_0_joint, kuka_arm_1_joint, kuka_arm_2_joint, kuka_arm_3_joint, kuka_arm_4_joint, kuka_arm_5_joint, kuka_arm_6_joint, WRJ2, WRJ1, FFJ4, FFJ3, FFJ2, FFJ1, KTHJ5, THJ4, THJ3, THJ2, THJ1, LFJ5, LFJ4, LFJ3, LFJ2, LFJ1, MFJ4, MFJ3, MFJ2, MFJ1, RFJ4, RFJ3, RFJ2, RFJ1]