joint_trajectory:
  points:
    - time_from_start: 0
      positions: [0, 0, 0, 0, 0, 0, 0, 0, 0, 0, 0, 0, 0, 0, 0, 0, 0, 0, 0, 0, 0, 0, 0, 0, 0, 0, 0, 0, 0, 0, 0]
    - time_from_start: 0
      positions: [-1.967417636750939, 0.009987888725003377, -0.3584311955908852, -1.933830826100275, 2.506314594992904, -0.2772835637548419, 1.473477132954569, -0.05589998697312037, -0.07231513234617948, -0.4126683774775026, 0.2653057557811588, 0.6238900214902827, 0.4587856645797442, -0.5065552004417271, 0.02102083058422431, 0.2089808849574998, -0.1387902367473861, 1.543115137876221, 0.5506124139015898, -0.1927312306706323, 0.1384573079571564, 0.5921828231749873, 0.3095200676355626, -0.2151146597414091, 0.8462084851474816, 0.1622761148336012, 0.4201947324131708, -0.228793236366173, 0.1187270144150969, 0.7933019013294961, 0.2498426817020958]
    - time_from_start: 0
      positions: [-1.761465453465121, 1.014795577662366, -0.9293378597754587, -1.456650797984681, 2.963306488182824, -0.1632700600945946, 2.709639274181802, 0.1519762911021653, -0.7809961986398009, -0.4042434032565405, 0.0142240726666143, 0.2000821347053911, 0.04991187031907859, -0.0912158281716435, 0.5107503803689963, -0.2617907813600395, -0.5209468235140389, 0.9126452563887224, 0.001873334330192302, 0.3754071143906234, 0.02494113901143368, 0.1140240055565302, 0.1093441551302581, -0.4000333411145919, 0.1725644033184219, 0.03222067358729503, 0.07257839545837982, 0.3875836106440028, 0.1105844152992232, 0.1025301891446931, 0.05798451547945527]
  joint_names: [kuka_arm_0_joint, kuka_arm_1_joint, kuka_arm_2_joint, kuka_arm_3_joint, kuka_arm_4_joint, kuka_arm_5_joint, kuka_arm_6_joint, WRJ2, WRJ1, FFJ4, FFJ3, FFJ2, FFJ1, KTHJ5, THJ4, THJ3, THJ2, THJ1, LFJ5, LFJ4, LFJ3, LFJ2, LFJ1, MFJ4, MFJ3, MFJ2, MFJ1, RFJ4, RFJ3, RFJ2, RFJ1]