joint_trajectory:
  joint_names: [kuka_arm_0_joint, kuka_arm_1_joint, kuka_arm_2_joint, kuka_arm_3_joint, kuka_arm_4_joint, kuka_arm_5_joint, kuka_arm_6_joint, WRJ2, WRJ1, FFJ4, FFJ3, FFJ2, FFJ1, KTHJ5, THJ4, THJ3, THJ2, THJ1, LFJ5, LFJ4, LFJ3, LFJ2, LFJ1, MFJ4, MFJ3, MFJ2, MFJ1, RFJ4, RFJ3, RFJ2, RFJ1]
  points:
    - positions: [0, 0, 0, 0, 0, 0, 0, 0, 0, 0, 0, 0, 0, 0, 0, 0, 0, 0, 0, 0, 0, 0, 0, 0, 0, 0, 0, 0, 0, 0, 0]
      time_from_start: 0
    - time_from_start: 0
      positions: [-2.570966306523537, 0.6658271888209695, -0.8340808840130456, -1.279289524935696, -1.087895125718081, 0.01295396531269453, -0.1703705225639646, -0.2292364291633877, -0.6829512488956189, -0.3255895706135671, 0.2151166041153327, 0.3978457908242299, 0.231461846379106, 0.03451790975101644, 0.3945829127260919, -0.1533190467343363, -0.3895810428353631, 0.7701690564916919, 0.05499081865768293, 0.3414936068457685, 0.2741064601556349, 0.2439143526018359, 0.1364329706440946, -0.3484381779892366, 0.08738969862722298, 0.2640782108769027, 0.3374891412052253, 0.3420100331517613, 0.2632229660660677, 0.1712633000885708, 0.1354051646578225]
    - positions: [-2.829251216429914, 0.779574278037939, -0.5189909068803027, -1.381782264118069, -1.201234479897597, 0.01269049695410136, 0.3228029879637408, -0.3041467428243878, -0.7754353570440885, -0.4061589704188071, 0.004566686188523706, 0.243882972554571, 0.001300805507581224, -0.0925825725829208, 0.4040900186404149, -0.1747741772953438, -0.51510765455008, 0.9114796248024549, 9.606176258152829e-17, 0.3951769637136335, 0.1307895511829434, 0.04539512328844104, 0.04737949430744828, -0.4149188928386277, 0.006192966634826038, 0.04136137624237343, 0.2084452807960922, 0.4329941459315925, 0.09559919399772801, 0.008664553717461845, 0.1378458339779806]
      time_from_start: 0