joint_trajectory:
  joint_names: [kuka_arm_0_joint, kuka_arm_1_joint, kuka_arm_2_joint, kuka_arm_3_joint, kuka_arm_4_joint, kuka_arm_5_joint, kuka_arm_6_joint, WRJ2, WRJ1, FFJ4, FFJ3, FFJ2, FFJ1, KTHJ5, THJ4, THJ3, THJ2, THJ1, LFJ5, LFJ4, LFJ3, LFJ2, LFJ1, MFJ4, MFJ3, MFJ2, MFJ1, RFJ4, RFJ3, RFJ2, RFJ1]
  points:
    - positions: [0, 0, 0, 0, 0, 0, 0, 0, 0, 0, 0, 0, 0, 0, 0, 0, 0, 0, 0, 0, 0, 0, 0, 0, 0, 0, 0, 0, 0, 0, 0]
      time_from_start: 0
    - positions: [0.06214610361624384, 1.454990785127575, 1.629591626953362, 0.6423329617337115, 1.481332767023751, 1.175643654682252, 2.617358802252644, -0.4860929231956679, -0.4905724968507484, 0.2638692881038848, 1.35211650411545, 1.400023627136412, 0.7948667503481945, 0.5324503838522359, 0.3993811540186871, 0.1366707904648967, -0.1134177281076089, 0.7938889891679864, 0.5384799334646048, -0.3663881212692316, 1.034296084088817, 1.497296854179318, 0.05446227972667302, -0.2711943174366316, 0.6428465743495719, 0.3154419364961117, 0.6644429288272116, 0.2009789419415471, 0.03041433494760747, 0.7712901519225951, 1.425501506677995]
      time_from_start: 0
    - time_from_start: 0
      positions: [1.242885822838845, -0.4185927487125271, 2.840760550290423, -1.736158937776981, 1.320785449525425, -0.06948985170845849, -2.699588586383622, 0.1537523849602655, -0.7853884899584819, -0.3464257404667617, 0.02584201345866682, 0.1199635430496477, 0.1324956597253349, -0.1252019788412567, 0.4058093051911204, -0.1527414727864058, -0.1629000102652881, 0.6228029868629602, 0.01017540743779394, 0.3481764666963735, 6.151578921316903e-06, 0.06028746788070798, 0.2032367183302635, -0.368615527438462, 0.05339378585484551, 0.1097067904967228, 0.1028945901541842, 0.3551880088333025, 0.007389183504761828, 0.2528652546895925, 0.004900209625145072]