joint_trajectory:
  joint_names: [kuka_arm_0_joint, kuka_arm_1_joint, kuka_arm_2_joint, kuka_arm_3_joint, kuka_arm_4_joint, kuka_arm_5_joint, kuka_arm_6_joint, WRJ2, WRJ1, FFJ4, FFJ3, FFJ2, FFJ1, KTHJ5, THJ4, THJ3, THJ2, THJ1, LFJ5, LFJ4, LFJ3, LFJ2, LFJ1, MFJ4, MFJ3, MFJ2, MFJ1, RFJ4, RFJ3, RFJ2, RFJ1]
  points:
    - time_from_start: 0
      positions: [0, 0, 0, 0, 0, 0, 0, 0, 0, 0, 0, 0, 0, 0, 0, 0, 0, 0, 0, 0, 0, 0, 0, 0, 0, 0, 0, 0, 0, 0, 0]
    - time_from_start: 0
      positions: [-0.2385558528340061, -0.6291327320656221, -1.42609963161187, -1.297341801075015, 0.9476799383416354, -0.5690791639645527, 1.932749469251978, -0.2370385035425675, -0.5084924354891696, -0.00103656064360246, 0.1912282396718488, 0.426027779312017, 0.1386891272295426, -0.1396781180473857, 0.4503107374504565, -0.1727858376820686, -0.3595048106860457, 1.04545532171664, 0.05981255916351905, -0.01127835232488004, 0.06780790914682354, 0.1893820094750253, 0.2684049726084153, 0.03927684182747807, 0.1263958428587304, 0.08438786357363465, 0.2745153981512127, -0.01216942557161532, 0.2945410278082465, 0.2189315894945541, 0.2127500239989986]
    - positions: [-0.2440776995151615, -1.030030051546253, -1.691145024731054, -1.564659235786176, 1.160727978564718, -0.8195619966288142, 2.948403037354517, -0.314972450224183, -0.779904310104702, 0.003095919632588126, 0.000928675576065869, 0.2266499039437233, 0.002832287918598149, -0.1467352897465701, 0.4276770446208273, -0.2615102969707221, -0.4951731175202428, 1.295767357986531, 0.0002416217811223027, -0.003954577859720062, 0.0005683522846198222, 0.0005748317585973535, 0.2199872670839189, 0.01624465239631128, 2.082962879436815e-17, 1.887873938247536e-16, 0.2438121925278256, -0.000338255968855793, 0.1737102986001561, 0.02549846647248936, 0.03575026026604098]
      time_from_start: 0