joint_trajectory:
  joint_names: [kuka_arm_0_joint, kuka_arm_1_joint, kuka_arm_2_joint, kuka_arm_3_joint, kuka_arm_4_joint, kuka_arm_5_joint, kuka_arm_6_joint, WRJ2, WRJ1, FFJ4, FFJ3, FFJ2, FFJ1, KTHJ5, THJ4, THJ3, THJ2, THJ1, LFJ5, LFJ4, LFJ3, LFJ2, LFJ1, MFJ4, MFJ3, MFJ2, MFJ1, RFJ4, RFJ3, RFJ2, RFJ1]
  points:
    - time_from_start: 0
      positions: [0, 0, 0, 0, 0, 0, 0, 0, 0, 0, 0, 0, 0, 0, 0, 0, 0, 0, 0, 0, 0, 0, 0, 0, 0, 0, 0, 0, 0, 0, 0]
    - positions: [-0.4047423591692986, -0.4507177879921321, -0.2533099272711351, 1.095627664150491, -1.38342473943189, 0.2105611240156227, -0.4129721501794849, -0.01434780016831925, -0.4991223186957445, -0.1497801579286901, 0.2398000673797629, 0.216669347858116, 0.3372086648294137, -0.1464901865779473, 0.3310277836389375, -0.1005221345849613, -0.2506945620051149, 0.7004790303724375, 0.1304073897828769, 0.1323386888053811, 0.3262657498371943, 0.305760716090996, 0.3920900937597321, -0.1757264617864422, 0.327235878627217, 0.3049106664703967, 0.3424318199116904, 0.136148101195906, 0.1507014948217533, 0.3509003870474672, 0.3910412978496041]
      time_from_start: 0
    - positions: [-0.9365620014744093, -1.10040972949749, -0.5709809832214184, 1.140390582804309, -2.525797664802448, 0.07088942605810138, -1.638339048767646, 0.1421914039207084, -0.7631355100366362, -0.3569186863734718, 0.01386037618762623, 0.0552958976249842, 0.09939336054316433, -0.08538983324141847, 0.4365907653985716, -0.2618, -0.43957871835952, 0.8712718347776613, 0.01819804073585106, 0.3648860264445607, 0.05050997334252881, 0.04732688922450311, 0.09953155504856062, -0.3576696741586487, 0.05163159857901616, 0.0829975213806968, 0.03595399453020762, 0.3494639210019104, 0.00314157249121022, 0.02870265199648468, 0.1390222425157691]
      time_from_start: 0