joint_trajectory:
  joint_names: [kuka_arm_0_joint, kuka_arm_1_joint, kuka_arm_2_joint, kuka_arm_3_joint, kuka_arm_4_joint, kuka_arm_5_joint, kuka_arm_6_joint, WRJ2, WRJ1, FFJ4, FFJ3, FFJ2, FFJ1, KTHJ5, THJ4, THJ3, THJ2, THJ1, LFJ5, LFJ4, LFJ3, LFJ2, LFJ1, MFJ4, MFJ3, MFJ2, MFJ1, RFJ4, RFJ3, RFJ2, RFJ1]
  points:
    - time_from_start: 0
      positions: [0, 0, 0, 0, 0, 0, 0, 0, 0, 0, 0, 0, 0, 0, 0, 0, 0, 0, 0, 0, 0, 0, 0, 0, 0, 0, 0, 0, 0, 0, 0]
    - time_from_start: 0
      positions: [1.979411192528013, 0.7746067115282559, 1.281889830459462, -1.145881170828836, -1.39007981013358, 0.6855075201675096, -8.19338974674612e-05, -0.281278998023118, -0.5628535311741549, -0.3197798830429064, 0.2309816569492903, 0.1998960256881884, 0.2439731335435698, -0.1506786942777299, 0.5868493072774237, -0.1622669770068574, -0.3178609916090196, 0.9161138362668966, 0.09759673666071193, 0.3121246691393986, 0.4217383849091838, 0.4321440907193994, 0.1919645975845902, -0.2639214917422082, 0.3553403426685063, 0.2551081384849917, 0.2419389577054191, 0.2059444071411818, 0.2524671567581033, 0.3031554105100797, 0.2837124865518797]
    - positions: [2.056838066923668, 0.8120278695896627, 1.310146848565287, -1.198388038680398, -1.492017538245994, 0.7140605607260744, 0.03047261053052016, -0.2929102721671319, -0.5908372351899281, -0.3283612305401791, 0.2291513935846371, 0.1973176394533389, 0.2355254995942631, -0.1542320347870637, 0.591937039718563, -0.1719735262772125, -0.3324949595240835, 0.9342126386123848, 0.09321028319577143, 0.3195438449879665, 0.4118738958624625, 0.4225890908796266, 0.182720244436794, -0.2755122088185221, 0.3482326969306768, 0.2495534258781328, 0.2367849159133182, 0.2189982075852961, 0.2511306078283743, 0.2969533091593161, 0.2729924274481262]
      time_from_start: 0
    - time_from_start: 0
      positions: [2.467264892333668, 1.107937048835454, 1.306820105523504, -1.707881172300955, -2.503173175886844, 0.8715540361731666, 0.3899281211678087, -0.3869651811396637, -0.7853366260866588, -0.3440477682033062, 0.1501424829012026, 0.1167748130877612, 0.09639035482877571, -0.1814575858606292, 0.5760300481442233, -0.2476699351510904, -0.4670984136815305, 0.9259454608774231, 0.00896956779445122, 0.3637692772335408, 0.1713870590724753, 0.2049076802959431, 0.006215844694730216, -0.3334612071950971, 0.1909743030140238, 0.1423618526220114, 0.07764927000446538, 0.3439846280505361, 0.1749003654305251, 0.1129826388079654, 0.08188509664781736]