joint_trajectory:
  joint_names: [kuka_arm_0_joint, kuka_arm_1_joint, kuka_arm_2_joint, kuka_arm_3_joint, kuka_arm_4_joint, kuka_arm_5_joint, kuka_arm_6_joint, WRJ2, WRJ1, FFJ4, FFJ3, FFJ2, FFJ1, KTHJ5, THJ4, THJ3, THJ2, THJ1, LFJ5, LFJ4, LFJ3, LFJ2, LFJ1, MFJ4, MFJ3, MFJ2, MFJ1, RFJ4, RFJ3, RFJ2, RFJ1]
  points:
    - time_from_start: 0
      positions: [0, 0, 0, 0, 0, 0, 0, 0, 0, 0, 0, 0, 0, 0, 0, 0, 0, 0, 0, 0, 0, 0, 0, 0, 0, 0, 0, 0, 0, 0, 0]
    - positions: [0.2567420311538826, 0.5092503275643527, 2.132080845524294, -2.015564225624826, -0.6538268447016082, 1.063849645263224, -2.083921965883182, -0.2453586664463199, 0.5347114680332108, -0.4023806895581399, 1.127678878359594, 0.5656288840487814, 0.4654645380877484, -0.03477522284723822, 0.008374429820338264, -0.08136535194795577, -0.06552316333372149, 1.402479918494355, 0.0955561015497859, -0.1474178696126575, 0.1293117634964489, 0.5741708338209637, 1.125108047799904, 0.04624308735306082, 0.8164083115949048, 1.444655790062151, 0.8041944952290376, -0.1447251835848096, 1.381336791794771, 1.361028493895568, 0.1148878348648272]
      time_from_start: 0
    - time_from_start: 0
      positions: [-0.7369094559118516, -0.7562697107456298, 2.859395235205633, -1.47967667167227, 1.573965520480219, 0.1822105463620446, -2.96705972839, -0.0307295614589204, -0.7853981633974482, -0.3505704398632422, 5.219343831006424e-17, 0.03449928871261788, 0.09768628280720822, -0.04869300421656178, 0.3845827923814842, -0.2617999999999999, -0.2120916780900129, 0.6251676361281421, 2.214421681475356e-16, 0.3339591627027541, 0.00143839187627991, 0.07818647110494968, 0.04293654322458663, -0.3639291737525185, 0.01246216587853127, 0.003652919511650896, 0.1055437798036258, 0.3663251409310527, 0.00521741423020117, 0.004362241037635122, 0.1100600402668816]