joint_trajectory:
  points:
    - positions: [0, 0, 0, 0, 0, 0, 0, 0, 0, 0, 0, 0, 0, 0, 0, 0, 0, 0, 0, 0, 0, 0, 0, 0, 0, 0, 0, 0, 0, 0, 0]
      time_from_start: 0
    - time_from_start: 0
      positions: [-1.131790728195751, -0.5677445711183758, 2.0534531274051, -1.041197352099855, -0.7862619463390245, 0.3644107740084214, -0.3271408963391148, -0.1844753342428367, -0.7121528431820074, -0.2437396664645441, 0.06911804151099663, 0.1987722135220297, 0.08450898339076832, -0.1376600958357762, 0.476813163349082, -0.172920800143768, -0.05965927440211569, 0.7301458593453574, 0.09779712050604709, 0.1928386575210082, 0.1857492004784048, 0.1828295189160933, 0.1317005420780365, -0.2544969758578466, 0.0873787363144681, 0.1375178108281035, 0.1261859667902763, 0.2529242763066055, 0.2022598282645782, 0.2082186742221536, 0.1990205751229821]
    - positions: [-1.097209240352958, -0.8785101112076775, 2.791875131620269, -1.316916242143707, -0.8247864672730364, 0.04322826933995563, -0.2769802680339044, -0.08597473119050628, -0.7853944535855244, -0.3147613024279637, 0.01469408800318166, 0.1297650545329181, 0.05311709078631955, -0.07884564547064415, 0.4404132277445477, -0.2563271096808384, -0.1517583173703596, 0.6357906015357045, 0.001324379423156928, 0.2965512224655959, 0.05146235586937738, 0.09225359510721635, 0.04693874114317757, -0.3042186118894581, 0.01566525032825919, 0.1525846240720165, 0.03527036127478181, 0.2983574375116336, 0.1152119088514874, 0.04443541520530617, 0.0327442233562549]
      time_from_start: 0
  joint_names: [kuka_arm_0_joint, kuka_arm_1_joint, kuka_arm_2_joint, kuka_arm_3_joint, kuka_arm_4_joint, kuka_arm_5_joint, kuka_arm_6_joint, WRJ2, WRJ1, FFJ4, FFJ3, FFJ2, FFJ1, KTHJ5, THJ4, THJ3, THJ2, THJ1, LFJ5, LFJ4, LFJ3, LFJ2, LFJ1, MFJ4, MFJ3, MFJ2, MFJ1, RFJ4, RFJ3, RFJ2, RFJ1]