joint_trajectory:
  joint_names: [kuka_arm_0_joint, kuka_arm_1_joint, kuka_arm_2_joint, kuka_arm_3_joint, kuka_arm_4_joint, kuka_arm_5_joint, kuka_arm_6_joint, WRJ2, WRJ1, FFJ4, FFJ3, FFJ2, FFJ1, KTHJ5, THJ4, THJ3, THJ2, THJ1, LFJ5, LFJ4, LFJ3, LFJ2, LFJ1, MFJ4, MFJ3, MFJ2, MFJ1, RFJ4, RFJ3, RFJ2, RFJ1]
  points:
    - time_from_start: 0
      positions: [0, 0, 0, 0, 0, 0, 0, 0, 0, 0, 0, 0, 0, 0, 0, 0, 0, 0, 0, 0, 0, 0, 0, 0, 0, 0, 0, 0, 0, 0, 0]
    - positions: [-2.718692111963787, -1.542577081768121, 0.3030913926378087, 1.404459042855311, 2.780521479024142, 0.383787620156627, -1.039848363681567, -0.494761984903869, -0.006677551340467214, -0.2585774438551087, 1.066686302757049, 1.481582347995679, 1.444136672850266, -0.3765109417713247, 0.4486639602563809, -0.1453327164833434, 0.2443154355090111, 1.521403754051076, 0.3535983924164817, 0.02419897664482712, 0.1227771362858737, 0.09385491633655479, 1.416860330464063, -0.2453891239943641, 1.343356485922701, 0.4165511695411958, 1.424278412074057, -0.2652050899803154, 0.1068098993006978, 0.260224648771756, 0.01681121307730804]
      time_from_start: 0
    - positions: [-2.591940667767065, 0.4828886304937263, -2.966080353473298, 1.68027930010725, -1.135338708002174, -0.02768200580426581, 2.937499691851271, -0.3749057829606391, -0.7853981633974482, -0.2801575101791549, 0.01057873294627359, 0.01348259032275198, 0.07599559153043214, -0.07636162962181242, 0.3816218151953059, -0.2617517877511467, 0.2250804249321984, 0.2810847374538661, 0.001102306805738255, 0.2823231743955673, 0.0006292636021057261, 0.02043873122233071, 0.1011616366495331, -0.2953134052296991, 0.05546568607845478, 0.0003026916975592187, 0.08003604938223237, 0.2840735198321049, 0.04752586773037813, 0.03779482083501986, 0.04311505278173781]
      time_from_start: 0