joint_trajectory:
  joint_names: [kuka_arm_0_joint, kuka_arm_1_joint, kuka_arm_2_joint, kuka_arm_3_joint, kuka_arm_4_joint, kuka_arm_5_joint, kuka_arm_6_joint, WRJ2, WRJ1, FFJ4, FFJ3, FFJ2, FFJ1, KTHJ5, THJ4, THJ3, THJ2, THJ1, LFJ5, LFJ4, LFJ3, LFJ2, LFJ1, MFJ4, MFJ3, MFJ2, MFJ1, RFJ4, RFJ3, RFJ2, RFJ1]
  points:
    - time_from_start: 0
      positions: [0, 0, 0, 0, 0, 0, 0, 0, 0, 0, 0, 0, 0, 0, 0, 0, 0, 0, 0, 0, 0, 0, 0, 0, 0, 0, 0, 0, 0, 0, 0]
    - time_from_start: 0
      positions: [2.407934835836304, 0.5993239395224961, 2.122805341670756, 1.307080017867751, -1.421961130317754, 0.07630651913553715, -2.267635455305804, 0.1136992244417459, -0.6280630534937107, -0.2525875702681979, 0.0165264665778929, 0.1389568883782817, 0.04270154484472286, -0.06795126849884886, 0.2300431924975245, -0.05879764046566587, -0.445842185137676, 0.8735593669695777, 0.001319885309033403, 0.2434416347417853, 0.07314349573747664, 0.004697601084159066, 0.07622778008252801, -0.2720274787256974, 0.1105979534812435, 0.02432459038865056, 0.08156974918939022, 0.2719534726040181, 0.04295979571606445, 0.06334408529212222, 0.06072682921470471]
    - positions: [2.777534722369568, 0.7393891103237902, 2.530456762606446, 1.539637406294661, -1.658246267734487, 0.04632128963307831, -2.649433814676811, 0.145558370490563, -0.7557502387745342, -0.2969709488647148, 0.0117371582227214, 0.1538292848762647, 0.008566541007993417, -0.06546038016866999, 0.2471667287142836, -0.07793628672090365, -0.5227181923251543, 1.022895475993974, 9.109122796847867e-05, 0.2851481522220837, 0.06202217029933532, 0.004956011459573224, 0.0719852015799534, -0.3175793427024678, 0.123133684511823, 0.000481707096954652, 0.0652605951324792, 0.3251890863415808, 0.03898734319076311, 0.06029436612756316, 0.07173783486409591]
      time_from_start: 0