joint_trajectory:
  points:
    - positions: [0, 0, 0, 0, 0, 0, 0, 0, 0, 0, 0, 0, 0, 0, 0, 0, 0, 0, 0, 0, 0, 0, 0, 0, 0, 0, 0, 0, 0, 0, 0]
      time_from_start: 0
    - time_from_start: 0
      positions: [0.4495694145644084, 0.3907106265372382, -1.973792125131698, 1.165360878330939, 1.167394142084125, 0.4053139682416078, -0.004723766973922646, -0.001966377461693362, -0.2881667118949786, -0.2408743207758878, 0.2247146177369888, 0.3017371918816079, 0.2533718661247665, 0.07621582697392043, 0.458574980565755, -0.1431110506961455, -0.2296838690656238, 0.5915887309669208, 0.06523832498032253, 0.1544789503658886, 0.3322997322164926, 0.2635289329663286, 0.2353811456647268, -0.2064931395313642, 0.06741980264057967, 0.2877884981192446, 0.2402946065095915, 0.1359454785395662, 0.2524858623428402, 0.1640489931316993, 0.2172615851408266]
    - positions: [1.385046683189302, 0.5687110484878125, -2.720771553318051, 1.561758609823372, 1.130352665173678, 0.4229415256297632, 0.3927152956697426, 0.1157301923896737, -0.5348387366815011, -0.3769944773897781, 0.0824319642836689, 0.02541675721732759, 0.06678926421037849, -0.06764260035994153, 0.3835354614109261, -0.23274095239963, -0.3950891203095324, 0.8054501683924854, 0.00586559897286163, 0.3802499238715981, 0.02365761960056807, 0.06075477563875868, 0.06118108907574032, -0.3957493648003602, 0.021911664019419, 0.03836741046178643, 0.1073472650315809, 0.3938851300756658, 0.07164455731411383, 0.03468485933121097, 0.0508546334136972]
      time_from_start: 0
  joint_names: [kuka_arm_0_joint, kuka_arm_1_joint, kuka_arm_2_joint, kuka_arm_3_joint, kuka_arm_4_joint, kuka_arm_5_joint, kuka_arm_6_joint, WRJ2, WRJ1, FFJ4, FFJ3, FFJ2, FFJ1, KTHJ5, THJ4, THJ3, THJ2, THJ1, LFJ5, LFJ4, LFJ3, LFJ2, LFJ1, MFJ4, MFJ3, MFJ2, MFJ1, RFJ4, RFJ3, RFJ2, RFJ1]