joint_trajectory:
  points:
    - time_from_start: 0
      positions: [0, 0, 0, 0, 0, 0, 0, 0, 0, 0, 0, 0, 0, 0, 0, 0, 0, 0, 0, 0, 0, 0, 0, 0, 0, 0, 0, 0, 0, 0, 0]
    - time_from_start: 0
      positions: [2.15315354016844, 0.2734127850572864, 0.6175155755243877, -1.985999804328648, -2.827830332283505, -0.09957369715909919, 1.467864467648587, -0.2039318190842248, -0.5722975759757423, -0.3502310498896803, 0.305885197278485, 0.1172850859267091, 0.2654685664812828, -0.05105897384422414, 0.7021558792116886, -0.2448426679527208, -0.4605848660485553, 0.9216890738086564, 0.1870174283858054, 0.07125074307658075, 0.07099278029316139, 0.4589000125516133, 0.4758011484878629, -0.3319650997121391, 0.006562056117352056, 0.3413943556168112, 0.2102721395870029, 0.3968531905939964, 0.4946945952527446, 0.06142933945015833, 0.4144810902310214]
    - time_from_start: 0
      positions: [2.160979554205644, 0.6830186007945039, 0.3322744584391254, -1.756350464614006, -2.955423723238489, 0.3304327317649811, 1.383961221037104, -0.1923801541479039, -0.7853981633974483, -0.2970548162237048, 0.03293324658801634, 0.05203332470505571, 0.1643294154293146, -0.1167079380904726, 0.4685255586995467, -0.2617999999999998, -0.2037770793704347, 0.7036857821039233, 0.001076486572420183, 0.3112528101804831, 0.0005104373996094768, 0.1508325557951271, 0.09632937487118141, -0.3100746997658909, 0.01729895309923027, 0.01629824436688515, 0.201128666480289, 0.3044884439701764, 0.04062347104445078, 0.02578355198842214, 0.1697154962375158]
  joint_names: [kuka_arm_0_joint, kuka_arm_1_joint, kuka_arm_2_joint, kuka_arm_3_joint, kuka_arm_4_joint, kuka_arm_5_joint, kuka_arm_6_joint, WRJ2, WRJ1, FFJ4, FFJ3, FFJ2, FFJ1, KTHJ5, THJ4, THJ3, THJ2, THJ1, LFJ5, LFJ4, LFJ3, LFJ2, LFJ1, MFJ4, MFJ3, MFJ2, MFJ1, RFJ4, RFJ3, RFJ2, RFJ1]