joint_trajectory:
  points:
    - time_from_start: 0
      positions: [0, 0, 0, 0, 0, 0, 0, 0, 0, 0, 0, 0, 0, 0, 0, 0, 0, 0, 0, 0, 0, 0, 0, 0, 0, 0, 0, 0, 0, 0, 0]
    - positions: [-2.240000051700911, 0.4980316982677442, 0.301448961499961, -1.243060383649912, -1.212088951540984, -0.008013275106386976, 0.0986129936009805, -0.4522685989485057, -0.7217856168693941, -0.2120117980069881, 0.07142752672145469, 0.2362417077713958, 0.1647380257089125, -0.08145185233748797, 0.4052664623231449, -0.1791309293328101, 0.04636947178016056, 0.6562350043908326, 0.05735307110650861, 0.2326608083146463, 0.09412043251867738, 0.09600917172210244, 0.2098727347611005, -0.2257801995540591, 0.2192440602492784, 0.1976345511938011, 0.07756831856337655, 0.2125602993253781, 0.07021784038564335, 0.1917023049958329, 0.1455231850145849]
      time_from_start: 0
    - positions: [-2.550327452435702, 0.5220654509302324, 0.5649485472406248, -1.626175163326658, -1.534098333967946, 0.08496927730108084, 0.02374351457019859, -0.4557195409403542, -0.78376278597576, -0.2213433460788673, 0.05841228306710603, 0.05742735317841385, 0.06833970434644371, -0.1033132547464789, 0.3532106106428748, -0.1784168282674272, 0.06921638245588045, 0.5251091458014215, 0.002632833103988959, 0.2157304732330467, 0.0008153655529496449, 0.07502083185380386, 0.1009441207068713, -0.21951273910813, 0.05470558614035716, 0.04317506948353775, 0.07629278650028183, 0.2196392568789562, 0.04503316603908994, 0.08505268900660813, 0.06299498569416975]
      time_from_start: 0
  joint_names: [kuka_arm_0_joint, kuka_arm_1_joint, kuka_arm_2_joint, kuka_arm_3_joint, kuka_arm_4_joint, kuka_arm_5_joint, kuka_arm_6_joint, WRJ2, WRJ1, FFJ4, FFJ3, FFJ2, FFJ1, KTHJ5, THJ4, THJ3, THJ2, THJ1, LFJ5, LFJ4, LFJ3, LFJ2, LFJ1, MFJ4, MFJ3, MFJ2, MFJ1, RFJ4, RFJ3, RFJ2, RFJ1]