joint_trajectory:
  points:
    - positions: [0, 0, 0, 0, 0, 0, 0, 0, 0, 0, 0, 0, 0, 0, 0, 0, 0, 0, 0, 0, 0, 0, 0, 0, 0, 0, 0, 0, 0, 0, 0]
      time_from_start: 0
    - time_from_start: 0
      positions: [-0.3620194476050196, -0.6634184208288426, -1.614434936631816, -1.211326589796402, -1.018693912459316, -0.6625094257385972, -0.6396932479009693, -0.0108837478881797, -0.5438092983208089, -0.1854247962457715, 0.0107004469445433, 0.3611938005418495, 0.5080681288432426, 0.2392208633622335, 0.8763223468980231, -0.06171236101249233, 0.4996954240040719, 1.148474712736302, 0.1150026811376081, -0.2589778451429534, 0.6152212438453188, 0.4268066134691537, 0.1867961028689979, 0.226459369805231, 0.08779778736561468, 0.4104893878818121, 0.7853425150334022, -0.1783530324965959, 0.4286556823388508, 0.1608016242225346, 0.4305226921237005]
    - time_from_start: 0
      positions: [-0.7359503177106355, -0.7448325450310829, -1.943152339837781, -1.58519088066988, -0.8920498869565536, -0.2237525269981473, -1.106847258755927, -0.470993185930295, -0.7138416048486176, 0.03439244244604862, 0.1322690981066781, 0.06374992694791068, 0.3102185987740015, -0.2555653897265947, 0.4897189825854417, -0.2296308002171494, 0.09426471231387526, 0.73163760225469, 0.01726804468835638, -0.04156404720770854, 0.1160252771575848, 0.1524762438195204, 0.1958989578732783, 0.03317482252820434, 0.1548421963614557, 0.0560237345428993, 0.2765611281440529, -0.05848232235955603, 0.2352053959118864, 0.04489654793031255, 0.1906367829327504]
    - positions: [-0.815463311685182, -0.8534384939674706, -2.215630988297489, -1.742658934650261, -1.019979958276893, -0.2527750656637868, -1.204386040810169, -0.5235987755982986, -0.7828565178678222, 0.04867528620082417, 0.09036816220867525, 1.85309720354813e-16, 0.304343207033718, -0.3000877316143787, 0.5182993296347057, -0.2617999999999999, 0.1058720555485426, 0.7674417189752107, 2.965679457398707e-17, -0.04034656152972469, 0.08916081256743108, 0.1375641045633044, 0.1791425543001398, 0.04795127097171081, 0.1217121879697213, 0.01542853449026239, 0.2473004329733542, -0.05380539017147968, 0.2345850960028845, 0.005321493891325434, 0.1548181081709217]
      time_from_start: 0
  joint_names: [kuka_arm_0_joint, kuka_arm_1_joint, kuka_arm_2_joint, kuka_arm_3_joint, kuka_arm_4_joint, kuka_arm_5_joint, kuka_arm_6_joint, WRJ2, WRJ1, FFJ4, FFJ3, FFJ2, FFJ1, KTHJ5, THJ4, THJ3, THJ2, THJ1, LFJ5, LFJ4, LFJ3, LFJ2, LFJ1, MFJ4, MFJ3, MFJ2, MFJ1, RFJ4, RFJ3, RFJ2, RFJ1]