joint_trajectory:
  points:
    - time_from_start: 0
      positions: [0, 0, 0, 0, 0, 0, 0, 0, 0, 0, 0, 0, 0, 0, 0, 0, 0, 0, 0, 0, 0, 0, 0, 0, 0, 0, 0, 0, 0, 0, 0]
    - positions: [-1.676841445997469, 0.6702635320292299, -0.8386480637856686, -1.425111762061656, 1.799598537024164, 1.108948276617081, 2.287473546208851, -0.3924044438214578, -0.7085239059091226, -0.02653726222860702, 0.1514175356551075, 0.2502433323500757, 0.1862587083235045, -0.1417181264876665, 0.3946902859282161, -0.09983210394793296, -0.3340044018320707, 1.153278256710635, 0.1057960813973525, 0.05603560574755779, 0.2404274565046836, 0.1940724201601896, 0.07950649484850315, -0.01541948543857077, 0.2547335629674355, 0.2775975272547199, 0.1949787212310255, 0.03830443364533297, 0.1404309507488822, 0.2520196012518647, 0.134490478733568]
      time_from_start: 0
    - time_from_start: 0
      positions: [-1.864385087477825, 0.8781490466731493, -0.9687613627304278, -1.890329370191527, 2.233530921203539, 1.155444096681123, 2.830539131575119, -0.4596746309516412, -0.7779829754114365, -0.04960183994070454, 0.01248475193943745, 0.2200851875387845, 0.0198798698068826, -0.1635347846965494, 0.3168449018268382, -0.1437802762579066, -0.5067267168430196, 1.195119085805141, 0.04613198267073618, 0.07750653878529176, 0.1556326902946373, 0.03841703851870176, 0.02273239773199275, -0.05479228340262722, 0.08465280192644253, 0.166691571173181, 9.30199427706412e-05, 0.09387013699593724, 0.07455501353185259, 0.1582574602483694, 0.0360748380611106]
  joint_names: [kuka_arm_0_joint, kuka_arm_1_joint, kuka_arm_2_joint, kuka_arm_3_joint, kuka_arm_4_joint, kuka_arm_5_joint, kuka_arm_6_joint, WRJ2, WRJ1, FFJ4, FFJ3, FFJ2, FFJ1, KTHJ5, THJ4, THJ3, THJ2, THJ1, LFJ5, LFJ4, LFJ3, LFJ2, LFJ1, MFJ4, MFJ3, MFJ2, MFJ1, RFJ4, RFJ3, RFJ2, RFJ1]