joint_trajectory:
  joint_names: [kuka_arm_0_joint, kuka_arm_1_joint, kuka_arm_2_joint, kuka_arm_3_joint, kuka_arm_4_joint, kuka_arm_5_joint, kuka_arm_6_joint, WRJ2, WRJ1, FFJ4, FFJ3, FFJ2, FFJ1, KTHJ5, THJ4, THJ3, THJ2, THJ1, LFJ5, LFJ4, LFJ3, LFJ2, LFJ1, MFJ4, MFJ3, MFJ2, MFJ1, RFJ4, RFJ3, RFJ2, RFJ1]
  points:
    - time_from_start: 0
      positions: [0, 0, 0, 0, 0, 0, 0, 0, 0, 0, 0, 0, 0, 0, 0, 0, 0, 0, 0, 0, 0, 0, 0, 0, 0, 0, 0, 0, 0, 0, 0]
    - time_from_start: 0
      positions: [-2.008839142121342, 0.6804417661881885, -0.6649567862172538, -0.9700885161087054, 1.834437546067393, -0.5743406981587407, 2.075519650526547, 0.04984456669035782, -0.6188243809296091, -0.2657038308534103, 0.1884514943680979, 0.1154476434947845, 0.1711051432037319, 0.07299804379520825, 0.4352668485788737, -0.1645596783036125, 0.1228359055375264, 0.3711560836534283, 0.06873910086037657, 0.2174873756756271, 0.1370575357832261, 0.09537169388647032, 0.1907042095522484, -0.2452595364028515, 0.2444250958641298, 0.1717036898466081, 0.07551839081439483, 0.2352055275352186, 0.185919778177663, 0.07315538171974494, 0.1085922126750806]
    - positions: [-2.458196053077813, 0.8578849870988647, -0.7188972963157385, -1.122616211927897, 2.234998105949906, -0.6433981337803428, 2.537930941200111, 0.09758091170088952, -0.7184588160992695, -0.3366660193875285, 0.1663390530400608, 0.05964044642448128, 0.1456654390295888, 0.04430658954319081, 0.4794612515844244, -0.2106078161643763, 0.1426590986097296, 0.3805071532785987, 0.05135723762638535, 0.2765623323863589, 0.08970663359637779, 0.07929471856687755, 0.1675282705120287, -0.313173840410412, 0.192165506925404, 0.1517989758523284, 0.06541079942598155, 0.2893911377673357, 0.1666599680975125, 0.04140266786375973, 0.06306308003978546]
      time_from_start: 0
    - time_from_start: 0
      positions: [-2.572155443299855, 0.9067477898225195, -0.4655356141004932, -1.257959862066684, 2.445606647806544, -0.5484352093747844, 2.9652308819042, 0.1625003612388243, -0.7765592323181624, -0.3450458967009196, 0.02465473891073149, 0.02735846188185409, 0.08068624805140928, -0.03669717835230962, 0.3854107880088427, -0.2618, 0.1387123380334522, 0.2861114455989216, 4.709142908218112e-17, 0.3511457751426365, 0.03893812067002764, 0.04039782425941619, 0.03118759222558699, -0.3656885057653446, 0.03628894472673042, 0.009651330639899595, 0.05047338685057876, 0.3575687260938146, 0.09153127894429251, 0.007746231029954869, 0.02443396287285653]