joint_trajectory:
  points:
    - time_from_start: 0
      positions: [0, 0, 0, 0, 0, 0, 0, 0, 0, 0, 0, 0, 0, 0, 0, 0, 0, 0, 0, 0, 0, 0, 0, 0, 0, 0, 0, 0, 0, 0, 0]
    - positions: [0.2843022774952541, -0.2408580673483669, 0.1230085706793944, 0.4675970803685612, -1.074945698932131, 0.1144450664594323, -0.7532486003694744, -0.1342566224045558, -0.2898471923231782, -0.02350084160619872, 0.3067839022509927, 0.2022646774460832, 0.3488186171728331, -0.05573718583986817, 0.261388735353153, -0.074075443846679, 0.1077774942601179, 0.448742019147838, 0.05992004514458379, -0.01099570946375046, 0.3693789020944034, 0.2441226060416013, 0.3174562659754642, 0.02138543319708867, 0.1533123256117144, 0.2741805594081685, 0.274599695309741, 0.03392121642198003, 0.2833992307712831, 0.3021110668148268, 0.2274294739488855]
      time_from_start: 0
    - time_from_start: 0
      positions: [0.1922891245996863, -0.4156387054491943, 0.391311457411765, 0.8717545855691312, -1.758083426923384, 0.1469659909988225, -1.360316510132216, -0.2439581592074551, -0.4408819079915788, 0.01345021552679079, 0.301650547266347, 0.2559657388430702, 0.3588207742274203, -0.1011069977052384, 0.3644561501579366, -0.1249131301377867, 0.1434156013670287, 0.5581570170189423, 0.05337492342368782, -0.04521204296942943, 0.4115267176511695, 0.2718983568395289, 0.3461022801029945, 0.05759488133882144, 0.1937705417160724, 0.2780554521670335, 0.3064867686297404, 0.001300645351828047, 0.3048517671655654, 0.3111797270620988, 0.2268470735441118]
    - time_from_start: 0
      positions: [-0.5220321178627267, -0.8189606861580816, 0.8574544164850321, 1.446846674960379, -2.596454846094652, 0.07849880861895382, -2.610269864143716, -0.4873652212816945, -0.7853981633974481, 0.1305592209318134, 0.004706979409898366, 0.2321451109860363, 0.07766659466080614, -0.2605865343770351, 0.4457774340568262, -0.2578824986150119, 0.241729155726793, 0.6772831785464133, 0.01323589120685929, -0.1260029528617101, 0.09077306249160347, 0.09944498022934563, 0.138604133480193, 0.112349558985798, 0.09491635138917828, 0.05384202463135592, 0.1743439670030186, -0.1313649201011527, 0.1134600727624261, 0.0777831251121954, 0.1586701684140067]
  joint_names: [kuka_arm_0_joint, kuka_arm_1_joint, kuka_arm_2_joint, kuka_arm_3_joint, kuka_arm_4_joint, kuka_arm_5_joint, kuka_arm_6_joint, WRJ2, WRJ1, FFJ4, FFJ3, FFJ2, FFJ1, KTHJ5, THJ4, THJ3, THJ2, THJ1, LFJ5, LFJ4, LFJ3, LFJ2, LFJ1, MFJ4, MFJ3, MFJ2, MFJ1, RFJ4, RFJ3, RFJ2, RFJ1]