joint_trajectory:
  joint_names: [kuka_arm_0_joint, kuka_arm_1_joint, kuka_arm_2_joint, kuka_arm_3_joint, kuka_arm_4_joint, kuka_arm_5_joint, kuka_arm_6_joint, WRJ2, WRJ1, FFJ4, FFJ3, FFJ2, FFJ1, KTHJ5, THJ4, THJ3, THJ2, THJ1, LFJ5, LFJ4, LFJ3, LFJ2, LFJ1, MFJ4, MFJ3, MFJ2, MFJ1, RFJ4, RFJ3, RFJ2, RFJ1]
  points:
    - time_from_start: 0
      positions: [0, 0, 0, 0, 0, 0, 0, 0, 0, 0, 0, 0, 0, 0, 0, 0, 0, 0, 0, 0, 0, 0, 0, 0, 0, 0, 0, 0, 0, 0, 0]
    - positions: [-0.3048636525524693, -0.2380184796207653, 0.1105098852746322, 0.3756964998969238, -0.4991528980033615, -0.2058669839571245, -0.7363368982431768, -0.02381311183731863, -0.2736656241698361, -0.1172264990213549, 0.152958030753643, 0.1231733707639258, 0.1368311524619301, 0.07632701518050466, 0.210154313701145, -0.07138948976328735, -0.162613425799771, 0.4413808898738888, 0.03807486079704556, 0.1341506004760247, 0.1591045949380432, 0.1159667680550747, 0.1389336609841066, -0.119018012283317, 0.1473113760638514, 0.1720382652082806, 0.09605046479417306, 0.1327529371071655, 0.1370970803082989, 0.1018458380431617, 0.1435677110685296]
      time_from_start: 0
    - time_from_start: 0
      positions: [-0.5136703207213442, -0.4328445285613465, 0.09534699302823624, 0.736940876712354, -0.8396896361336575, -0.3603939371348617, -1.323045112035206, -0.04149847980593902, -0.4896908551629569, -0.2113340980217089, 0.2593710169298773, 0.2313884203146309, 0.2431356672738267, 0.1266317113155351, 0.3931472194832228, -0.1334205849480337, -0.2995071733216586, 0.801002913372119, 0.07003300538963272, 0.2393838464773396, 0.2782751147825872, 0.1937740235957956, 0.2307999245834962, -0.2200489046878433, 0.2523612858147145, 0.3228013078326956, 0.1559216540591211, 0.2375987943213317, 0.24115421330207, 0.168180213989586, 0.2660454539413706]
    - time_from_start: 0
      positions: [0.1655699720821414, -0.7682568112908892, -0.102154775672531, 1.446110825690293, -1.754231169522692, -0.2788242878284442, -2.594495490943045, -0.004881146936529341, -0.7853130957277318, -0.3641974995801781, 0.1520632899830204, 0.03796260402173445, 0.07143925153137506, -0.1165784330109764, 0.4831302576294466, -0.2607875434678852, -0.5236902568736849, 0.9757448247672892, 0.0002387295480311453, 0.347856901392983, 0.17092098204191, 0.04111377782582423, 0.03239551708730733, -0.3671663411674818, 0.02418731856847572, 0.2046642677234277, 5.671420429197188e-06, 0.3756364731066466, 0.1320900867045319, 0.002993461419698539, 0.1214877088664208]