joint_trajectory:
  joint_names: [kuka_arm_0_joint, kuka_arm_1_joint, kuka_arm_2_joint, kuka_arm_3_joint, kuka_arm_4_joint, kuka_arm_5_joint, kuka_arm_6_joint, WRJ2, WRJ1, FFJ4, FFJ3, FFJ2, FFJ1, KTHJ5, THJ4, THJ3, THJ2, THJ1, LFJ5, LFJ4, LFJ3, LFJ2, LFJ1, MFJ4, MFJ3, MFJ2, MFJ1, RFJ4, RFJ3, RFJ2, RFJ1]
  points:
    - time_from_start: 0
      positions: [0, 0, 0, 0, 0, 0, 0, 0, 0, 0, 0, 0, 0, 0, 0, 0, 0, 0, 0, 0, 0, 0, 0, 0, 0, 0, 0, 0, 0, 0, 0]
    - positions: [-1.117575887997648, -0.6436944242949639, -0.003389595917299144, 1.05201645463635, -1.157981491875919, 0.1218647342000881, 2.060053956169218, -0.2871488448203819, -0.475373287308783, -0.2956837219981004, 0.3143132894495964, 0.3625048699163796, 0.3605556528045263, -0.215749120914206, 0.5033610355634428, -0.08574205565567099, 0.1851191247789, 0.3100578236791867, 0.1230375947329901, 0.1893736428167243, 0.4112421042616448, 0.3222689225028271, 0.1909963228778366, -0.2431591583902939, 0.4224297121696352, 0.2874741962453272, 0.2617251858067438, 0.2273933203740699, 0.3056540844548621, 0.1281567309678893, 0.1949978137900396]
      time_from_start: 0
    - positions: [-1.815673062996411, -0.8702522776658287, 0.1738219645475699, 1.328183797190388, -1.424219732501213, 0.3518953232316135, 2.95612695824966, -0.4311574214761408, -0.7845617014638137, -0.3227958976146285, 0.005609659145886277, 0.208187583344474, 0.007041439631035607, -0.1142722993705137, 0.3321355058574808, -0.1200881346162266, 0.2554962414895605, 0.2254760127129649, 0.01021540781165257, 0.3137445488686302, 0.1220642764356136, 0.01203363978138688, 0.09293679014566841, -0.3243270002970341, 0.1069378218315458, 0.03168099668708436, 0.07738358247262134, 0.3246047012305844, 0.1138519129684336, 0.07950128366855448, 0.03877168966777277]
      time_from_start: 0