joint_trajectory:
  joint_names: [kuka_arm_0_joint, kuka_arm_1_joint, kuka_arm_2_joint, kuka_arm_3_joint, kuka_arm_4_joint, kuka_arm_5_joint, kuka_arm_6_joint, WRJ2, WRJ1, FFJ4, FFJ3, FFJ2, FFJ1, KTHJ5, THJ4, THJ3, THJ2, THJ1, LFJ5, LFJ4, LFJ3, LFJ2, LFJ1, MFJ4, MFJ3, MFJ2, MFJ1, RFJ4, RFJ3, RFJ2, RFJ1]
  points:
    - time_from_start: 0
      positions: [0, 0, 0, 0, 0, 0, 0, 0, 0, 0, 0, 0, 0, 0, 0, 0, 0, 0, 0, 0, 0, 0, 0, 0, 0, 0, 0, 0, 0, 0, 0]
    - time_from_start: 0
      positions: [-0.6416704340900062, -0.5406001407212648, -1.186982281239754, -0.9149531363884655, -1.424230890764382, 0.112220493746954, 0.6041380767850002, -0.1590266972655207, -0.3983471593659673, -0.2038754910278604, 0.0847175747659023, 0.1605683812717461, 0.1707570677257824, -0.04057048286009592, 0.3542506356894384, -0.1388122272928162, 0.1170142741372426, 0.1483996645427473, 0.06028861864133628, 0.193665046609151, 0.08620694056393162, 0.1379309805256426, 0.1766218632520292, -0.1782001438196253, 0.03033228550187303, 0.1282648186543359, 0.1944436673293534, 0.1832230914236686, 0.08425295142251518, 0.1154284439403288, 0.1432498206087615]
    - positions: [-1.60673547658109, -0.9198638661972508, -2.56070148254942, -1.51291323334502, -2.933906659903127, 0.2335472739347972, 1.123869897991165, -0.2538269279801534, -0.7822483149087172, -0.3822530147128783, 0.03571399153109851, 0.1726646012485298, 0.02772125038799335, -0.1079743772192011, 0.4882328417250151, -0.2617999999999998, 0.2508964987157817, 0.1740696475393997, 0.002710651739845075, 0.3634820177397537, 0.01182640544300922, 0.04397138162095582, 0.1870888412461671, -0.3718717518687954, 0.001168071028110463, 0.04088532229274768, 0.1970300044029913, 0.3759119454689809, 0.1199460431889701, 0.05461236480807409, 0.06675698974830098]
      time_from_start: 0