joint_trajectory:
  points:
    - positions: [0, 0, 0, 0, 0, 0, 0, 0, 0, 0, 0, 0, 0, 0, 0, 0, 0, 0, 0, 0, 0, 0, 0, 0, 0, 0, 0, 0, 0, 0, 0]
      time_from_start: 0
    - time_from_start: 0
      positions: [2.381946913822281, -0.283324201680782, 2.849884123715748, 0.9001293394843648, -0.9143803918775744, 0.3662725233114976, 2.448495583167186, 0.1403913871155849, 0.5893335008118696, -0.130041862429038, 0.903619181763146, 1.147023924432637, 0.9416492784177738, -0.5636009660214185, 0.6219938973707613, -0.1552648938269354, 0.2425908993719612, 0.955995489870198, 0.2042272822104976, -0.3627463529146445, 0.05504403653060579, 1.297286098243418, 0.08271224493102843, -0.2375506222004125, 0.4479075652151252, 0.2725108503241851, 1.368738829233388, 0.3034877421302499, 0.4769870243540871, 1.147520411764755, 0.558261630064533]
    - time_from_start: 0
      positions: [-1.545776571572132, -0.5648412253311824, 2.699366005327551, -1.682501608650979, 1.405357141004927, 0.3240882310539899, -2.96705972839, 0.04480143545319282, -0.7853981633974481, -0.1797640731095269, 1.893580774649789e-16, 0.07617590217552803, 1.043958074307083e-16, -0.0445736563041356, 0.2738327114367344, -0.2093062014748525, -0.1588085750502036, 0.7397318999059943, 2.072521672213676e-16, 0.1728866214963, 0.02979186802487661, 0.00341147644020532, 0.01468726589035997, -0.1983360467556227, 0.04409894122949422, 0.006068876931154482, 0.006996144101204978, 0.1943774211254949, 0.002078353312408816, 0.005980028048002705, 0.06202123037633631]
  joint_names: [kuka_arm_0_joint, kuka_arm_1_joint, kuka_arm_2_joint, kuka_arm_3_joint, kuka_arm_4_joint, kuka_arm_5_joint, kuka_arm_6_joint, WRJ2, WRJ1, FFJ4, FFJ3, FFJ2, FFJ1, KTHJ5, THJ4, THJ3, THJ2, THJ1, LFJ5, LFJ4, LFJ3, LFJ2, LFJ1, MFJ4, MFJ3, MFJ2, MFJ1, RFJ4, RFJ3, RFJ2, RFJ1]