joint_trajectory:
  points:
    - time_from_start: 0
      positions: [0, 0, 0, 0, 0, 0, 0, 0, 0, 0, 0, 0, 0, 0, 0, 0, 0, 0, 0, 0, 0, 0, 0, 0, 0, 0, 0, 0, 0, 0, 0]
    - positions: [2.600372944806285, 0.4011502147943168, 2.683262544308366, 1.548327864812342, -0.06780994992003336, 0.2917344695630128, 1.809343765360407, 0.05381099411321313, -0.7627383605211338, -0.2422200374657925, 0.1015549252347491, 0.1023328154050025, 0.2607883042294132, -0.1433764715476125, 0.4511204897438262, -0.1656883652147778, -0.3937844893855417, 0.9173016760851941, 0.01831814672091013, 0.2405422406503923, 0.08547652305311419, 0.338348879772932, 0.1344675832119734, -0.2438116940618273, 0.1118749587322378, 0.04865745237562694, 0.2876322965180211, 0.2271938688802531, 0.09609607349653985, 0.04760676967315119, 0.3240027779439804]
      time_from_start: 0
    - positions: [2.88013796588804, 0.5161439364413936, 2.779379940357437, 1.782843741878896, -0.1474160443906651, 0.2490973496287209, 1.952604556609844, 0.08098442586551173, -0.7850742157894075, -0.2682916211558699, 0.04290043367817573, 0.05489798086832984, 0.2509375254137749, -0.1762803863103528, 0.4732318627133352, -0.1791121658001658, -0.4456232489760713, 0.9884885505209824, 0.005536100771709285, 0.2769917225417824, 0.007348069270445142, 0.2776213868984079, 0.06563033311008253, -0.2702224375753977, 0.1045432629812043, 0.03162779570515246, 0.2120806036169624, 0.2719037396860503, 0.04879288294087636, 0.02308050085324059, 0.2704966988434797]
      time_from_start: 0
  joint_names: [kuka_arm_0_joint, kuka_arm_1_joint, kuka_arm_2_joint, kuka_arm_3_joint, kuka_arm_4_joint, kuka_arm_5_joint, kuka_arm_6_joint, WRJ2, WRJ1, FFJ4, FFJ3, FFJ2, FFJ1, KTHJ5, THJ4, THJ3, THJ2, THJ1, LFJ5, LFJ4, LFJ3, LFJ2, LFJ1, MFJ4, MFJ3, MFJ2, MFJ1, RFJ4, RFJ3, RFJ2, RFJ1]