joint_trajectory:
  points:
    - time_from_start: 0
      positions: [0, 0, 0, 0, 0, 0, 0, 0, 0, 0, 0, 0, 0, 0, 0, 0, 0, 0, 0, 0, 0, 0, 0, 0, 0, 0, 0, 0, 0, 0, 0]
    - positions: [-0.8921177701347833, 0.3417813570214756, -1.315539213244713, -1.877957357594261, 1.601510815837408, -1.48267246512978, -0.8787256827717029, 0.02725891163610028, -0.305634381834664, -0.388374714914982, 0.4388864128536617, 0.5495693585108457, 1.434972267161726, -0.7339893199657089, 0.6038087103141005, -0.09099312214758246, 0.2994321187261026, 1.390660070737358, 0.1322109775940897, -0.1177596661024519, 1.280469673886182, 1.121212390215856, 1.565615203821162, 0.21793456376681, 0.4932830221877567, 0.7056251765301444, 1.287655189923173, -0.3309627419647513, 0.2588703128610905, 0.8086868756346994, 1.106438672751269]
      time_from_start: 0
    - time_from_start: 0
      positions: [1.206806201723947, -0.9613842175304957, -2.96705972839, -1.168518909363748, 2.585221358765416, 0.1091725474658641, 2.263624135105737, -0.5235987755982987, -0.7853981633974482, -0.1493763970141094, 0.04057896286937879, 0.1049401088309419, 0.07928579474404859, -0.1284762614843433, 0.4716887224181952, -0.2617999999999999, -0.2714017871102204, 0.9072667147541111, 0.01010662958509167, 0.1561298990860709, 0.02406623819951046, 0.003201786931906055, 0.2236656490653313, -0.1412502444301756, 0.02287152876333649, 0.1576977397300996, 0.07219326673859293, 0.1410653083945264, 0.0241994313795047, 0.1360646092452114, 0.0846051536406344]
  joint_names: [kuka_arm_0_joint, kuka_arm_1_joint, kuka_arm_2_joint, kuka_arm_3_joint, kuka_arm_4_joint, kuka_arm_5_joint, kuka_arm_6_joint, WRJ2, WRJ1, FFJ4, FFJ3, FFJ2, FFJ1, KTHJ5, THJ4, THJ3, THJ2, THJ1, LFJ5, LFJ4, LFJ3, LFJ2, LFJ1, MFJ4, MFJ3, MFJ2, MFJ1, RFJ4, RFJ3, RFJ2, RFJ1]