joint_trajectory:
  joint_names: [kuka_arm_0_joint, kuka_arm_1_joint, kuka_arm_2_joint, kuka_arm_3_joint, kuka_arm_4_joint, kuka_arm_5_joint, kuka_arm_6_joint, WRJ2, WRJ1, FFJ4, FFJ3, FFJ2, FFJ1, KTHJ5, THJ4, THJ3, THJ2, THJ1, LFJ5, LFJ4, LFJ3, LFJ2, LFJ1, MFJ4, MFJ3, MFJ2, MFJ1, RFJ4, RFJ3, RFJ2, RFJ1]
  points:
    - time_from_start: 0
      positions: [0, 0, 0, 0, 0, 0, 0, 0, 0, 0, 0, 0, 0, 0, 0, 0, 0, 0, 0, 0, 0, 0, 0, 0, 0, 0, 0, 0, 0, 0, 0]
    - time_from_start: 0
      positions: [2.835890226395978, 0.9194993645164495, 0.5049006420183022, 1.612475806940558, 2.196891469200239, 0.4494474806420647, -1.681386480493096, -0.4361968185013593, -0.2765126376174429, -0.004211334784077037, 0.01384469865294134, 0.225264480951977, 0.9667217416664284, 0.03056377503275876, 1.014190719790989, 0.004354102891962974, 0.4530207686197478, 0.9961447745237965, 0.4746403475899245, -0.05226344489337148, 0.001087735182818755, 0.4985670095098787, 1.112429264500585, -0.06629724098746786, 0.5731244165649165, 0.8016041135006777, 1.41999249402838, 0.2308096980614837, 1.316861578417823, 0.2902017921142939, 1.543377572620347]
    - positions: [0.1292788814576646, -0.9001675414487027, 0.6892539480592789, 1.740952703328966, 0.8257037733276044, 0.9322204285388923, 0.6812224087385997, 0.1745329251994328, -0.7853981633974483, -0.3176119041113404, 0.08413374222671004, 0.1823168753220352, 0.1021466530588866, -0.1894049291545856, 0.515381337835338, -0.1887408004391913, -0.2179176914304047, 0.7198612221977089, 0.02322962950214467, 0.3143475589302086, 0.02535503985081741, 0.1174314139233962, 0.1935849416482029, -0.3298602813628764, 0.01388995944640589, 0.3248066318886977, 0.004982851884440717, 0.3383471215617442, 0.1353532419941844, 0.08703595612721725, 0.1284337802118465]
      time_from_start: 0