joint_trajectory:
  joint_names: [kuka_arm_0_joint, kuka_arm_1_joint, kuka_arm_2_joint, kuka_arm_3_joint, kuka_arm_4_joint, kuka_arm_5_joint, kuka_arm_6_joint, WRJ2, WRJ1, FFJ4, FFJ3, FFJ2, FFJ1, KTHJ5, THJ4, THJ3, THJ2, THJ1, LFJ5, LFJ4, LFJ3, LFJ2, LFJ1, MFJ4, MFJ3, MFJ2, MFJ1, RFJ4, RFJ3, RFJ2, RFJ1]
  points:
    - time_from_start: 0
      positions: [0, 0, 0, 0, 0, 0, 0, 0, 0, 0, 0, 0, 0, 0, 0, 0, 0, 0, 0, 0, 0, 0, 0, 0, 0, 0, 0, 0, 0, 0, 0]
    - time_from_start: 0
      positions: [0.02449843213157595, -0.1291919865521693, 0.2000622550550838, -0.0324420363849608, -0.1793436936145157, 0.02459000661815237, -0.3592418919795006, -0.009205825262849722, 0.03078487612599905, -0.05462410555683692, 0.08887004287775202, 0.1826434429692292, 0.01981282143346547, 0.001612237642833295, 0.02216339721127986, 0.008489522752941061, 0.01727597885819198, 0.1781403491017585, 0.01159291999421876, -0.03324512128350307, 0.06427794785950014, 0.09047041469782113, 0.1449313514661741, -0.03269064002413002, 0.06314521852356546, 0.1213446664606653, 0.08323345735400553, -0.04204649261920619, 0.03970109939352668, 0.1156124686464681, 0.1503498850469059]
    - positions: [2.277844715490494, 0.8230997135534096, 2.269377193950048, 1.704891640219453, -2.781002183332954, -0.2998597369347207, -1.21410597880938, 0.16451635301924, -0.5547161653354358, -0.2865138911410086, 0.0498438795459675, 0.02454382496090109, 0.1831122702358406, -0.115837599720856, 0.460687813677186, -0.2394519269549739, 0.1879894290107837, 0.3224725208101352, 2.099398714030691e-06, 0.2851058179373741, 0.01603078400893792, 0.01277673124514452, 0.2229880184813655, -0.3104807683471147, 0.03555048071938335, 0.1377732511197969, 0.08866660493073285, 0.3048295302064748, 0.1028617655121483, 0.07854716330466213, 0.07122060772207311]
      time_from_start: 0