joint_trajectory:
  joint_names: [kuka_arm_0_joint, kuka_arm_1_joint, kuka_arm_2_joint, kuka_arm_3_joint, kuka_arm_4_joint, kuka_arm_5_joint, kuka_arm_6_joint, WRJ2, WRJ1, FFJ4, FFJ3, FFJ2, FFJ1, KTHJ5, THJ4, THJ3, THJ2, THJ1, LFJ5, LFJ4, LFJ3, LFJ2, LFJ1, MFJ4, MFJ3, MFJ2, MFJ1, RFJ4, RFJ3, RFJ2, RFJ1]
  points:
    - time_from_start: 0
      positions: [0, 0, 0, 0, 0, 0, 0, 0, 0, 0, 0, 0, 0, 0, 0, 0, 0, 0, 0, 0, 0, 0, 0, 0, 0, 0, 0, 0, 0, 0, 0]
    - time_from_start: 0
      positions: [2.094689408330227, 0.3962980494863978, 2.620760006889386, 1.580765947764413, -2.633403615369355, -0.1871029467633405, -1.572548908600459, 0.09264269978452425, -0.716988508742587, -0.2635146836743282, 0.005835639846978671, 0.04765797529713292, 0.3389524024049653, -0.1556289582511347, 0.5072310149156949, -0.2429711376365446, -0.1072034373855405, 0.6799689663129619, 0.005117948235630498, 0.2369499807806733, 0.07432636670110111, 0.1162585866669337, 0.2406822965246676, -0.265417522391677, 0.07790987229871978, 0.2015007697794885, 0.1944440403381505, 0.2688385099568283, 0.05731485395417747, 0.07579385921466038, 0.2847025525812669]
    - time_from_start: 0
      positions: [2.248054552281787, 0.5002006173187437, 2.742998876026514, 1.807537797727853, -2.899670343571684, -0.2247576104672301, -1.541985774191065, 0.1285546149879611, -0.7833903554978462, -0.2778490496793048, 2.666666695991865e-06, 0.0006767677862446248, 0.3214033788556426, -0.1767706719409108, 0.5380555986142979, -0.2547713718742088, -0.1005891298081752, 0.6455179038867641, 0.001875943187971453, 0.2745408140837943, 0.06015375330989269, 0.08260699777879695, 0.176261200291814, -0.2734904375646989, 0.06151351095771303, 0.1537411215951143, 0.1196139420283478, 0.2775620667410464, 0.002327857700162368, 0.05499970992126259, 0.2700532202567609]