joint_trajectory:
  points:
    - time_from_start: 0
      positions: [0, 0, 0, 0, 0, 0, 0, 0, 0, 0, 0, 0, 0, 0, 0, 0, 0, 0, 0, 0, 0, 0, 0, 0, 0, 0, 0, 0, 0, 0, 0]
    - time_from_start: 0
      positions: [0.8074616943373917, 0.462010624339264, 0.6690765047962908, -1.736015109897895, -2.146041910067415, 0.328644781467447, 0.1058747325598325, 0.1449326338966201, -0.6544941527762871, -0.3189481317790542, 0.1903724950978926, 0.3415249736142261, 0.2364876787092128, -0.2358970890418646, 0.6199652649382472, -0.2507229057919521, -0.2640859448325855, 0.8243218449502868, 0.1119967568951161, 0.2996775901098542, 0.3195384846266517, 0.2033097994813564, 0.1722159715475733, -0.3007016022622863, 0.2261431031338924, 0.1751589226687395, 0.1577759434148053, 0.2909733526079657, 0.2731040569332476, 0.08833794818076349, 0.1283021064425312]
    - time_from_start: 0
      positions: [1.023271745779823, 0.7805435016981913, 0.6359176375980207, -1.779100540740424, -2.403475906291146, 0.4925514437154866, 0.561079664498454, 0.146198145030183, -0.7773257213198927, -0.3414040470667865, 0.03801950465415074, 0.1478258074196177, 0.004198854955513904, -0.09976196832150956, 0.4620031602813587, -0.25920274864006, -0.3977939635370082, 0.8473029699088417, 0.006950798448985011, 0.3219329949401403, 0.112698710106746, 0.0751265428199463, 0.0183871857179427, -0.3377006569557177, 0.0405885075333026, 0.1347192229221312, 0.02321994859676629, 0.3455023610459924, 0.06126624700704746, 0.06540901607766807, 0.09380230572427276]
  joint_names: [kuka_arm_0_joint, kuka_arm_1_joint, kuka_arm_2_joint, kuka_arm_3_joint, kuka_arm_4_joint, kuka_arm_5_joint, kuka_arm_6_joint, WRJ2, WRJ1, FFJ4, FFJ3, FFJ2, FFJ1, KTHJ5, THJ4, THJ3, THJ2, THJ1, LFJ5, LFJ4, LFJ3, LFJ2, LFJ1, MFJ4, MFJ3, MFJ2, MFJ1, RFJ4, RFJ3, RFJ2, RFJ1]