joint_trajectory:
  joint_names: [kuka_arm_0_joint, kuka_arm_1_joint, kuka_arm_2_joint, kuka_arm_3_joint, kuka_arm_4_joint, kuka_arm_5_joint, kuka_arm_6_joint, WRJ2, WRJ1, FFJ4, FFJ3, FFJ2, FFJ1, KTHJ5, THJ4, THJ3, THJ2, THJ1, LFJ5, LFJ4, LFJ3, LFJ2, LFJ1, MFJ4, MFJ3, MFJ2, MFJ1, RFJ4, RFJ3, RFJ2, RFJ1]
  points:
    - positions: [0, 0, 0, 0, 0, 0, 0, 0, 0, 0, 0, 0, 0, 0, 0, 0, 0, 0, 0, 0, 0, 0, 0, 0, 0, 0, 0, 0, 0, 0, 0]
      time_from_start: 0
    - positions: [-1.970079521322131, 0.5001288060447915, 1.450200459630759, 0.7870840683806717, 1.93908823864876, 0.1718792540394969, -0.3769614591311893, 0.07395246910125183, -0.4897270858598215, -0.1244141992181895, 0.05062223908024923, 0.2299041354459309, 0.09400242991959334, -0.01796952963684984, 0.2531363783441946, -0.03743903215100069, -0.1577488121944957, 0.6277553606782588, 0.03818408701751563, 0.06446911896431938, 0.07206215570664781, 0.04966540169517453, 0.2937315544321011, -0.165721000661829, 0.07641543058539965, 0.3065926988067075, 0.09639980851774518, 0.1373987747316342, 0.1931406758500861, 0.04000696172138182, 0.109340910802882]
      time_from_start: 0
    - time_from_start: 0
      positions: [-2.877744706661164, 0.8960104192366206, 2.330024745331797, 1.189206889382482, 2.828592543921762, 0.2695891217898989, -0.5600711608675425, 0.1491074925013113, -0.7017088036185708, -0.1911317478738389, 0.06187353650750325, 0.1738837791805394, 0.07256430560180756, -0.1507259599669223, 0.2956690164263818, -0.06778049061617611, -0.2643177039190422, 0.8701317926553706, 1.038150458871888e-16, 0.1355211616238488, 1.798029841126156e-16, 1.303070615513171e-16, 0.278888142970244, -0.223660872674047, 7.955575013540406e-17, 0.3147214117859501, 1.238346298908747e-16, 0.1833542927513396, 0.2280992251085716, 0.0004136461598759001, 0.03365969794005031]