joint_trajectory:
  points:
    - time_from_start: 0
      positions: [0, 0, 0, 0, 0, 0, 0, 0, 0, 0, 0, 0, 0, 0, 0, 0, 0, 0, 0, 0, 0, 0, 0, 0, 0, 0, 0, 0, 0, 0, 0]
    - time_from_start: 0
      positions: [1.094689489271765, -0.4712514843710055, -0.3460728777611011, 0.972162621077382, 1.746952208525977, -0.1721390046292727, -0.3999471229999751, -0.145964763578205, -0.5347099412103546, -0.1949267311841715, 0.11546984264666, 0.1053701934847289, 0.1666720840505478, -0.0653087224085207, 0.4288187383476595, -0.1659446895056846, -0.07104261055565085, 0.4444032736854868, 0.0362552531786399, 0.1774460950957055, 0.1344611499616063, 0.1482377608317037, 0.2949214544329319, -0.1856902184197657, 0.1336206966983424, 0.1283900341245108, 0.158175247311922, 0.1586020892148337, 0.1576396264611783, 0.107824995412646, 0.2309532515776794]
    - positions: [1.777922593320231, -0.6838897084551504, -0.3760852279654673, 1.437708092423888, 2.520604182990293, -0.1247090291211613, -0.5549638182466702, -0.1841826609115206, -0.7849017874817562, -0.2587065921749508, 0.1036323248903433, 0.07849429419368474, 0.1632909447753253, -0.1721159579416942, 0.5437092130604855, -0.2474228789419574, -0.0473837857459797, 0.6005978933711333, 0.018264165302427, 0.2489993947557137, 0.01133348347935614, 0.01377392021433926, 0.309743834811786, -0.250880530568152, 0.1043545708215256, 0.1769946973018965, 0.04761881518954773, 0.2644305141847176, 0.105477842068291, 0.07256359473448147, 0.1829679138842952]
      time_from_start: 0
  joint_names: [kuka_arm_0_joint, kuka_arm_1_joint, kuka_arm_2_joint, kuka_arm_3_joint, kuka_arm_4_joint, kuka_arm_5_joint, kuka_arm_6_joint, WRJ2, WRJ1, FFJ4, FFJ3, FFJ2, FFJ1, KTHJ5, THJ4, THJ3, THJ2, THJ1, LFJ5, LFJ4, LFJ3, LFJ2, LFJ1, MFJ4, MFJ3, MFJ2, MFJ1, RFJ4, RFJ3, RFJ2, RFJ1]