joint_trajectory:
  points:
    - time_from_start: 0
      positions: [0, 0, 0, 0, 0, 0, 0, 0, 0, 0, 0, 0, 0, 0, 0, 0, 0, 0, 0, 0, 0, 0, 0, 0, 0, 0, 0, 0, 0, 0, 0]
    - time_from_start: 0
      positions: [-0.02023554824410562, -0.002955616986005551, 0.0202792493967456, 0.003014346271092266, 0.0176927093630914, 0.007715638324099703, 0.004402047594460195, 9.965407210209771e-05, -0.003465978090432688, -0.001576819015642269, 0.003351362458301754, 0.004484870374041736, 0.01226433536611631, 0.005248127337132307, 0.001110333952936015, -0.001674334845218007, 0.003747083791718832, 0.01028686864101262, 0.004789282665238315, -0.002535713546860317, 0.005239394411174479, 0.01151392746840539, 0.0007046933480914406, 9.709613997854089e-05, 0.0002399614465773456, 0.01209790476007567, 0.007106753758509028, -0.001022304729142871, 0.01120146285585665, 0.002279512543768751, 0.01028152509153208]
    - time_from_start: 0
      positions: [-2.727370512814844, 0.606199450324559, 0.2664383899357277, -1.726312886369098, 2.153155303308607, 0.3403518907166333, 2.579967123370526, -0.5228062989185871, -0.7853981633974482, -0.3191892243533066, 0.1001735129065549, 0.08978217771973464, 0.01858611415849185, -0.09912189069205975, 0.4196366533240145, -0.2563890044475024, 0.3221622905711598, 0.1472083773822462, 0.0003731699946328258, 0.3250411414292788, 0.006462560535278022, 0.1288857128447817, 0.05029064008074337, -0.3255636260941158, 0.0935736824983673, 0.07619696914421203, 0.02138887199464487, 0.3244876356140319, 0.002245643275522201, 0.0983710465924614, 0.07207638815873563]
  joint_names: [kuka_arm_0_joint, kuka_arm_1_joint, kuka_arm_2_joint, kuka_arm_3_joint, kuka_arm_4_joint, kuka_arm_5_joint, kuka_arm_6_joint, WRJ2, WRJ1, FFJ4, FFJ3, FFJ2, FFJ1, KTHJ5, THJ4, THJ3, THJ2, THJ1, LFJ5, LFJ4, LFJ3, LFJ2, LFJ1, MFJ4, MFJ3, MFJ2, MFJ1, RFJ4, RFJ3, RFJ2, RFJ1]