joint_trajectory:
  joint_names: [kuka_arm_0_joint, kuka_arm_1_joint, kuka_arm_2_joint, kuka_arm_3_joint, kuka_arm_4_joint, kuka_arm_5_joint, kuka_arm_6_joint, WRJ2, WRJ1, FFJ4, FFJ3, FFJ2, FFJ1, KTHJ5, THJ4, THJ3, THJ2, THJ1, LFJ5, LFJ4, LFJ3, LFJ2, LFJ1, MFJ4, MFJ3, MFJ2, MFJ1, RFJ4, RFJ3, RFJ2, RFJ1]
  points:
    - time_from_start: 0
      positions: [0, 0, 0, 0, 0, 0, 0, 0, 0, 0, 0, 0, 0, 0, 0, 0, 0, 0, 0, 0, 0, 0, 0, 0, 0, 0, 0, 0, 0, 0, 0]
    - time_from_start: 0
      positions: [2.219061119222064, 0.5960539705917741, 0.126979013411966, -1.047054750580343, -1.131668039879287, -0.6752516468910723, -0.3628684264671507, -0.3745197679683266, -0.6817587178358826, 0.2006260516058072, 0.2075194318717709, 0.4498141628425306, 0.2758470916307528, -0.3564898124516858, 0.4195019630221247, -0.01130165314168685, -0.080619188264322, 1.021903014960758, 0.07598806975812995, -0.1360155513639649, 0.2372731224902505, 0.2632312088585079, 0.3320769407595047, 0.1960549976359155, 0.205558242766494, 0.6445749321908704, 0.08605576006373569, -0.1377501639393819, 0.3332321031724221, 0.473497304928023, 0.2154454040993325]
    - time_from_start: 0
      positions: [2.683431832371122, 0.6667266364308507, -0.06226173701750656, -1.481154607097741, -1.171681984848801, -0.7145050539389886, -0.6502200941929688, -0.4410539765006045, -0.7850915943015611, 0.1987177877645307, 0.1473856320465742, 0.345064595971359, 0.1063822609565383, -0.5032816245331641, 0.3441256529818799, -0.02656317816534308, -0.0833042413103707, 1.148766026327899, 0.002432791552359781, -0.2001920521266453, 0.1387539707223132, 0.172876937806277, 0.2786763228897641, 0.2102920286044385, 0.002879028045494584, 0.5717362362612247, 0.02324143349569016, -0.2058707560325318, 0.2019110437066327, 0.3568923919378279, 0.02832250666651435]