joint_trajectory:
  joint_names: [kuka_arm_0_joint, kuka_arm_1_joint, kuka_arm_2_joint, kuka_arm_3_joint, kuka_arm_4_joint, kuka_arm_5_joint, kuka_arm_6_joint, WRJ2, WRJ1, FFJ4, FFJ3, FFJ2, FFJ1, KTHJ5, THJ4, THJ3, THJ2, THJ1, LFJ5, LFJ4, LFJ3, LFJ2, LFJ1, MFJ4, MFJ3, MFJ2, MFJ1, RFJ4, RFJ3, RFJ2, RFJ1]
  points:
    - time_from_start: 0
      positions: [0, 0, 0, 0, 0, 0, 0, 0, 0, 0, 0, 0, 0, 0, 0, 0, 0, 0, 0, 0, 0, 0, 0, 0, 0, 0, 0, 0, 0, 0, 0]
    - time_from_start: 0
      positions: [-1.652005041093672, 0.5545155619152706, 1.475429765553854, 1.146844567042454, -0.2281434445492218, 0.02497722975419823, 1.787233758760837, 0.04090933172233463, -0.5428219660929435, -0.2567395543095617, 0.09176015827330622, 0.2329773135227287, 0.1215011925024268, -0.07694128035460547, 0.3883878616745828, -0.1852112337900876, -0.1269260340198942, 0.4492981968602462, 0.03062020018844073, 0.2455152443610728, 0.1580261594593256, 0.05832885486039045, 0.1125971541421531, -0.2555742265034276, 0.05511280006493568, 0.174549282940142, 0.1247540230499767, 0.2468055568785172, 0.1266012221618135, 0.04524231932711813, 0.1387351542458278]
    - time_from_start: 0
      positions: [-2.574052402899912, 0.7858348430872555, 2.174991687208642, 1.672854813844559, -0.202652149846318, -0.07052893958522367, 2.579782884869934, 0.1055112592233913, -0.7741916357518523, -0.4136118410950823, 0.0175300686943289, 0.1508083076644776, 0.09037677973646066, -0.09770689123892708, 0.5198754215688739, -0.2617825150136703, -0.1727441723910602, 0.5643639333220041, 0.004123911677060621, 0.4044168533024651, 0.08890404702350617, 0.02450212079295147, 0.1357062864552734, -0.4013130206539382, 0.01600815699543452, 0.1836506140774207, 0.05743316469192276, 0.399437561522115, 0.1198623316228533, 0.02052496028346006, 0.1342897647710601]