joint_trajectory:
  points:
    - time_from_start: 0
      positions: [0, 0, 0, 0, 0, 0, 0, 0, 0, 0, 0, 0, 0, 0, 0, 0, 0, 0, 0, 0, 0, 0, 0, 0, 0, 0, 0, 0, 0, 0, 0]
    - positions: [1.348492003928011, -0.8603060724555665, -2.620537944952253, -0.08860757779447592, -2.16641700258972, 0.8230523571058979, -2.618477800563732, -0.1852074349835484, 0.2778589250404799, 0.3959984150250734, 1.447470975120185, 1.495553185297087, 0.07614839300598381, 0.7904336353051475, 0.6467739247975405, 0.03988001946704461, 0.3563612459708005, 0.09070199267892166, 0.3959695618511594, -0.1825834852588434, 0.06620919737576465, 0.8241686447181902, 1.122988923187008, 0.0572155223545765, 0.3270741262577553, 1.53500163406034, 1.090446306125057, -0.2647299171207919, 0.07434633686883231, 0.1809476474581165, 0.08677097509056114]
      time_from_start: 0
    - time_from_start: 0
      positions: [2.652157730102386, 0.7621717951244179, -0.5540522300870665, -1.765770162704773, 2.915669795547219, 0.3491490223831762, 2.359215982392189, -0.1429463565490049, -0.7705083597194424, -0.3908594968478944, 0.03232516160403475, 0.05538251288934277, 0.166223943750205, -0.08726006484119495, 0.4926909242265253, -0.2617999999999999, -0.1680582302413917, 0.556314768171479, 0.003669640334000538, 0.3990807395480772, 0.07952491575186496, 0.02066127677772209, 0.1535869427343425, -0.4160429054135335, 0.0303317842893206, 0.05428541978044403, 0.1290361072246196, 0.4215481114658432, 0.1091247596320986, 0.02217978411168284, 0.09733154095846201]
  joint_names: [kuka_arm_0_joint, kuka_arm_1_joint, kuka_arm_2_joint, kuka_arm_3_joint, kuka_arm_4_joint, kuka_arm_5_joint, kuka_arm_6_joint, WRJ2, WRJ1, FFJ4, FFJ3, FFJ2, FFJ1, KTHJ5, THJ4, THJ3, THJ2, THJ1, LFJ5, LFJ4, LFJ3, LFJ2, LFJ1, MFJ4, MFJ3, MFJ2, MFJ1, RFJ4, RFJ3, RFJ2, RFJ1]