joint_trajectory:
  points:
    - positions: [0, 0, 0, 0, 0, 0, 0, 0, 0, 0, 0, 0, 0, 0, 0, 0, 0, 0, 0, 0, 0, 0, 0, 0, 0, 0, 0, 0, 0, 0, 0]
      time_from_start: 0
    - positions: [0.1226759166573674, -0.495447536628261, 1.642967142407737, -1.489751054405532, -1.153567813746684, -0.2111048902928186, 0.7014263365183949, 0.08120800415102652, -0.6437793646565659, -0.2647482137091466, 0.2209914347656862, 0.2590351079670297, 0.1732390358933185, -0.02332501817571303, 0.3467950377840759, -0.2012571991393652, -0.1666709984250955, 0.7209487915954211, 0.0611895420755188, 0.2229314909519863, 0.1618501044978474, 0.1040221588205451, 0.2307469847421573, -0.2242517694855828, 0.1794299415090729, 0.2061103253197291, 0.3303070889746601, 0.2314719209914066, 0.07267446445249404, 0.166433824168253, 0.1896647436838702]
      time_from_start: 0
    - positions: [0.3769677945836458, -0.7650553453222866, 1.992759509737033, -1.737292614240071, -1.202783069500303, -0.1242390476849472, 0.5127911678469073, 0.1462478237201688, -0.7440147194382447, -0.3140331367096894, 0.07369084496052261, 0.1309324403091556, 0.080808893789899, -0.04263968000144587, 0.3965841490960487, -0.2439187777931266, -0.1896878885271039, 0.6829320503128264, 0.01832261304186975, 0.2791022730595288, 0.04793670412737838, 0.08052869998953913, 0.1132294282515904, -0.2927403040882499, 0.0554078905252193, 0.08091439590683026, 0.1718171007418791, 0.3020977474754946, 0.03082288855014449, 0.09554805476054642, 0.09677013149867372]
      time_from_start: 0
    - time_from_start: 0
      positions: [0.4846471435299549, -0.8779342745322176, 2.137783113108681, -1.839319890167168, -1.221109836366158, -0.08749700736861066, 0.4321186593514251, 0.1736494142402219, -0.7848007610104883, -0.3343127177241184, 0.01093672136697427, 0.07635781341859163, 0.04157382196217024, -0.05090383542395253, 0.416949848486375, -0.2614238451635983, -0.1991544890268427, 0.6654891908432761, 0.0003186631635761707, 0.3025135223037287, 1.460352712594704e-17, 0.07056044088842234, 0.0635238842476025, -0.3211720956342627, 0.002697525341065526, 0.02770021983154487, 0.1045663240714316, 0.3313824531782288, 0.01302430608328232, 0.06549283309023639, 0.05737590878976746]
  joint_names: [kuka_arm_0_joint, kuka_arm_1_joint, kuka_arm_2_joint, kuka_arm_3_joint, kuka_arm_4_joint, kuka_arm_5_joint, kuka_arm_6_joint, WRJ2, WRJ1, FFJ4, FFJ3, FFJ2, FFJ1, KTHJ5, THJ4, THJ3, THJ2, THJ1, LFJ5, LFJ4, LFJ3, LFJ2, LFJ1, MFJ4, MFJ3, MFJ2, MFJ1, RFJ4, RFJ3, RFJ2, RFJ1]