joint_trajectory:
  joint_names: [kuka_arm_0_joint, kuka_arm_1_joint, kuka_arm_2_joint, kuka_arm_3_joint, kuka_arm_4_joint, kuka_arm_5_joint, kuka_arm_6_joint, WRJ2, WRJ1, FFJ4, FFJ3, FFJ2, FFJ1, KTHJ5, THJ4, THJ3, THJ2, THJ1, LFJ5, LFJ4, LFJ3, LFJ2, LFJ1, MFJ4, MFJ3, MFJ2, MFJ1, RFJ4, RFJ3, RFJ2, RFJ1]
  points:
    - positions: [0, 0, 0, 0, 0, 0, 0, 0, 0, 0, 0, 0, 0, 0, 0, 0, 0, 0, 0, 0, 0, 0, 0, 0, 0, 0, 0, 0, 0, 0, 0]
      time_from_start: 0
    - positions: [-0.02499377431554349, -0.8641454541898268, 1.495425214857771, -1.175189925872499, -0.3696358237485653, -0.1540026870339189, -0.2800057302272315, 0.02472403325928655, -0.5470541493571338, -0.2527086418436686, 0.1118050684741291, 0.5015414082636036, 0.1384159893249706, -0.09370271183069202, 0.627460932176347, -0.1675427939321182, 0.2644908367428114, 0.3678802928845073, 0.1145690250742657, 0.1645105084983366, 0.3501448533076912, 0.3884061831873825, 0.3528303315075495, -0.2462482158052245, 0.4046660478532621, 0.4108123035222103, 0.1233440324444392, 0.1729754345128859, 0.523556576582384, 0.1908598115315422, 0.2413640068555199]
      time_from_start: 0
    - time_from_start: 0
      positions: [0.1328443711529139, -0.9825652046164758, 1.964198237112436, -1.496310980479648, -0.6690163878416803, -0.3814672047430264, -0.01783604965687841, 0.1158934906434144, -0.7342117636788605, -0.2974185840886552, 0.07388202154126858, 0.3063487962237749, 0.0709565757323337, -0.1352455368041062, 0.5910068340883715, -0.2032707141153172, 0.3250694676080843, 0.2560778560443709, 0.01829734397673322, 0.2350344981040474, 0.1470002728307732, 0.1371811554425837, 0.2980973183608574, -0.3063894890633018, 0.2493279057395237, 0.2738014224896907, 0.02631569758191088, 0.2541742085213208, 0.2420612257452147, 0.1134566029995129, 0.1960278841645444]
    - positions: [0.1677810040740678, -1.133500495259189, 2.074360810753232, -1.577452985962969, -0.6315583162725058, -0.4890421526701506, -0.09015778283764361, 0.1741714788120456, -0.7804656470946895, -0.3060008313621029, 0.06059374991822, 0.220608554991486, 0.0492596074259882, -0.171067524156561, 0.513864924341316, -0.2208318722513792, 0.3338730590899256, 0.2080278280090378, 1.010443213455782e-05, 0.2914678905857932, 0.09250674164078838, 0.02339722110909248, 0.1981769940088762, -0.3103490595740411, 0.1152471611852076, 0.2192492046757261, 7.238549167341691e-05, 0.3072776116210272, 0.07543935659123535, 0.07205671067557982, 0.2031697895006634]
      time_from_start: 0