joint_trajectory:
  points:
    - time_from_start: 0
      positions: [0, 0, 0, 0, 0, 0, 0, 0, 0, 0, 0, 0, 0, 0, 0, 0, 0, 0, 0, 0, 0, 0, 0, 0, 0, 0, 0, 0, 0, 0, 0]
    - positions: [-2.47508859001239, 0.7137144746480126, -0.7941521189196785, -1.395315574176689, -0.3040058810912534, -1.031130288861354, -0.9294972306585829, -0.3199214362720562, -0.4060457361793015, 0.01058506409016653, 0.2776537368958178, 0.6383121441224239, 0.2510645677108408, -0.2842515946097199, 0.5050473349245979, -0.07313967741909441, 0.2427956315970174, 0.514597601063699, 0.1136898454797689, -0.1604119930212953, 0.3254718629653446, 0.3473630064408721, 0.4293731360137859, 0.0627031559675873, 0.4412155058779195, 0.3024528133176932, 0.4022462087986526, -0.0872392891988519, 0.1513576955505106, 0.2901631280043567, 0.4924407010961208]
      time_from_start: 0
    - positions: [-2.744509577849389, 0.7802361351879937, -0.681525004640768, -1.571939207417011, -0.3948757268859479, -1.241165215081077, -0.7929862779427027, -0.4227103329876046, -0.4001467421689502, 0.07866222614931494, 0.1484469129982618, 0.6512153651226589, 0.2292071100319026, -0.4431480555653763, 0.4661256383222201, -0.06913637557383454, 0.3762178169824766, 0.617604988353938, 0.08676704543891139, -0.1655868691156817, 0.2326714429777091, 0.2408834412948565, 0.4360039134889618, 0.1410287530340779, 0.3175451808516292, 0.2335743780021171, 0.257893541983355, -0.1514196518905819, 0.129251079767062, 0.2963019062305923, 0.3885319372158746]
      time_from_start: 0
    - time_from_start: 0
      positions: [-2.957483611601614, 0.9155328325483049, -0.3814229682427999, -1.753672881820209, -0.2821473574565134, -1.290189776240653, -1.306374813188978, -0.5235987755982987, -0.3978203318157307, 0.144554211422355, 0.004782786096317935, 0.527717679557058, 0.06772641755835569, -0.4809351673152997, 0.3872691409717351, -0.07584313241726817, 0.4229425530953889, 0.5878190350861531, 0.007723348998514106, -0.1378150580390613, 0.1611736707693845, 0.09380263362668316, 0.321826508861535, 0.1479305326857732, 0.1476763568319956, 0.2317645835531068, 0.2211547047675837, -0.1438675839814798, 0.1266386249931029, 0.1192563039388195, 0.3318329021620522]
  joint_names: [kuka_arm_0_joint, kuka_arm_1_joint, kuka_arm_2_joint, kuka_arm_3_joint, kuka_arm_4_joint, kuka_arm_5_joint, kuka_arm_6_joint, WRJ2, WRJ1, FFJ4, FFJ3, FFJ2, FFJ1, KTHJ5, THJ4, THJ3, THJ2, THJ1, LFJ5, LFJ4, LFJ3, LFJ2, LFJ1, MFJ4, MFJ3, MFJ2, MFJ1, RFJ4, RFJ3, RFJ2, RFJ1]