joint_trajectory:
  joint_names: [kuka_arm_0_joint, kuka_arm_1_joint, kuka_arm_2_joint, kuka_arm_3_joint, kuka_arm_4_joint, kuka_arm_5_joint, kuka_arm_6_joint, WRJ2, WRJ1, FFJ4, FFJ3, FFJ2, FFJ1, KTHJ5, THJ4, THJ3, THJ2, THJ1, LFJ5, LFJ4, LFJ3, LFJ2, LFJ1, MFJ4, MFJ3, MFJ2, MFJ1, RFJ4, RFJ3, RFJ2, RFJ1]
  points:
    - positions: [0, 0, 0, 0, 0, 0, 0, 0, 0, 0, 0, 0, 0, 0, 0, 0, 0, 0, 0, 0, 0, 0, 0, 0, 0, 0, 0, 0, 0, 0, 0]
      time_from_start: 0
    - positions: [-0.8884047792071414, 0.5189593600987843, -1.519361778924737, -1.600981237296088, -0.0321693317328986, 0.8064590647756975, 0.5363636299266057, -0.05883546847564425, -0.6630855382237537, -0.4354830526837989, 0.6416361775088317, 1.376146561063701, 0.5751371285167276, 0.1635145113640464, 1.300206310592592, -0.05708705539349465, -0.3396675771825016, 1.321557050248375, 0.473073158399093, -0.06522184645328644, 0.9177287940336591, 0.8402347475358103, 0.2439686844227845, 0.06211240980895966, 0.29216485628379, 1.371995194176906, 1.509591465682055, 0.01651320715564619, 0.3020881905904643, 0.1036696714004681, 0.09586433818560561]
      time_from_start: 0
    - positions: [-1.642428413874585, 0.9381013492185352, 0.1966878468072815, -1.261904330373862, 2.59881651630229, 0.2892947987608112, 1.780144092892227, -0.4183535858859253, -0.7506825754126148, 0.003551517547598123, 0.1101846621123808, 0.3567860244782735, 0.05954637212469646, -0.3091993053317477, 0.386597043176601, -0.1495724867043616, 0.214605848474242, 0.5686646197426808, 0.01636644373091102, 0.005125602438819891, 0.131836484206745, 0.1459387065038355, 0.1706441104258032, 0.001100953661623736, 0.07115096849497322, 0.2981488591197895, 0.08947889402828596, -0.007654644189393843, 0.2697303825691151, 0.1332964687713452, 0.09674409581514487]
      time_from_start: 0
    - time_from_start: 0
      positions: [-1.734552181627653, 1.008799406228881, 0.2883502003349039, -1.291615295957633, 2.635039582468751, 0.331892279844585, 1.891843873333863, -0.4345181309658034, -0.7830626431293203, 0.01266507507438691, 0.05273701144798639, 0.3360927764210335, 0.00888092935219794, -0.28674057813337, 0.3994891411501832, -0.151162867655985, 0.2323254163436557, 0.578426158059239, 0.007293816158535295, -0.004384234070489208, 0.1252970655057507, 0.1090811134373135, 0.1471338833555133, 0.01292777603447524, 0.04884092281033935, 0.2693796345815618, 0.07394973907753383, 0.009375524213517063, 0.2311650836442043, 0.1048458645033341, 0.06468022226110549]