joint_trajectory:
  points:
    - positions: [0, 0, 0, 0, 0, 0, 0, 0, 0, 0, 0, 0, 0, 0, 0, 0, 0, 0, 0, 0, 0, 0, 0, 0, 0, 0, 0, 0, 0, 0, 0]
      time_from_start: 0
    - positions: [0.5524241814758852, -0.2666140725340541, -0.7354208820974303, 1.132177006042008, 0.3290568574730763, -0.2502839977270309, 0.7271360956789956, -0.01669398700537794, -0.2287560611018196, -0.1170879596199973, 0.4905030361202999, 0.4113207973712256, 0.5929193119325615, -0.01692058521850425, 0.5133933537983083, -0.06233537799086719, 0.106392460937189, 0.7443005053466769, 0.1906648261903957, 0.07379924642527055, 0.4404905402142417, 0.5051239319491536, 0.6398075816416713, -0.06572818063369357, 0.5171267272616824, 0.6712431736903699, 0.5509303739862448, 0.08149919863046667, 0.3660680596294903, 0.5433065611536335, 0.3446291091499641]
      time_from_start: 0
    - positions: [1.872347736154568, -0.8610091723305902, -1.057713705163594, 1.902299317954542, -0.4357708422070212, -0.06193907861657696, 2.923251093711569, 0.1531368998766084, -0.7852709059278289, -0.3104159751228093, 0.01428280465324932, 0.04529738755479987, 0.1185720762836098, -0.08248584627885562, 0.4415306279105562, -0.2617999999999999, -0.1558855484699351, 0.6393160568730689, 0.001251177522058025, 0.2712358384410254, 0.07358427412205935, 0.01549353220786637, 0.06751061647933639, -0.3105374401921416, 0.0403934927787358, 0.1346566258459206, 1.595509999935201e-16, 0.3097821371037803, 0.1184698256225831, 0.0179334685434255, 0.04959058771538046]
      time_from_start: 0
  joint_names: [kuka_arm_0_joint, kuka_arm_1_joint, kuka_arm_2_joint, kuka_arm_3_joint, kuka_arm_4_joint, kuka_arm_5_joint, kuka_arm_6_joint, WRJ2, WRJ1, FFJ4, FFJ3, FFJ2, FFJ1, KTHJ5, THJ4, THJ3, THJ2, THJ1, LFJ5, LFJ4, LFJ3, LFJ2, LFJ1, MFJ4, MFJ3, MFJ2, MFJ1, RFJ4, RFJ3, RFJ2, RFJ1]