joint_trajectory:
  points:
    - time_from_start: 0
      positions: [0, 0, 0, 0, 0, 0, 0, 0, 0, 0, 0, 0, 0, 0, 0, 0, 0, 0, 0, 0, 0, 0, 0, 0, 0, 0, 0, 0, 0, 0, 0]
    - positions: [-0.02911703370227547, -0.168725623756095, -1.633274527037758, -1.306824768971296, 2.369705131461005, -0.02438650193625302, -2.63911450678887, -0.5165621202939958, 0.2360862394556917, -0.1716041109460554, 0.434217221974563, 0.3991581056674684, 1.136586538267927, 0.9810606509177016, 0.7754558143871836, 0.1903576120379381, 0.4926366763575469, 0.245026196478866, 0.4850169438599844, 0.2357496684533014, 1.263913653701539, 0.7790704641180889, 0.4403685218580176, 0.1493421975400683, 0.01421380787924961, 0.9736323929513431, 0.5270638977309967, -0.1157952592992458, 1.035853899103774, 0.5321746737238865, 1.264675749537315]
      time_from_start: 0
    - positions: [-2.819573981100241, 1.070668201529477, -0.08779883849548104, -1.219500306791909, -0.9987564488011329, -1.09019407227646, -1.06763129947099, -0.412058601578613, -0.5644356219251951, 0.3614648415796723, 0.1388155681908348, 0.3096576551768384, 0.2448682005118778, -0.6433584861857916, 0.176300896751872, 0.07567003981533639, 0.1787146495645979, 1.04502284616584, 0.0004327386527992455, -0.3369959005828708, 0.2201991824844348, 0.3951938106209699, 0.06567946491628165, 0.3367183615947693, 0.1320027743465327, 0.05465922300965676, 0.5007907794275461, -0.3495394955966409, 0.01451020749087064, 0.6774597542195487, 1.452096695009118e-05]
      time_from_start: 0
  joint_names: [kuka_arm_0_joint, kuka_arm_1_joint, kuka_arm_2_joint, kuka_arm_3_joint, kuka_arm_4_joint, kuka_arm_5_joint, kuka_arm_6_joint, WRJ2, WRJ1, FFJ4, FFJ3, FFJ2, FFJ1, KTHJ5, THJ4, THJ3, THJ2, THJ1, LFJ5, LFJ4, LFJ3, LFJ2, LFJ1, MFJ4, MFJ3, MFJ2, MFJ1, RFJ4, RFJ3, RFJ2, RFJ1]