joint_trajectory:
  points:
    - positions: [0, 0, 0, 0, 0, 0, 0, 0, 0, 0, 0, 0, 0, 0, 0, 0, 0, 0, 0, 0, 0, 0, 0, 0, 0, 0, 0, 0, 0, 0, 0]
      time_from_start: 0
    - positions: [-0.275541879080721, -0.7553816547398751, 1.319562426915543, -1.051881350385359, -0.5623658516694806, -0.6799255179218745, -1.042591871399002, -0.2855001712744437, -0.4992575877278426, 0.07447341425617127, 0.5090592968710547, 0.26403289045253, 0.5202021666826345, -0.2593742882106279, 0.5957369648835273, -0.1271531028042122, 0.07978925443987185, 0.8103534488440776, 0.1180987532329562, -0.1454433900108573, 0.3190428716967705, 0.3704131403304198, 0.5494470330954887, 0.04326250682798285, 0.5379990031125429, 0.6099112722846278, 0.393853526909138, -0.06552711142327453, 0.4783095371814789, 0.7379606000199329, 0.4021872103884009]
      time_from_start: 0
    - positions: [-0.3402118781045212, -0.8700639594271604, 1.548951835552047, -1.363736361249204, -0.6959248694570243, -0.7472545070582737, -1.260468082778659, -0.3104116246236698, -0.5628247014133407, 0.1012612433682589, 0.5235401261802766, 0.2875603081150281, 0.5576131922215641, -0.309907120371595, 0.6296889610393989, -0.1485745670388634, 0.1125671599441807, 0.8888164867701257, 0.1180720214192852, -0.1818967675844757, 0.3199354690276701, 0.3370719558401515, 0.5905494746715254, 0.06803708202584197, 0.5494999517493876, 0.6651180709099864, 0.4250104465262261, -0.07094460057470556, 0.4559636663792344, 0.7527068125347776, 0.4172037159626319]
      time_from_start: 0
    - time_from_start: 0
      positions: [-0.9539526530547197, -0.7395170367436709, 2.470222854746652, -1.832287994101769, -0.3769881759051427, -1.153730252201878, -1.0723146129463, -0.3862267422700223, -0.722580436617574, 0.1486447784571341, 0.4415204663107741, 0.001189204621674299, 0.3993084062173322, -0.7433763987787858, 0.5891949631639448, -0.1447975730856065, 0.06382667228965989, 1.077757603532438, 0.003446043573467345, -0.1620131990830523, 0.2155943126360174, 0.2735523050512469, 0.3507265096193409, 0.1471821373216713, 0.3326111831875677, 0.4866693340120669, 0.02485714893248595, -0.1691875471646854, 0.2182996689129341, 0.5450727137015494, 0.07543024715517448]
  joint_names: [kuka_arm_0_joint, kuka_arm_1_joint, kuka_arm_2_joint, kuka_arm_3_joint, kuka_arm_4_joint, kuka_arm_5_joint, kuka_arm_6_joint, WRJ2, WRJ1, FFJ4, FFJ3, FFJ2, FFJ1, KTHJ5, THJ4, THJ3, THJ2, THJ1, LFJ5, LFJ4, LFJ3, LFJ2, LFJ1, MFJ4, MFJ3, MFJ2, MFJ1, RFJ4, RFJ3, RFJ2, RFJ1]