joint_trajectory:
  points:
    - time_from_start: 0
      positions: [0, 0, 0, 0, 0, 0, 0, 0, 0, 0, 0, 0, 0, 0, 0, 0, 0, 0, 0, 0, 0, 0, 0, 0, 0, 0, 0, 0, 0, 0, 0]
    - positions: [-1.915274319317501, -0.3714514203271841, -2.233287048053929, 0.8741870913427823, -0.1840157997014193, 0.02623643138327214, 0.2468686132781444, -0.3402653194938101, 0.5204688051513553, -0.3706762395437126, 1.074209059812909, 0.2543351976924972, 0.8514169539366993, 0.08374927013553668, 0.2630119706660043, 0.1956490576210432, -0.2696896431162953, 1.103259560058825, 0.2890569910988474, 0.422537972212094, 1.169624457332622, 0.9908981771005022, 1.057275765124698, 0.04913977751024556, 1.401415718768326, 0.7911687940734839, 0.3340259652697324, -0.3839854157401961, 0.02207335500948199, 0.9875814613002722, 0.5594586810693657]
      time_from_start: 0
    - positions: [-0.1915156741186815, -0.769436512820016, 2.36533298570003, -1.622195326669826, -0.3478028513028762, -0.4488155599046582, -0.6353736796615843, -0.1646453881732644, -0.7455303358901296, -0.3667052833679489, 0.1256310878315562, 0.2229468998011142, 0.05153395295068219, -0.1331083590523032, 0.4954380503529217, -0.1725635866865199, -0.2179105419673188, 0.6424582151674672, 0.01422507286622387, 0.3483008448830266, 0.07922689263557306, 0.0513971661251203, 0.2719783373433445, -0.3651494052658623, 0.03225455156367948, 0.1851609670469495, 0.1780014051486434, 0.3714124552860718, 0.0603685347345745, 0.1694836826625561, 0.1633439875875369]
      time_from_start: 0
    - positions: [-0.1930473703010349, -0.8426592433389637, 2.554746934482614, -1.719749602103176, -0.332530708762913, -0.482706927858783, -0.6605025546452277, -0.1647914995032487, -0.7853684215706473, -0.3814451113825011, 0.102196693858247, 0.1882422124212384, 0.0198212876642177, -0.1354712349886073, 0.4804331104352923, -0.1853592893902337, -0.2255415603913371, 0.6440692178344356, 2.550641860432998e-07, 0.3738983455995503, 0.04735175800087633, 0.01197906495391981, 0.251537051025249, -0.3867755667522375, 0.006331380559372717, 0.1600620143741434, 0.1503247803115631, 0.3952936531015439, 0.03511816402804612, 0.1422318348307621, 0.1405595410347343]
      time_from_start: 0
  joint_names: [kuka_arm_0_joint, kuka_arm_1_joint, kuka_arm_2_joint, kuka_arm_3_joint, kuka_arm_4_joint, kuka_arm_5_joint, kuka_arm_6_joint, WRJ2, WRJ1, FFJ4, FFJ3, FFJ2, FFJ1, KTHJ5, THJ4, THJ3, THJ2, THJ1, LFJ5, LFJ4, LFJ3, LFJ2, LFJ1, MFJ4, MFJ3, MFJ2, MFJ1, RFJ4, RFJ3, RFJ2, RFJ1]