joint_trajectory:
  points:
    - positions: [0, 0, 0, 0, 0, 0, 0, 0, 0, 0, 0, 0, 0, 0, 0, 0, 0, 0, 0, 0, 0, 0, 0, 0, 0, 0, 0, 0, 0, 0, 0]
      time_from_start: 0
    - positions: [-2.045048846315135, 0.9076509380754483, -1.819765591324396, 0.7166870377301897, -1.294599996578105, -0.3559087586441579, 2.228440847432698, -0.3951119906476167, -0.6138784652309324, -0.2117996321399602, 0.1810150018469445, 0.1205765791449937, 0.05468931669789608, -0.06898703038863707, 0.3202394533734573, -0.17527696836857, 0.2752294345918687, 0.143978746300219, 0.05165197967805305, 0.1831384297437083, 0.1306698951638731, 0.07817276293439306, 0.1926705322570295, -0.2243862647156444, 0.1293197721694903, 0.1033614211238158, 0.1653921060243934, 0.2283209816143259, 0.1487305967434085, 0.1085970634821798, 0.1419995183333207]
      time_from_start: 0
    - time_from_start: 0
      positions: [-2.056079183160796, 0.6964336150590293, -1.855935709751954, 1.172948206479114, -1.095561378264625, -0.5966681637241317, -2.894589789294412, -0.4233834849371246, 0.47210816805734, 0.1989364242529632, 0.5881299937445331, 0.5746303652822921, 0.5658221622253069, 0.2628747917669825, 0.7568605722626671, 0.02005017924299463, -0.232944370928267, 0.2918676895946264, 0.1041745015921697, 0.3112965731009911, 1.347040844373864, 0.7463400014259, 1.036600016216831, -0.2781597566291008, 1.445638022518929, 0.3669158735977573, 0.7697218913068219, 0.08921691649664859, 1.00391050864773, 0.2145179077826737, 0.8206085611578597]
    - time_from_start: 0
      positions: [-2.60858581848355, 1.130912090203492, -2.241950041207274, 1.103933472827583, -1.710386906906923, -0.35384384223268, 2.966983401312478, -0.5233463216142709, -0.7853981633974483, -0.2843067577763869, 0.06035730856725031, 0.07074931087961663, 0.0002060921583003056, -0.0743924096842023, 0.3788486332076448, -0.2493392628706869, 0.3412951410990204, 0.1464078961203169, 0.005328743730099717, 0.2917587460061662, 0.02689834115367086, 5.805622232241529e-05, 0.1263241612077649, -0.2910671654872223, 0.03721375248793952, 0.03227969485576948, 0.08084413923009007, 0.2867183161232459, 0.07421736128201205, 0.0280637687317795, 0.04694513957019893]
  joint_names: [kuka_arm_0_joint, kuka_arm_1_joint, kuka_arm_2_joint, kuka_arm_3_joint, kuka_arm_4_joint, kuka_arm_5_joint, kuka_arm_6_joint, WRJ2, WRJ1, FFJ4, FFJ3, FFJ2, FFJ1, KTHJ5, THJ4, THJ3, THJ2, THJ1, LFJ5, LFJ4, LFJ3, LFJ2, LFJ1, MFJ4, MFJ3, MFJ2, MFJ1, RFJ4, RFJ3, RFJ2, RFJ1]