joint_trajectory:
  joint_names: [kuka_arm_0_joint, kuka_arm_1_joint, kuka_arm_2_joint, kuka_arm_3_joint, kuka_arm_4_joint, kuka_arm_5_joint, kuka_arm_6_joint, WRJ2, WRJ1, FFJ4, FFJ3, FFJ2, FFJ1, KTHJ5, THJ4, THJ3, THJ2, THJ1, LFJ5, LFJ4, LFJ3, LFJ2, LFJ1, MFJ4, MFJ3, MFJ2, MFJ1, RFJ4, RFJ3, RFJ2, RFJ1]
  points:
    - positions: [0, 0, 0, 0, 0, 0, 0, 0, 0, 0, 0, 0, 0, 0, 0, 0, 0, 0, 0, 0, 0, 0, 0, 0, 0, 0, 0, 0, 0, 0, 0]
      time_from_start: 0
    - time_from_start: 0
      positions: [-1.740869118244661, 0.7837950341268076, 0.4593926345490367, -0.5979630923391941, -1.498004870977132, 0.5335186147322464, 1.592760024472141, -0.005699725680579748, -0.2605984445382168, 0.3204969394696877, 0.9675689844546316, 1.34614979267513, 1.411324981997455, -0.2165946738081984, 1.098097692426993, 0.1824122307000682, 0.1870862613619771, 1.150343631321099, 0.0978023935676585, 0.2573272149653588, 1.480385306134085, 1.134018241116622, 1.057112526873742, 0.2251668684752992, 0.8414726377274732, 0.3418875290325371, 1.272224052800135, -0.0721738081065843, 1.03534545936522, 0.7474408491091927, 0.651242869780381]
    - time_from_start: 0
      positions: [-0.5764036942938504, -0.7486775975664532, 2.349967832858489, -1.460595012896092, -0.8398011879824239, -0.255665504530408, -0.3089685429082198, 0.1039079192592184, -0.7620067715847052, -0.1899406250509875, 0.1681091005048446, 0.04481754740260809, 0.1117544769442273, -0.1683473771911395, 0.4201855115373777, -0.1677791800390775, -0.09779636218035903, 0.6849894391588749, 0.01389083896963984, 0.1981979264006257, 0.03705659742674872, 0.124691906382851, 0.1702517581626614, -0.2015425161418389, 0.04875216065454334, 0.1646506629834567, 0.1290001488068166, 0.1915876499409425, 0.01272776589927445, 0.1853351918781388, 0.1462310499878029]
    - positions: [-0.5620355085625107, -0.7924465561885995, 2.4589487190071, -1.524487666460381, -0.8745867759580752, -0.2737794280887124, -0.2889142199602431, 0.1127892165264949, -0.7853981633974481, -0.1918686280873841, 0.1702938993068716, 0.03489030943600247, 0.1151214372554292, -0.1653923564794698, 0.4200274560040966, -0.1746467683892607, -0.09680937000616541, 0.7029751306803494, 0.01350721506834747, 0.2004822878100088, 0.02209789449546157, 0.1094364089212853, 0.164395226866716, -0.2067205408710261, 0.03529292037254018, 0.1600754697070245, 0.1194789451417487, 0.2030808868968136, 0.0002136316388205644, 0.1781183950462971, 0.1360013025402691]
      time_from_start: 0