joint_trajectory:
  points:
    - positions: [0, 0, 0, 0, 0, 0, 0, 0, 0, 0, 0, 0, 0, 0, 0, 0, 0, 0, 0, 0, 0, 0, 0, 0, 0, 0, 0, 0, 0, 0, 0]
      time_from_start: 0
    - time_from_start: 0
      positions: [-1.975422092122989, 0.5678867385602747, -0.6808576502059932, -0.8379602938140263, -0.6474327621840704, -0.2436782200406419, 0.2957400018895018, 0.02286253826886749, -0.5012619072604911, -0.1518279757865021, 0.05800841303184777, 0.2805758745815648, 0.08471399235234332, -0.04571347422192534, 0.3948958424451723, -0.1751380982711784, -0.1603514461231652, 0.5718437289635743, 0.029138824177544, 0.1714540723741415, 0.08291069420122615, 0.2058905056878653, 0.08588505849727271, -0.1561030630137679, 0.03947304072499484, 0.05853477433251263, 0.2902733803251132, 0.170330155796755, 0.07025993613760309, 0.2129516784692402, 0.1816015720695706]
    - time_from_start: 0
      positions: [-2.512884890534727, 0.867085070999901, -0.8986912316876847, -1.115977711864041, -0.9433653720078715, -0.3403911957746588, 0.3360642016953869, 0.03876830350005728, -0.6810913229198965, -0.2266570589093358, 0.03184304239645044, 0.3236355868227421, 0.03854402790404133, -0.1185408783981323, 0.5254389727078779, -0.2304943060770021, -0.2087310691543424, 0.7057902994874556, 0.01250351111470412, 0.2301775515800968, 0.04217289540443523, 0.2319785057131856, 0.09457880122206991, -0.2076052966068224, 0.03270670220399965, 0.02552013056059248, 0.3368942126368291, 0.2339942023896404, 0.05957556530633613, 0.2128112248138784, 0.1499394083898045]
    - time_from_start: 0
      positions: [-2.808030615733174, 1.047406978473119, -1.013221771061521, -1.266876692737951, -1.119412966138377, -0.4012185660573638, 0.3593023670137315, 0.04904216990739082, -0.7851210614311361, -0.2710560166241883, 0.01151866866100293, 0.3399420838166985, 0.004715740229199788, -0.1655414413141999, 0.5992852644316019, -0.2617999999999999, -0.2356828366145754, 0.7746324014763685, 1.854561880847955e-05, 0.2644291078421508, 0.01132438321610248, 0.2446211241831722, 0.09834921489605727, -0.2360048198584704, 0.02676764948794905, 0.0001472390685178329, 0.3597935301587278, 0.2691452023718785, 0.04912569366481096, 0.2064831188610867, 0.1219414095585676]
  joint_names: [kuka_arm_0_joint, kuka_arm_1_joint, kuka_arm_2_joint, kuka_arm_3_joint, kuka_arm_4_joint, kuka_arm_5_joint, kuka_arm_6_joint, WRJ2, WRJ1, FFJ4, FFJ3, FFJ2, FFJ1, KTHJ5, THJ4, THJ3, THJ2, THJ1, LFJ5, LFJ4, LFJ3, LFJ2, LFJ1, MFJ4, MFJ3, MFJ2, MFJ1, RFJ4, RFJ3, RFJ2, RFJ1]