joint_trajectory:
  points:
    - time_from_start: 0
      positions: [0, 0, 0, 0, 0, 0, 0, 0, 0, 0, 0, 0, 0, 0, 0, 0, 0, 0, 0, 0, 0, 0, 0, 0, 0, 0, 0, 0, 0, 0, 0]
    - time_from_start: 0
      positions: [-0.973991999487028, 0.5019697712696359, 1.426516102752659, 0.96567752534948, 0.2545304518251598, -0.2284007731176269, 0.7577191773533231, 0.03962987809810981, -0.4849640826149518, -0.2400724680725722, 0.2692453015291703, 0.303482309995106, 0.2740225725122258, -0.03277016094089426, 0.3008368292725226, -0.04595640726165607, 0.2060143013987487, 0.1654061744660014, 0.08012842756090642, 0.2412399294096275, 0.1288211389717939, 0.2750514755078846, 0.2651489304117629, -0.2557871338107507, 0.2151276609209103, 0.191765914992951, 0.2271039947199201, 0.2462489135611161, 0.2310434583694175, 0.1535444718037902, 0.3618399587522815]
    - time_from_start: 0
      positions: [-1.746025891309539, 0.8024193477380918, 1.950794043834435, 1.478439987506348, 0.8538042046767518, -0.1372046242760083, 1.317693731350295, 0.1350856855108561, -0.6790614941016164, -0.3796902308505884, 0.1378039216944303, 0.09043813156945703, 0.1784629046668445, -0.0964158395121909, 0.3932679673511363, -0.1302107812374761, 0.2927102063705386, 0.101266872244629, 0.01733604198392827, 0.3756882264040141, 0.1098415650048475, 0.167126189080997, 0.09835835947278229, -0.392907787690055, 0.1419492000255884, 0.08338990072236309, 0.1296659444965915, 0.3878074211133388, 0.09159538893029007, 0.07435800940708047, 0.2212121771532874]
    - time_from_start: 0
      positions: [-1.896743103596486, 0.8600664219187377, 2.025630779792763, 1.565326379092334, 0.9915915261988315, -0.1100901493018827, 1.422730945957, 0.1549475695831, -0.7098698899114805, -0.4074074224061331, 0.1040105717345478, 0.03852826163087573, 0.1498259445440733, -0.1164903578214405, 0.409280162018481, -0.1481229078336376, 0.307368811776413, 0.0857391940919979, 0.002969883204916397, 0.4005301065210223, 0.104984742295115, 0.1401800534673389, 0.05588472366124657, -0.4169168228096523, 0.1226350117184622, 0.05898055840036677, 0.102031330241137, 0.4126998619669842, 0.05756021497905205, 0.05615048094717934, 0.1836686721245527]
  joint_names: [kuka_arm_0_joint, kuka_arm_1_joint, kuka_arm_2_joint, kuka_arm_3_joint, kuka_arm_4_joint, kuka_arm_5_joint, kuka_arm_6_joint, WRJ2, WRJ1, FFJ4, FFJ3, FFJ2, FFJ1, KTHJ5, THJ4, THJ3, THJ2, THJ1, LFJ5, LFJ4, LFJ3, LFJ2, LFJ1, MFJ4, MFJ3, MFJ2, MFJ1, RFJ4, RFJ3, RFJ2, RFJ1]