joint_trajectory:
  joint_names: [kuka_arm_0_joint, kuka_arm_1_joint, kuka_arm_2_joint, kuka_arm_3_joint, kuka_arm_4_joint, kuka_arm_5_joint, kuka_arm_6_joint, WRJ2, WRJ1, FFJ4, FFJ3, FFJ2, FFJ1, KTHJ5, THJ4, THJ3, THJ2, THJ1, LFJ5, LFJ4, LFJ3, LFJ2, LFJ1, MFJ4, MFJ3, MFJ2, MFJ1, RFJ4, RFJ3, RFJ2, RFJ1]
  points:
    - time_from_start: 0
      positions: [0, 0, 0, 0, 0, 0, 0, 0, 0, 0, 0, 0, 0, 0, 0, 0, 0, 0, 0, 0, 0, 0, 0, 0, 0, 0, 0, 0, 0, 0, 0]
    - time_from_start: 0
      positions: [0.6989111901198393, 0.04756530160558614, 0.9314368210713906, 0.02887452113966082, 2.309545370291833, -1.016954275040038, 0.9451139099897392, -0.1326449012027179, -0.1776220103369901, -0.1348999010779109, 0.2785714463608893, 0.720204847786214, 1.197056630484087, -0.3955883333785459, 0.02903166315192357, -0.1762983335753903, 0.2198698639584705, 0.6160901496249717, 0.5419961978333518, 0.3102668240490796, 0.8527911566406106, 1.212111002199048, 0.6595546710859566, -0.1177867333378474, 0.7389200216796978, 0.8953528534374168, 0.05802830529451193, -0.4287682270034042, 0.3334514616136367, 1.197057105201003, 0.5584152298797243]
    - positions: [-2.332885250854714, 0.9434447243595843, -1.78067885067917, 0.4639803268708511, 2.351810430702194, 1.096487354307496, 1.375499473187033, -0.2331320265875345, -0.5988408893508593, 0.104578270923799, 0.2492206203069784, 1.309924942050526, 1.0291325925744, -0.8808460022583603, 0.1318293231383432, 0.08469281139736995, -0.06242134496863, 1.389154617707711, 0.1742041805243104, 0.04876292148252065, 1.246516854632225, 0.842306652444674, 1.09136106880002, -0.319668117542753, 1.386535710430584, 0.05711858712681584, 1.259940108530302, 0.1101916477022034, 1.233309589250936, 0.3926390208642969, 0.6927380802794697]
      time_from_start: 0
    - time_from_start: 0
      positions: [-1.898374953492689, 0.9457965525948602, -2.886387358299482, 1.049495349239015, 1.934822412656254, 0.4483057636250485, -0.209577912441387, -0.1291246089287645, -0.7853579128129661, -0.3668046650735424, 0.1372241837922114, 0.02153253456407101, 0.02182158126048726, -0.07505756066809996, 0.2689720355009085, -0.1303018582788082, -0.4690417467921105, 0.8804554362679156, 1.08991671976203e-16, 0.3550683126589214, 0.1364537615228356, 0.01581113526451105, 0.007749890187913983, -0.3539285335596626, 0.1325540556429712, 0.001730075096281443, 0.03130584929398413, 0.3650784865587144, 0.03363539463098664, 0.03348061846105094, 0.09730730974288518]