joint_trajectory:
  joint_names: [kuka_arm_0_joint, kuka_arm_1_joint, kuka_arm_2_joint, kuka_arm_3_joint, kuka_arm_4_joint, kuka_arm_5_joint, kuka_arm_6_joint, WRJ2, WRJ1, FFJ4, FFJ3, FFJ2, FFJ1, KTHJ5, THJ4, THJ3, THJ2, THJ1, LFJ5, LFJ4, LFJ3, LFJ2, LFJ1, MFJ4, MFJ3, MFJ2, MFJ1, RFJ4, RFJ3, RFJ2, RFJ1]
  points:
    - time_from_start: 0
      positions: [0, 0, 0, 0, 0, 0, 0, 0, 0, 0, 0, 0, 0, 0, 0, 0, 0, 0, 0, 0, 0, 0, 0, 0, 0, 0, 0, 0, 0, 0, 0]
    - time_from_start: 0
      positions: [1.857577117157885, 0.5309577182364144, 0.2621904508118963, -1.19436875241283, -1.691335091403277, 0.4568127741680895, 0.6701423772186401, -0.09654407208580078, -0.5776119183135686, -0.2581369913489201, 0.07017773798769554, 0.08247441642873343, 0.2015072212318275, -0.05873250301017832, 0.32046964842389, -0.1425602449837783, -0.2068251392745973, 0.5809933500823103, 0.02680292444246705, 0.249199297514607, 0.06503473904741294, 0.1929771780766117, 0.1060714222015738, -0.2871300255936629, 0.0114071030022582, 0.1283684916226933, 0.1327496074866578, 0.2727051111651785, 0.02704140047859916, 0.1773033826755772, 0.1109609933306007]
    - time_from_start: 0
      positions: [2.623726081429484, 0.8023483808036096, 0.3135550633692833, -1.710535154867429, -2.253252617073915, 0.6001005802285541, 0.9328197230450067, -0.09723652385004859, -0.7853642551367168, -0.3638567664774185, 0.01836465586759017, 0.03461040812192883, 0.1765929627101571, -0.1079907113594999, 0.3886143195929955, -0.1943088656107118, -0.3226184687846195, 0.751218390086075, 0.00175435447014653, 0.3445474753225917, 0.01912389618107588, 0.1331861552987307, 0.08686180478870272, -0.3836899191506441, 0.00231897139420971, 0.1115281202511679, 0.1047342519034863, 0.3626797907470798, 0.008544777992726897, 0.1667112534702381, 0.05725391229014036]