joint_trajectory:
  points:
    - positions: [0, 0, 0, 0, 0, 0, 0, 0, 0, 0, 0, 0, 0, 0, 0, 0, 0, 0, 0, 0, 0, 0, 0, 0, 0, 0, 0, 0, 0, 0, 0]
      time_from_start: 0
    - positions: [-0.5897131110857348, 0.5463244683160965, 0.6565327103159814, 0.2775196054720122, 0.5031998799644022, -0.2945315768429853, 0.7082737482295928, 0.05637196889901589, -0.3612189205318629, -0.1702873358827648, 0.04516545879699088, 0.0899660519492182, 0.121097119736798, -0.05007878527515815, 0.2269218483992875, -0.11241527667137, -0.25237480120449, 0.4788191300910222, 0.01043573989665819, 0.1521309648674865, 0.09507047403493923, 0.09451929736194514, 0.100928913976621, -0.2004223318015892, 0.09503018716223141, 0.1326450171442924, 0.121429820358187, 0.1530404841244879, 0.08470964095279582, 0.1138998966638465, 0.088476157983192]
      time_from_start: 0
    - positions: [-1.26081512896941, 1.011173999632303, 1.413280283809978, 0.6939309209323754, 0.8860417284789127, -0.5508562696163443, 1.289643385711605, 0.1235169514912083, -0.6495310686639961, -0.3069749240641976, 0.02858918389995742, 0.1029659064038992, 0.08388612523853137, -0.04248050761525739, 0.3361267486842281, -0.2086515629758761, -0.4375296859239494, 0.8185117390778247, 0.006268340394414862, 0.2939235565901803, 0.09456879899539963, 0.05957554178544568, 0.05958085106087366, -0.3379699414538128, 0.07996462944855492, 0.08272620344694866, 0.114093358061288, 0.2857436370126353, 0.06394649069153509, 0.1050883556187167, 0.06815685054880144]
      time_from_start: 0
    - positions: [-1.64145109848549, 1.22209635057183, 1.81454015650394, 0.9473826675474889, 1.043001295252594, -0.6752873228169872, 1.620486552850976, 0.1672313213588298, -0.7837513486453986, -0.3685807201444729, 0.00172318764422076, 0.0930443647874122, 0.03648053454784578, -0.03761509734799039, 0.3584654672967543, -0.2588553190670524, -0.5236864978791104, 0.9647896551533623, 2.629901649594535e-05, 0.365187571717901, 0.07249728920224557, 0.0005341452737002402, 0.01125837223861277, -0.3949549017579097, 0.0384114347214962, 0.01181062689228617, 0.07438128088197762, 0.3485390921474716, 0.02080204548509633, 0.08476130255336065, 0.03109473273781111]
      time_from_start: 0
  joint_names: [kuka_arm_0_joint, kuka_arm_1_joint, kuka_arm_2_joint, kuka_arm_3_joint, kuka_arm_4_joint, kuka_arm_5_joint, kuka_arm_6_joint, WRJ2, WRJ1, FFJ4, FFJ3, FFJ2, FFJ1, KTHJ5, THJ4, THJ3, THJ2, THJ1, LFJ5, LFJ4, LFJ3, LFJ2, LFJ1, MFJ4, MFJ3, MFJ2, MFJ1, RFJ4, RFJ3, RFJ2, RFJ1]