joint_trajectory:
  joint_names: [kuka_arm_0_joint, kuka_arm_1_joint, kuka_arm_2_joint, kuka_arm_3_joint, kuka_arm_4_joint, kuka_arm_5_joint, kuka_arm_6_joint, WRJ2, WRJ1, FFJ4, FFJ3, FFJ2, FFJ1, KTHJ5, THJ4, THJ3, THJ2, THJ1, LFJ5, LFJ4, LFJ3, LFJ2, LFJ1, MFJ4, MFJ3, MFJ2, MFJ1, RFJ4, RFJ3, RFJ2, RFJ1]
  points:
    - time_from_start: 0
      positions: [0, 0, 0, 0, 0, 0, 0, 0, 0, 0, 0, 0, 0, 0, 0, 0, 0, 0, 0, 0, 0, 0, 0, 0, 0, 0, 0, 0, 0, 0, 0]
    - positions: [-0.5090445791066052, -0.1736629023074832, 1.51710637930517, -0.9669260094716079, 0.3891831085069191, -0.07283188677133764, -1.414422655189459, -0.06837428802514006, -0.4078599591732662, -0.2032127037023165, 0.1561115444428801, 0.1650074383253425, 0.1433033406450412, -0.05900672891053459, 0.3257434631681483, -0.1379909029436853, -0.1320416025500927, 0.4956528287600716, 0.05431719513520324, 0.1997594277872377, 0.09650798168911034, 0.2021183477797878, 0.2295135082124795, -0.1867322861787507, 0.1779881293281723, 0.1060679226636586, 0.2407550057898504, 0.1572675969746098, 0.08757337753253466, 0.05084876272438393, 0.256220315425829]
      time_from_start: 0
    - positions: [-0.6887368335020302, -0.2614681422073506, 2.013950169629536, -1.292269649119097, 0.585117314407776, -0.09369256669076233, -1.810436010431159, -0.07975362049775647, -0.5474776918427517, -0.2715408213878173, 0.1662703603205672, 0.1861272343207178, 0.155062749630385, -0.06856825642748759, 0.419329516939664, -0.1840520980900401, -0.1780243657800518, 0.6178645870561963, 0.05581455974929987, 0.2680207995905453, 0.09886961816572257, 0.2128624236135104, 0.2496303078854317, -0.2543689582076398, 0.1895049664702697, 0.1141608025642613, 0.261101234520584, 0.2281044961548767, 0.09522717586154963, 0.05044730923810805, 0.2904565356202702]
      time_from_start: 0
    - positions: [-0.9536648267804926, -0.4314187835117337, 2.914773875130988, -1.768581461731008, 1.055116360620899, -0.1420764715552563, -2.290763727329801, -0.07003629362967109, -0.7841137463079912, -0.376777406971385, 0.03743730228475812, 0.1417978380727333, 0.06593161837921645, -0.09815973486514677, 0.5161513241076958, -0.2617999999999999, -0.2669741718617418, 0.6872343132231201, 1.735889183356975e-16, 0.3753411573937999, 0.0187284870859, 0.101341484700994, 0.1365288809219761, -0.3946347292477942, 0.08248176871289845, 0.04095169558278888, 0.1563096091965586, 0.3948285957429828, 0.03269029190555175, 0.004146981725772413, 0.2321845622472609]
      time_from_start: 0