joint_trajectory:
  points:
    - positions: [0, 0, 0, 0, 0, 0, 0, 0, 0, 0, 0, 0, 0, 0, 0, 0, 0, 0, 0, 0, 0, 0, 0, 0, 0, 0, 0, 0, 0, 0, 0]
      time_from_start: 0
    - positions: [-0.9592329033537014, -0.1688658793635542, 1.634754784573013, -1.346513729249447, 0.06145312205078857, -0.0397651287766586, -1.22413550854765, 0.07288047929792713, -0.4522814587460145, -0.3035123156554559, 0.3089286159643456, 0.2329943668543987, 0.2078463763717933, -0.06357272551051882, 0.5623111872263444, -0.1715154130045876, -0.1679118953304603, 0.643554088749848, 0.07499719560624402, 0.1869037718016062, 0.07564826394041524, 0.2538688227130363, 0.1996379138770208, -0.2566946541025785, 0.2575267166534392, 0.3895020820212824, 0.220929635271084, 0.2290700626122528, 0.318748301377749, 0.2083275039028428, 0.3713864925048216]
      time_from_start: 0
    - positions: [-1.730597016092835, -0.4988872050967617, 2.966394377807888, -1.747242082122213, 0.6292155616664695, -0.1454174898448632, -2.039075771364924, 0.1745293602101861, -0.7853981633974481, -0.4073563048889843, 0.058236530933013, 0.1019063414884256, 0.1032093676287884, -0.1101938630707799, 0.5296838953705783, -0.2616804658082484, -0.2548623803823873, 0.6487827870210803, 0.01967679173696944, 0.4044758760775034, 0.01097484277350804, 0.1010025629529086, 0.1550799664248847, -0.4266634546166443, 0.04276785770556998, 0.1630871326377631, 0.05851960259400591, 0.4127106695667432, 0.09219102686272113, 0.0211579152519549, 0.167838754463344]
      time_from_start: 0
  joint_names: [kuka_arm_0_joint, kuka_arm_1_joint, kuka_arm_2_joint, kuka_arm_3_joint, kuka_arm_4_joint, kuka_arm_5_joint, kuka_arm_6_joint, WRJ2, WRJ1, FFJ4, FFJ3, FFJ2, FFJ1, KTHJ5, THJ4, THJ3, THJ2, THJ1, LFJ5, LFJ4, LFJ3, LFJ2, LFJ1, MFJ4, MFJ3, MFJ2, MFJ1, RFJ4, RFJ3, RFJ2, RFJ1]