joint_trajectory:
  points:
    - positions: [0, 0, 0, 0, 0, 0, 0, 0, 0, 0, 0, 0, 0, 0, 0, 0, 0, 0, 0, 0, 0, 0, 0, 0, 0, 0, 0, 0, 0, 0, 0]
      time_from_start: 0
    - positions: [-2.206073239719034, 0.452795900684389, -0.2864974921575693, -1.393907728729872, 1.855660724764063, 0.2396171841592827, 2.100244821148324, -0.2479181589818275, -0.6630494749408032, -0.1008162715381045, 0.1605317410791773, 0.1610430422486625, 0.117466269732166, -0.1923039416587635, 0.3139255404686945, -0.1261348737813104, -0.1273260566955099, 0.7064459330879532, 0.02863804746728268, 0.06742252559325362, 0.1466532923850007, 0.1141673766696731, 0.1515677441460289, -0.1181367281779983, 0.06811228088685364, 0.07862414552126991, 0.1843881781755141, 0.105949411741252, 0.1407453560282316, 0.1823193473767615, 0.09080989942911362]
      time_from_start: 0
    - positions: [-2.077702339824048, 0.4947310713624187, -0.5531604323724817, -1.368741973219855, 2.151244329510842, 0.1615056160953572, 1.793580433788086, -0.2483496011590099, -0.7318053141449494, -0.07408337232744283, 0.3805373231844468, 0.1293756513572971, 0.2939022579733141, -0.4695670055317113, 0.4614314699611956, 0.0775058903669007, -0.2462596967291246, 0.822278469943619, 0.3101544428082845, 0.04474600619841568, 0.3928313725463035, 0.1461977958653674, 0.4604682349214654, 0.3490711387761554, 0.03437730606224936, 0.06305209923562144, 0.2639802800980185, -0.1536496362876839, 0.05516186042300326, 0.5273482712834817, 0.4052399052293342]
      time_from_start: 0
    - time_from_start: 0
      positions: [-2.686260701275962, 0.5977840989111258, -0.2420150279594465, -1.67545514865084, 2.200804583798867, 0.295757025870484, 2.697385694780001, -0.2700160555368848, -0.7853932450357411, -0.1470606105636421, 0.053525451354613, 0.1080937520377807, 0.05277397352061814, -0.1479148694899908, 0.3143653376016992, -0.1419433148592797, -0.151951088309344, 0.8058434378624655, 6.275785612554403e-05, 0.09645883646435302, 0.05587536950264049, 0.04835981655863647, 0.1219851171344267, -0.1348198854143745, 0.04948104400205194, 0.02084673323989918, 0.1552103809505714, 0.1425057051283805, 0.09240328160680839, 0.106098530015944, 0.03733777574555022]
  joint_names: [kuka_arm_0_joint, kuka_arm_1_joint, kuka_arm_2_joint, kuka_arm_3_joint, kuka_arm_4_joint, kuka_arm_5_joint, kuka_arm_6_joint, WRJ2, WRJ1, FFJ4, FFJ3, FFJ2, FFJ1, KTHJ5, THJ4, THJ3, THJ2, THJ1, LFJ5, LFJ4, LFJ3, LFJ2, LFJ1, MFJ4, MFJ3, MFJ2, MFJ1, RFJ4, RFJ3, RFJ2, RFJ1]