joint_trajectory:
  points:
    - positions: [0, 0, 0, 0, 0, 0, 0, 0, 0, 0, 0, 0, 0, 0, 0, 0, 0, 0, 0, 0, 0, 0, 0, 0, 0, 0, 0, 0, 0, 0, 0]
      time_from_start: 0
    - time_from_start: 0
      positions: [2.895704787743652, 0.9251696635185742, -0.8148019811393032, -1.403884571505322, 1.043481020250896, -0.4600834122037718, 2.609929190816332, -0.4189656909627174, -0.3584911757354668, -0.122238626916767, 1.414323066193972, 1.470279725150391, 0.8218407814447769, 0.9663959871553816, 0.06407166955829598, -0.2046878786657005, -0.2493403090612498, 0.1006281133543234, 0.05467014100224211, -0.1753610692670209, 0.9969797440678726, 0.09636919889507904, 0.2383357234787971, -0.1476559942743626, 0.7454406509586317, 0.8256198276343505, 0.7341670699630529, 0.2778571881909902, 0.4497499412031888, 0.01693061827958505, 0.8231773227856557]
    - positions: [0.7125434190739933, -0.6542341535958824, 1.051790388313905, 1.012716863902492, 0.8130171862631533, 0.5222031075498205, 0.4561280774735686, -0.002369196139662841, -0.468710177335888, -0.2821366195170562, 0.2385513835639721, 0.3472782641722696, 0.2063132718676298, -0.0008661732714336052, 0.5066273507735521, -0.1661712367127655, -0.0737825716185033, 0.7286963778268126, 0.09087155384733257, 0.1331860267101391, 0.2476501623103412, 0.2354737916592197, 0.3471552649762696, -0.2157346970116579, 0.277190195569827, 0.4239692326636114, 0.2410327197488621, 0.1945244695509322, 0.4520909604752583, 0.2820987847425237, 0.2671332309495658]
      time_from_start: 0
    - positions: [0.2812962570481146, -1.112404597338799, 0.8271978348472542, 1.249006788229646, 1.048237339358118, 0.8394713971531825, 0.2007030945127272, 0.1221412742453888, -0.7853981633974483, -0.3226129557984651, 0.15542876874351, 0.05963536317135322, 0.07344279471611323, -0.1377951845402954, 0.5242442840917413, -0.2581920569046754, -0.1909628193405593, 0.6793869266747835, 0.004412990473239277, 0.3178378134922958, 0.008572238358992275, 0.183473319905954, 0.09765777904434683, -0.3130592060834915, 0.02893285574292837, 0.2125362124854304, 0.06727695075212961, 0.3232179348113011, 0.1265935988015398, 0.02240910262134995, 0.1501203840085334]
      time_from_start: 0
  joint_names: [kuka_arm_0_joint, kuka_arm_1_joint, kuka_arm_2_joint, kuka_arm_3_joint, kuka_arm_4_joint, kuka_arm_5_joint, kuka_arm_6_joint, WRJ2, WRJ1, FFJ4, FFJ3, FFJ2, FFJ1, KTHJ5, THJ4, THJ3, THJ2, THJ1, LFJ5, LFJ4, LFJ3, LFJ2, LFJ1, MFJ4, MFJ3, MFJ2, MFJ1, RFJ4, RFJ3, RFJ2, RFJ1]