joint_trajectory:
  points:
    - positions: [0, 0, 0, 0, 0, 0, 0, 0, 0, 0, 0, 0, 0, 0, 0, 0, 0, 0, 0, 0, 0, 0, 0, 0, 0, 0, 0, 0, 0, 0, 0]
      time_from_start: 0
    - positions: [-2.317073891196079, 0.6523160392226697, -0.3392023019879585, -1.136762941998236, 1.911324064909227, 0.01849302818220234, 2.392975558562521, -0.004806308054824955, -0.7261992765450707, -0.1466173384302435, 0.07192771046829605, 0.146997373260085, 0.181080987863628, -0.1193639940660127, 0.479817551289567, -0.2057701855524028, 0.1465692749517882, 0.5080365859814353, 0.0214460454739025, 0.134196569536614, 0.0527753775358205, 0.1524168164676568, 0.1731055087972429, -0.1429216563348601, 0.05328783016718409, 0.1491044178140912, 0.1899612836887206, 0.1396827958725675, 0.05539875000235707, 0.2484221485996087, 0.0633806557037724]
      time_from_start: 0
    - time_from_start: 0
      positions: [-2.770309759097749, 0.7966227906609057, -0.24560572226859, -1.312721954956126, 2.109943899917707, 0.02208023135019814, 2.835768397209506, 0.001796496046907289, -0.7846622935385591, -0.1473680401771069, 6.884855856831685e-05, 0.07115862541168641, 0.200324196788615, -0.1672815975447814, 0.470013301306312, -0.2406563999627527, 0.1685183831577959, 0.4953288801707195, 9.512426830695889e-05, 0.1462669890289475, 7.33926819137862e-05, 0.1044505408338533, 0.1741220186495225, -0.1586613067212303, 0.04169605206065932, 0.08326090975985664, 0.1507778401935815, 0.1590436726981113, 4.563196525442178e-06, 0.2301555438782359, 0.04736278763481097]
  joint_names: [kuka_arm_0_joint, kuka_arm_1_joint, kuka_arm_2_joint, kuka_arm_3_joint, kuka_arm_4_joint, kuka_arm_5_joint, kuka_arm_6_joint, WRJ2, WRJ1, FFJ4, FFJ3, FFJ2, FFJ1, KTHJ5, THJ4, THJ3, THJ2, THJ1, LFJ5, LFJ4, LFJ3, LFJ2, LFJ1, MFJ4, MFJ3, MFJ2, MFJ1, RFJ4, RFJ3, RFJ2, RFJ1]