joint_trajectory:
  points:
    - positions: [0, 0, 0, 0, 0, 0, 0, 0, 0, 0, 0, 0, 0, 0, 0, 0, 0, 0, 0, 0, 0, 0, 0, 0, 0, 0, 0, 0, 0, 0, 0]
      time_from_start: 0
    - time_from_start: 0
      positions: [1.8909974326584, 0.4905029486899143, 0.6706702107950975, -1.526135372283857, -1.700160804464943, 0.3635263868457065, 0.461097664630794, 0.06160460472805333, -0.6672931266460291, -0.3298145734139002, 0.127137849556988, 0.1343366378858159, 0.1433728496901679, -0.1388622782884212, 0.3892303080102734, -0.1105054260545407, -0.2506038725020827, 0.6901075934390665, 0.02084878795686649, 0.3282140191703946, 0.04173324390608742, 0.2851573813763827, 0.03871503878938971, -0.3189853896984435, 0.1180933777494409, 0.1293417808617273, 0.1474122272204144, 0.3145536848033771, 0.1133488150469005, 0.06372612473313606, 0.2230362668395647]
    - time_from_start: 0
      positions: [2.103174132599596, 0.5674392759766379, 0.5149620805777162, -1.718647037238411, -1.911377600841721, 0.473239136069237, 0.3742793340906274, 0.08912943850401324, -0.7853981633974483, -0.3852288514436765, 0.1241101953967564, 0.07164169078756491, 0.05338868742314905, -0.1027069265747719, 0.3849130004533248, -0.132610378439343, -0.3056586279808544, 0.7380338976035256, 0.00783822696174255, 0.3667704194421796, 0.01221104679744757, 0.2240845476100144, 0.02226450687974488, -0.3770032534500642, 0.07911920735630777, 0.04068485203203577, 0.1383406142046109, 0.3772846938268918, 0.07379622415875833, 0.03843832501425642, 0.1506252497682647]
  joint_names: [kuka_arm_0_joint, kuka_arm_1_joint, kuka_arm_2_joint, kuka_arm_3_joint, kuka_arm_4_joint, kuka_arm_5_joint, kuka_arm_6_joint, WRJ2, WRJ1, FFJ4, FFJ3, FFJ2, FFJ1, KTHJ5, THJ4, THJ3, THJ2, THJ1, LFJ5, LFJ4, LFJ3, LFJ2, LFJ1, MFJ4, MFJ3, MFJ2, MFJ1, RFJ4, RFJ3, RFJ2, RFJ1]