joint_trajectory:
  points:
    - positions: [0, 0, 0, 0, 0, 0, 0, 0, 0, 0, 0, 0, 0, 0, 0, 0, 0, 0, 0, 0, 0, 0, 0, 0, 0, 0, 0, 0, 0, 0, 0]
      time_from_start: 0
    - time_from_start: 0
      positions: [-0.9050406449250038, -0.7783571309669826, 1.408406704231771, -1.098852532445579, 1.342186588018389, 0.349815444626062, -2.109407533152431, 0.1200201926397263, -0.6086892277825976, -0.2346394528035599, 0.1479638395433154, 0.1952925508972908, 0.2242044508700872, -0.133479766854922, 0.3924307493328587, -0.1474694701885779, -0.1425873770152167, 0.7147278869429221, 0.04541005082471618, 0.1964314538153787, 0.181087793002445, 0.1778037857564219, 0.2102817347564597, -0.2088616983487451, 0.1705951964640703, 0.2309350951513383, 0.20370901711393, 0.1742533734339969, 0.1823885050655031, 0.1640918820879537, 0.1667571894495817]
    - positions: [-0.8488190359683718, -1.14432526177929, 1.968512574245043, -1.254492626472363, 1.752947206496552, 0.4852204924565007, -2.464239670890218, 0.1426734568768298, -0.7819353814711202, -0.2630502538306583, 0.02374561194855648, 0.1390180992444207, 0.06220471791117958, -0.1303583279968029, 0.3653465491518157, -0.1728302247054835, -0.2281442374856137, 0.7660253582636619, 0.01874218952004733, 0.2572100925336558, 0.003867939875667819, 0.102847235914377, 0.1324028232787903, -0.239143122244391, 0.08363377259007865, 0.1094189166440169, 0.0397206416734052, 0.247752368617082, 0.04429883238203382, 0.06791621092740857, 0.1169591780569592]
      time_from_start: 0
  joint_names: [kuka_arm_0_joint, kuka_arm_1_joint, kuka_arm_2_joint, kuka_arm_3_joint, kuka_arm_4_joint, kuka_arm_5_joint, kuka_arm_6_joint, WRJ2, WRJ1, FFJ4, FFJ3, FFJ2, FFJ1, KTHJ5, THJ4, THJ3, THJ2, THJ1, LFJ5, LFJ4, LFJ3, LFJ2, LFJ1, MFJ4, MFJ3, MFJ2, MFJ1, RFJ4, RFJ3, RFJ2, RFJ1]