joint_trajectory:
  points:
    - positions: [0, 0, 0, 0, 0, 0, 0, 0, 0, 0, 0, 0, 0, 0, 0, 0, 0, 0, 0, 0, 0, 0, 0, 0, 0, 0, 0, 0, 0, 0, 0]
      time_from_start: 0
    - time_from_start: 0
      positions: [1.765947162608948, -0.8508644236434213, 1.667266513298924, -1.441075505169751, 1.802022811398405, 0.404912535203292, -2.303101956874509, -0.09776678168307171, -0.5888083511462517, -0.2416957616451113, 0.1521857681366752, 0.1814412318240963, 0.08089283121950212, -0.04735752047015462, 0.4477368383554066, -0.1984132688113589, 0.1371698800893923, 0.2995464571496215, 0.0383666280568989, 0.2499999398361308, 0.1340028133740351, 0.09180477902055438, 0.146905370349161, -0.2647714715446871, 0.07542460691788068, 0.1579606273233788, 0.1952440184270929, 0.2480967966496155, 0.1225689627290176, 0.1631640461038553, 0.1262611043133755]
    - time_from_start: 0
      positions: [2.359493649583405, -1.108765049167027, 1.9605914352927, -1.823576947083355, 2.467584833189165, 0.3982360874439745, -2.926504431406875, -0.1198816117096771, -0.7853981633974482, -0.3021664068895876, 0.1112621483485517, 0.1057581637712685, 0.04278684593852371, -0.1312899075244393, 0.4777828181847727, -0.25411093277914, 0.2041526465734021, 0.2788943019182154, 0.006982351918148199, 0.31028863525525, 0.02600199618949302, 0.05787797111313229, 0.1797709107384219, -0.3225337666679498, 0.009665350745305064, 0.09199837628103623, 0.1456002712309244, 0.3044222929760227, 0.02147476870535733, 0.1534831234215185, 0.07435258354241372]
  joint_names: [kuka_arm_0_joint, kuka_arm_1_joint, kuka_arm_2_joint, kuka_arm_3_joint, kuka_arm_4_joint, kuka_arm_5_joint, kuka_arm_6_joint, WRJ2, WRJ1, FFJ4, FFJ3, FFJ2, FFJ1, KTHJ5, THJ4, THJ3, THJ2, THJ1, LFJ5, LFJ4, LFJ3, LFJ2, LFJ1, MFJ4, MFJ3, MFJ2, MFJ1, RFJ4, RFJ3, RFJ2, RFJ1]