joint_trajectory:
  joint_names: [kuka_arm_0_joint, kuka_arm_1_joint, kuka_arm_2_joint, kuka_arm_3_joint, kuka_arm_4_joint, kuka_arm_5_joint, kuka_arm_6_joint, WRJ2, WRJ1, FFJ4, FFJ3, FFJ2, FFJ1, KTHJ5, THJ4, THJ3, THJ2, THJ1, LFJ5, LFJ4, LFJ3, LFJ2, LFJ1, MFJ4, MFJ3, MFJ2, MFJ1, RFJ4, RFJ3, RFJ2, RFJ1]
  points:
    - time_from_start: 0
      positions: [0, 0, 0, 0, 0, 0, 0, 0, 0, 0, 0, 0, 0, 0, 0, 0, 0, 0, 0, 0, 0, 0, 0, 0, 0, 0, 0, 0, 0, 0, 0]
    - time_from_start: 0
      positions: [0.1641456103835054, 0.0627039220631864, 0.003717344673359286, -0.1197883151531069, -0.1081639293109685, 0.03231607041335987, -0.08835046707703659, -0.01160186081066894, -0.006236130232646447, -0.02821173589613264, 0.05881283319389997, 0.04109401595987346, 0.06176639090360183, -0.007334094636294922, 0.07797137731642174, -0.0004020641074743451, -0.01377478661479838, 0.07050959677943752, 0.02735597271652655, -0.0002782978045202658, 0.01440657464337228, 0.06897365557187574, 0.0277184265131185, -0.009773759767542464, 0.06489229250004522, 0.01807708933978032, 0.04092406820933576, 0.005532112303339027, 0.008619883587136445, 0.005390104692420296, 0.03034295553778721]
    - time_from_start: 0
      positions: [2.460576588944466, 0.9085723858666243, -0.6125393942512976, -1.153362143694633, -0.6980658353034784, -0.1035160521037277, 0.441514524249765, 0.07021268619994889, -0.6135762705938959, -0.2809303696910468, 0.1848380609288941, 0.3248897139265808, 0.1376621130543951, -0.08834164137337266, 0.4940524005955842, -0.1867245573323769, -0.3610675528813541, 0.8245019171448954, 0.07491822650976779, 0.250039417401722, 0.08017453607203515, 0.2010278318005941, 0.2696979383991701, -0.2574802319233347, 0.1232322249682787, 0.1703316221867734, 0.2006230889247579, 0.2512747557328422, 0.1817228725506993, 0.0779608682729805, 0.3059342390687844]
    - time_from_start: 0
      positions: [2.96705972839, 1.176904365945174, -1.018656248753419, -1.499075251025253, -0.9705640191837307, -0.1103850905291337, 0.4437828232711108, 0.1745329251994327, -0.7853981633974481, -0.365597124502496, 5.225454568596147e-05, 0.1590628217613962, 0.1254559703940799, -0.1242160230842493, 0.5397035253394729, -0.2617999999999999, -0.4696794859784933, 0.9088967657356385, 8.600886299264028e-17, 0.3522925366824246, 0.02528513014350921, 0.05445844992148824, 0.212232556936849, -0.3540099782224291, 0.002050727515132484, 0.1761583400617372, 0.1092207198131192, 0.3526616152768285, 0.02419443413026673, 0.06457206917076737, 0.2040786295272407]