joint_trajectory:
  joint_names: [kuka_arm_0_joint, kuka_arm_1_joint, kuka_arm_2_joint, kuka_arm_3_joint, kuka_arm_4_joint, kuka_arm_5_joint, kuka_arm_6_joint, WRJ2, WRJ1, FFJ4, FFJ3, FFJ2, FFJ1, KTHJ5, THJ4, THJ3, THJ2, THJ1, LFJ5, LFJ4, LFJ3, LFJ2, LFJ1, MFJ4, MFJ3, MFJ2, MFJ1, RFJ4, RFJ3, RFJ2, RFJ1]
  points:
    - time_from_start: 0
      positions: [0, 0, 0, 0, 0, 0, 0, 0, 0, 0, 0, 0, 0, 0, 0, 0, 0, 0, 0, 0, 0, 0, 0, 0, 0, 0, 0, 0, 0, 0, 0]
    - time_from_start: 0
      positions: [1.341516690669785, -0.53097115790931, 1.603776477593357, -1.01886149586938, -1.370405434846204, -0.0524388602312526, 0.8873804676809363, 0.007898598334098351, -0.5319048833412667, -0.06566390554404308, 0.09938217873871885, 0.02463715964232812, 0.1957250891577548, -0.1658467283679526, 0.3072968366785104, -0.08733747647538559, 0.2310976615227681, 0.2744064274113205, 0.03846582152263783, 0.08260802271066731, 0.1564567543636232, 0.07465940521462756, 0.1742268730097409, -0.1228878218286738, 0.2644864237951313, 0.01794107823991952, 0.06758722851127454, 0.08571397293765481, 0.06321408750310133, 0.179018608774645, 0.195343577115341]
    - positions: [1.774014820594384, -0.4091688152587799, 1.774002596435266, -1.430188339660264, -1.965964506726389, -0.2395300668846865, 1.174305886398561, -0.3401221533920114, -0.6359380244906372, -0.4317339946305485, 0.1194089040252807, 0.3452423037512778, 0.0966482827055416, 0.0337781986854, 0.3193900409104313, 0.009036852318048461, 0.1614630494035327, 0.5307710625768721, 0.1102004464211287, 0.2811657084769713, 0.2062979730424655, 0.2396945040131898, 0.2902709032192738, -0.4143340793215034, 0.20406368532169, 0.1631665621076487, 0.1853395759534042, -0.08375533096729346, 0.04108999940713747, 0.02318080551776558, 0.334469157158893]
      time_from_start: 0
    - time_from_start: 0
      positions: [2.159067223838764, -0.7696558907848448, 2.13215656986387, -1.591998841403444, -2.013144388251073, -0.05764706038464512, 1.14934676683647, 0.02101884003025649, -0.7756304225788931, -0.122547894176051, 0.08418849389869199, 0.02068860735536654, 0.2199878582241681, -0.2188808561623752, 0.3787931789154801, -0.1214900517767392, 0.3105417400194982, 0.3715638407733565, 0.02681623304924815, 0.1254727110260316, 0.1383030184313307, 0.01987228077983917, 0.1435576417847901, -0.1518089543129739, 0.2490390280078002, 0.0004866701381863723, 0.08194412178761891, 0.1591180301821006, 0.0007005854645742729, 0.1605222416183754, 0.1694364551279259]