joint_trajectory:
  points:
    - positions: [0, 0, 0, 0, 0, 0, 0, 0, 0, 0, 0, 0, 0, 0, 0, 0, 0, 0, 0, 0, 0, 0, 0, 0, 0, 0, 0, 0, 0, 0, 0]
      time_from_start: 0
    - positions: [0.2798457431352744, -0.8856333195819889, -1.233214531788683, -0.7110193227966787, -1.195013843414206, 0.209510410087311, -0.01411881122655723, -0.4683956576170135, -0.346157991143269, 0.1910346464345389, 0.1265349971291991, 0.5037952462455809, 0.6462037362130186, -0.2860401043119071, 0.839059531075127, 0.029114552040305, 0.2229229208381963, 0.7373082365831825, 0.4545040860464314, -0.2175937896873552, 0.3357049967354179, 0.7025455342090701, 0.4100540775507041, 0.1620029787983181, 0.2356383239872676, 0.03666717140442022, 0.719196932868173, 0.02496356907808853, 0.5047251400387511, 0.7757911032251027, 0.459686946052717]
      time_from_start: 0
    - time_from_start: 0
      positions: [-0.1683698545192283, -1.053995252312392, -1.131079590534192, -1.092432439426891, -1.147974524735632, 0.6287696115745264, -0.2751641479551183, -0.2214833149627469, -0.671779323440136, -0.1776539096300065, 0.455894591705856, 0.2472190530628753, 0.2654602855707016, -0.1599976119377706, 0.4600620931279539, -0.1094024871435179, 0.1153051959918015, 0.3745125366131662, 0.06800864298100584, 0.1909279342258459, 0.3069555301993925, 0.3888075270008957, 0.1665279377395022, -0.2293626870459186, 0.2645585294147956, 0.1702755881971821, 0.3865636645168323, 0.1949112854550775, 0.3934989931301859, 0.3541106868358588, 0.1641732045801164]
    - positions: [-0.7633133965407838, -1.499309170524315, -1.575484652864436, -1.580818916504023, -2.396520365976413, 0.7766116806885156, -0.3117468847521294, -0.2081457474704053, -0.7853981633974481, -0.3037043069176185, 0.2234721519706446, 0.03896190018936074, 0.02462386494835242, -0.1450136059790689, 0.4401791619379984, -0.1558899132685664, 0.201532159033258, 0.2934000388078315, 0.01128131814481023, 0.2999957289812525, 0.007107906758617681, 0.2515232828991442, 0.0556842557069814, -0.3326591223069019, 0.03513808134898354, 0.07283251118271676, 0.1884369358883096, 0.320341549945321, 0.1870463353389497, 0.1222907177400042, 0.00588653645607892]
      time_from_start: 0
  joint_names: [kuka_arm_0_joint, kuka_arm_1_joint, kuka_arm_2_joint, kuka_arm_3_joint, kuka_arm_4_joint, kuka_arm_5_joint, kuka_arm_6_joint, WRJ2, WRJ1, FFJ4, FFJ3, FFJ2, FFJ1, KTHJ5, THJ4, THJ3, THJ2, THJ1, LFJ5, LFJ4, LFJ3, LFJ2, LFJ1, MFJ4, MFJ3, MFJ2, MFJ1, RFJ4, RFJ3, RFJ2, RFJ1]