joint_trajectory:
  joint_names: [kuka_arm_0_joint, kuka_arm_1_joint, kuka_arm_2_joint, kuka_arm_3_joint, kuka_arm_4_joint, kuka_arm_5_joint, kuka_arm_6_joint, WRJ2, WRJ1, FFJ4, FFJ3, FFJ2, FFJ1, KTHJ5, THJ4, THJ3, THJ2, THJ1, LFJ5, LFJ4, LFJ3, LFJ2, LFJ1, MFJ4, MFJ3, MFJ2, MFJ1, RFJ4, RFJ3, RFJ2, RFJ1]
  points:
    - positions: [0, 0, 0, 0, 0, 0, 0, 0, 0, 0, 0, 0, 0, 0, 0, 0, 0, 0, 0, 0, 0, 0, 0, 0, 0, 0, 0, 0, 0, 0, 0]
      time_from_start: 0
    - positions: [2.394884025535386, -0.9713453663046533, -2.236909514992471, 0.5530937524787749, -1.321539927574423, -1.072104412779955, -0.441495102799923, 0.0262457004260721, 0.217073279321967, -0.4229657479481308, 0.3621871796229733, 0.40264970893532, 0.4592289891178386, -0.8254146401952021, 1.096207621621201, -0.2513150068091228, 0.2006969795168844, 0.401274035112001, 0.1377228520772146, 0.003398367028643323, 1.029944048363359, 0.3565228672473587, 1.524067432504133, -0.2379506362213323, 0.9866514623335139, 1.173044213402035, 1.036632037299208, 0.2113955247610169, 0.6216479865662249, 0.807498380871983, 0.7645359721610613]
      time_from_start: 0
    - time_from_start: 0
      positions: [1.716734729639891, 0.7190588592543514, -2.356442089931023, 1.250015577869739, 1.899826424131902, -0.07408833571214131, -0.4879547917548506, -0.5085618906158414, -0.6900999897987296, 0.03894936932040458, 0.1488393310610964, 0.1117020891786528, 0.3177238752141489, -0.1416160064813184, 0.4465271533802315, -0.2451004496986395, 0.08418423848298894, 0.625540709771125, 0.02562796980304546, -0.01640222295334254, 0.0597050834993573, 0.2281110177325867, 0.1633542402991704, -0.01579200176346186, 0.02344332194834528, 0.3013482251244984, 0.02268533603867482, -0.02611321500368589, 0.1379778152595866, 0.09399753203244142, 0.1907860041027655]
    - time_from_start: 0
      positions: [1.777813495664621, 0.7786853115084578, -2.600500639578424, 1.363182740037158, 2.112614468750162, -0.0623529317093359, -0.7231110711451274, -0.5235987755982987, -0.7853981633974481, 0.01335529554814171, 0.05083473293133973, 0.02580837755697627, 0.237410049089409, -0.2116288007777641, 0.4723323525168701, -0.2617999999999999, 0.125085558883652, 0.670863147984458, 1.994245587391395e-16, -0.005504544209255773, 0.01852181284423162, 0.1347639078970526, 0.1450769282532714, 0.001617233891676025, 0.000624305752567446, 0.301948506758788, 7.791882406815303e-17, -0.001052103193098025, 0.05129711297667379, 0.07120328109881417, 0.1874158825601316]