joint_trajectory:
  joint_names: [kuka_arm_0_joint, kuka_arm_1_joint, kuka_arm_2_joint, kuka_arm_3_joint, kuka_arm_4_joint, kuka_arm_5_joint, kuka_arm_6_joint, WRJ2, WRJ1, FFJ4, FFJ3, FFJ2, FFJ1, KTHJ5, THJ4, THJ3, THJ2, THJ1, LFJ5, LFJ4, LFJ3, LFJ2, LFJ1, MFJ4, MFJ3, MFJ2, MFJ1, RFJ4, RFJ3, RFJ2, RFJ1]
  points:
    - time_from_start: 0
      positions: [0, 0, 0, 0, 0, 0, 0, 0, 0, 0, 0, 0, 0, 0, 0, 0, 0, 0, 0, 0, 0, 0, 0, 0, 0, 0, 0, 0, 0, 0, 0]
    - time_from_start: 0
      positions: [1.742290439903881, 0.5447362931823031, -1.803519327961883, 1.293114294769807, -1.083452938596777, 0.24837447355096, 2.047770116102511, -0.4107737349745637, -0.6647071761175918, -0.1868679654825129, 0.2496525846810034, 0.1580131256114413, 0.1072181436241058, -0.01906092195871368, 0.3679983598573093, -0.1904265182467351, -0.1917116015360581, 0.814223831248552, 0.05910121082443351, 0.1475638222074274, 0.09199076817597249, 0.246691729005684, 0.2381945726870452, -0.1468431809987744, 0.1398314660806445, 0.2100953892138802, 0.1209319330479513, 0.1885891197695694, 0.1971088414789362, 0.2110101398284461, 0.1911926654616837]
    - positions: [2.407324313003626, 0.7008706626869531, -2.223426580267128, 1.586421933741788, -1.512682260792121, 0.1713738526982206, 2.684600197479631, -0.4997760049270245, -0.7600009138623718, -0.1870278690044544, 0.1245437528843237, 0.05821617092720065, 0.07869086236767794, -0.09791301966493661, 0.3919809460000492, -0.2257972726653621, -0.2729350341958864, 0.8920008013019168, 0.01455265422304507, 0.17939661773701, 0.03432621056906623, 0.1603635036292668, 0.08203941246667086, -0.180459643245536, 0.03726072515648973, 0.193372475922365, 0.03692237032630692, 0.1867108375496087, 0.04389205306733924, 0.1483063764314491, 0.09939459133462217]
      time_from_start: 0
    - time_from_start: 0
      positions: [2.58677711042928, 0.742681301551712, -2.335371866036346, 1.664649503293503, -1.62871155945692, 0.1497507852240353, 2.856085193014255, -0.523520384405903, -0.7850102475355822, -0.1867185311412761, 0.08972386162735492, 0.03044082955002806, 0.07066058049762003, -0.1194668913161403, 0.3978349466346739, -0.2351683667270598, -0.2948606563308529, 0.9118554718108821, 0.002200885896330426, 0.1878461356638426, 0.01824493719973911, 0.1362643987778855, 0.03868682553369831, -0.1894499830395626, 0.00871789899678331, 0.1884434743245285, 0.01352360162162801, 0.1858618926160717, 0.001349825705782578, 0.1307456365959959, 0.07377024797635352]