joint_trajectory:
  points:
    - time_from_start: 0
      positions: [0, 0, 0, 0, 0, 0, 0, 0, 0, 0, 0, 0, 0, 0, 0, 0, 0, 0, 0, 0, 0, 0, 0, 0, 0, 0, 0, 0, 0, 0, 0]
    - positions: [-1.328357669416109, 0.6238958902557634, 1.959916035649363, 1.012388063733182, -0.6928661362260142, -0.2983903470478025, 1.982735106671442, -0.02496289991061543, -0.4689889698277653, -0.2727033917077352, 0.3868519659224606, 0.2752190117567437, 0.1807710231530183, -0.04217861293585404, 0.5188987978107331, -0.1600970555455339, -0.2626429024864815, 0.5992994934118943, 0.1200067125093903, 0.1549273715293111, 0.1826396990139928, 0.280394723884666, 0.315060202079432, -0.1705040745617977, 0.1759362994174769, 0.2817914469017579, 0.2118275752577507, 0.221109059367942, 0.4352304200512144, 0.1633315192194942, 0.1749462531797767]
      time_from_start: 0
    - positions: [-1.705306704074817, 0.8360386782470439, 2.045361003304686, 1.197670427399728, -0.5723085340750265, -0.2111177408736201, 2.242515131985938, -0.02871418265697701, -0.627503711183929, -0.3041743559829514, 0.2598168789294489, 0.1912336690131089, 0.06353628089883237, -0.06082188065140806, 0.4766131262435735, -0.2089279683873464, -0.3237092145807801, 0.7424205155272185, 0.06905945820852424, 0.2339816151998389, 0.2056538560371744, 0.225572413081153, 0.1504818656606889, -0.2851938709072717, 0.1836808159629639, 0.1296628565097009, 0.1321306757383196, 0.2986234392120346, 0.3578393029656878, 0.1320546191047233, 0.1314391292893671]
      time_from_start: 0
    - time_from_start: 0
      positions: [-1.833624823305916, 0.8122506069809713, 2.400227212977052, 1.425458041043982, -0.5939832543552281, -0.2773369690854526, 2.926365169215071, 0.03905470648658133, -0.739868808767093, -0.3416367348646079, 0.24221535151823, 0.002198304757459139, 0.001131720754651874, -0.09724581867599613, 0.4357852749138705, -0.2497252561409966, -0.4110255763548559, 0.8592382713968105, 0.002035188079829985, 0.3302605066792864, 0.1003280015559813, 0.09037133581016708, 0.007393748589609889, -0.3301293421138947, 0.1058872021319798, 0.0001986712573470195, 0.09582005589346293, 0.331909062194934, 0.1375965862741172, 0.04656085316701471, 0.01521984305420584]
  joint_names: [kuka_arm_0_joint, kuka_arm_1_joint, kuka_arm_2_joint, kuka_arm_3_joint, kuka_arm_4_joint, kuka_arm_5_joint, kuka_arm_6_joint, WRJ2, WRJ1, FFJ4, FFJ3, FFJ2, FFJ1, KTHJ5, THJ4, THJ3, THJ2, THJ1, LFJ5, LFJ4, LFJ3, LFJ2, LFJ1, MFJ4, MFJ3, MFJ2, MFJ1, RFJ4, RFJ3, RFJ2, RFJ1]