joint_trajectory:
  points:
    - positions: [0, 0, 0, 0, 0, 0, 0, 0, 0, 0, 0, 0, 0, 0, 0, 0, 0, 0, 0, 0, 0, 0, 0, 0, 0, 0, 0, 0, 0, 0, 0]
      time_from_start: 0
    - time_from_start: 0
      positions: [-1.044686613632117, -0.588529843918751, -2.608521587489964, -1.344935043454099, -1.776877043188569, -0.1692942070018247, 0.3926515196449636, -0.4650035712794233, -0.7079036752052716, -0.1505691574149353, 0.03498264040144667, 0.02639183669390938, 0.04358304988377248, -0.04477170938805669, 0.2240288634020302, -0.1322952225735829, -0.2820434419671433, 0.8925758489503564, 0.0008841103841635672, 0.09024753802509475, 0.007544443418958267, 0.02737126462534252, 0.05155895296761974, -0.1211661291263409, 0.008377420316292777, 0.01038077205514818, 0.117156675343786, 0.1455286311773841, 0.01445223873237382, 0.02137158677634429, 0.111230541178835]
    - positions: [-1.040758185521439, -0.2931388559014836, -2.938492835191936, -1.465985204350622, -2.382165626047198, -0.4378982969717671, -0.2091307461805548, -0.4950587540908937, -0.3838291168977599, -0.3909732270137586, 0.6264218170161029, 0.6576920975477292, 0.2972978588649021, 0.1696436252443423, 0.5233715972407369, -0.08207341278102248, -0.4912942695629389, 1.411513616137541, 0.0177999894278532, 0.1326810074838323, 0.5416412934456167, 0.6117983622607094, 0.6835525668353518, -0.1265437272319516, 0.08080147346677144, 0.2064579158453608, 0.07860002993975984, -0.3250546721238963, 0.3511779065683773, 0.4783837130095403, 0.4507032820077317]
      time_from_start: 0
    - positions: [-1.187369257384451, -0.6527725101387604, -2.890064043372877, -1.486525446046861, -1.957554583077739, -0.199108682519482, 0.4691531588251088, -0.5117016223838041, -0.7853981633974482, -0.1649586077341988, 0.02376609076013987, 0.02248224470393959, 0.02963317782599257, -0.05849331675139504, 0.2321079147866804, -0.1485355788035846, -0.3085890754746513, 0.9704397266577763, 1.124577510622926e-16, 0.1029827147382795, 3.039545243703499e-17, 0.01636616175915619, 0.05402989262175941, -0.1316471825948077, 2.129852426715299e-16, 0.00194220755083451, 0.113927758778264, 0.1605017012139156, 0.001570026828519299, 0.006400645105975762, 0.1090115540497965]
      time_from_start: 0
  joint_names: [kuka_arm_0_joint, kuka_arm_1_joint, kuka_arm_2_joint, kuka_arm_3_joint, kuka_arm_4_joint, kuka_arm_5_joint, kuka_arm_6_joint, WRJ2, WRJ1, FFJ4, FFJ3, FFJ2, FFJ1, KTHJ5, THJ4, THJ3, THJ2, THJ1, LFJ5, LFJ4, LFJ3, LFJ2, LFJ1, MFJ4, MFJ3, MFJ2, MFJ1, RFJ4, RFJ3, RFJ2, RFJ1]