joint_trajectory:
  points:
    - time_from_start: 0
      positions: [0, 0, 0, 0, 0, 0, 0, 0, 0, 0, 0, 0, 0, 0, 0, 0, 0, 0, 0, 0, 0, 0, 0, 0, 0, 0, 0, 0, 0, 0, 0]
    - positions: [-1.70552399610716, 0.4129490139778813, 1.846300756265798, 1.101373940401999, -1.896688862438125, -0.03769269701843242, -0.6053170674029649, -0.1855858570334811, -0.4621534507192995, -0.3018713538368893, 0.1567788540116708, 0.277075143039657, 0.3218393492361183, -0.1392726700051379, 0.2960753980020502, 0.04451302140103185, -0.345595541480662, 0.7734474610229392, 0.1151565406093126, 0.2133797204206814, 0.05772790897800098, 0.2096940425783781, 0.1486000298378811, -0.2971387613569072, 0.2833624327930871, 0.3028118952633615, 0.2443967122434659, 0.2591247382857919, 0.4350840240154863, 0.0659344017172811, 0.03125836724261974]
      time_from_start: 0
    - positions: [-1.775530321764277, 0.4692907059072334, 1.976634127962737, 1.16073800594133, -2.058413991982366, -0.0414016262940863, -0.6742911737437313, -0.195059803300501, -0.5110825943436781, -0.3186706282363222, 0.1499115011426211, 0.2742415643430389, 0.3017583460443957, -0.1390571796654476, 0.2981311972929319, 0.04809067397808303, -0.358984129466042, 0.8016126308741984, 0.1082567536534387, 0.2332144470727569, 0.05432375053461322, 0.2162225101648629, 0.1381581349130897, -0.3177751032442933, 0.2866176970641623, 0.2788571198659108, 0.2223262244217804, 0.2828267023752846, 0.4363677773182166, 0.05813436976234405, 0.02285324773283625]
      time_from_start: 0
    - positions: [-1.755729590020129, 0.8957228011648574, 2.685496839562515, 1.31470329945538, -2.962871048156548, -0.09787231325572539, -1.113686016636432, -0.2335999340052089, -0.769471712060064, -0.3879759265274808, 0.05170151007647112, 0.1949807055593489, 0.05891803545993163, -0.0990497896991694, 0.203387236689323, 0.06461227914001548, -0.3827223903672081, 0.8012212373029991, 0.008044051095158669, 0.3364276613850659, 0.01358470380141257, 0.2310949062222119, 0.02234857645545484, -0.3877374129028262, 0.2253270922797903, 0.01381694426544113, 0.009760377333881919, 0.3843508379000269, 0.2912768172189745, 0.004764357896814537, 0.003157236567501719]
      time_from_start: 0
  joint_names: [kuka_arm_0_joint, kuka_arm_1_joint, kuka_arm_2_joint, kuka_arm_3_joint, kuka_arm_4_joint, kuka_arm_5_joint, kuka_arm_6_joint, WRJ2, WRJ1, FFJ4, FFJ3, FFJ2, FFJ1, KTHJ5, THJ4, THJ3, THJ2, THJ1, LFJ5, LFJ4, LFJ3, LFJ2, LFJ1, MFJ4, MFJ3, MFJ2, MFJ1, RFJ4, RFJ3, RFJ2, RFJ1]