joint_trajectory:
  joint_names: [kuka_arm_0_joint, kuka_arm_1_joint, kuka_arm_2_joint, kuka_arm_3_joint, kuka_arm_4_joint, kuka_arm_5_joint, kuka_arm_6_joint, WRJ2, WRJ1, FFJ4, FFJ3, FFJ2, FFJ1, KTHJ5, THJ4, THJ3, THJ2, THJ1, LFJ5, LFJ4, LFJ3, LFJ2, LFJ1, MFJ4, MFJ3, MFJ2, MFJ1, RFJ4, RFJ3, RFJ2, RFJ1]
  points:
    - positions: [0, 0, 0, 0, 0, 0, 0, 0, 0, 0, 0, 0, 0, 0, 0, 0, 0, 0, 0, 0, 0, 0, 0, 0, 0, 0, 0, 0, 0, 0, 0]
      time_from_start: 0
    - positions: [-2.628698454916853, 0.7079984019207359, -2.828785814024677, 1.180215272651933, -1.043310224566198, -0.4711419017067928, 2.584612420582253, 0.09551080858446973, -0.7245899306858934, -0.1881151970548646, 0.1231268180219125, 0.08448965883294859, 0.06955195576561142, 0.0509193120013327, 0.3300668422388333, -0.2411398309733649, -0.3955941189438524, 0.9956006389259091, 0.05650048275592401, 0.1666105822014139, 0.1226478889327743, 0.1369555889947367, 0.1318622293644588, -0.2032296955357381, 0.03924023076714951, 0.1339152013565461, 0.09322237743726916, 0.1961754832236447, 0.09986885904678003, 0.1229324979142962, 0.09050087471205373]
      time_from_start: 0
    - time_from_start: 0
      positions: [-2.788115403125523, 0.7169158265114378, -2.90694723182968, 1.486529415610419, -1.304016340614078, -0.524357860430636, 2.96705972839, 0.1511917337878179, -0.7853981633974481, -0.2404976185603536, 7.067052242893973e-17, 0.000782972172721764, 0.01430867799562556, -0.01542136576079813, 0.299640057702899, -0.2574248835923388, -0.477155248099467, 1.049802027578478, 0.0002182059899824801, 0.2179921930983237, 1.428769506656418e-16, 0.00813919982440422, 0.03200148715652033, -0.2083010731354896, 1.899322809138069e-16, 0.02602002227888809, 0.009532422353698706, 0.2331209621766104, 0.0121505238190524, 0.002786798256429891, 0.02173786365652875]