joint_trajectory:
  points:
    - positions: [0, 0, 0, 0, 0, 0, 0, 0, 0, 0, 0, 0, 0, 0, 0, 0, 0, 0, 0, 0, 0, 0, 0, 0, 0, 0, 0, 0, 0, 0, 0]
      time_from_start: 0
    - positions: [-0.5353738651484541, -0.6755121222463708, -1.727680088462283, -1.85980921806286, -0.6961532736313893, -0.2914472626953484, -0.006771509123391528, -0.1563351296770941, -0.1403935429691943, -0.3444715050907045, 0.7547348346700887, 0.5531918651513478, 0.7026637329455701, -0.2442692577657289, 0.08257598532084376, -0.08533168994123116, -0.1354823730619159, 1.556524091149447, 0.0827249268868422, -0.2205061602047587, 1.138053682351791, 0.8545917494939533, 0.1405563158085808, 0.04778561682465249, 0.3485240612878661, 1.133992321865552, 0.7262275941091829, -0.3260623274555156, 0.2292964978616529, 0.9639355765143323, 1.519646302060604]
      time_from_start: 0
    - positions: [2.96705972839, 0.7308636085084292, 2.96705972839, 1.273322179879743, -1.716696384907569, 0.7736535510929942, -2.96705972839, -0.5235987755982987, -0.7853981633974483, 0.008046234946648243, 0.1465371581155011, 0.04325383332308486, 0.03293879332089612, -0.1760251241446794, 0.4024133388764131, -0.2617999999999999, 0.1890181352770059, 0.6093481475211863, 0.0175377970823604, -0.00150580993914529, 0.001137623338825502, 0.09446856793082209, 0.1187478824535233, -0.006840467969455262, 0.018823064007824, 0.1690918501298698, 0.03716567422389159, 0.02629609334702944, 0.002616517164821493, 0.1985212513182648, 0.02281013691144664]
      time_from_start: 0
  joint_names: [kuka_arm_0_joint, kuka_arm_1_joint, kuka_arm_2_joint, kuka_arm_3_joint, kuka_arm_4_joint, kuka_arm_5_joint, kuka_arm_6_joint, WRJ2, WRJ1, FFJ4, FFJ3, FFJ2, FFJ1, KTHJ5, THJ4, THJ3, THJ2, THJ1, LFJ5, LFJ4, LFJ3, LFJ2, LFJ1, MFJ4, MFJ3, MFJ2, MFJ1, RFJ4, RFJ3, RFJ2, RFJ1]