joint_trajectory:
  joint_names: [kuka_arm_0_joint, kuka_arm_1_joint, kuka_arm_2_joint, kuka_arm_3_joint, kuka_arm_4_joint, kuka_arm_5_joint, kuka_arm_6_joint, WRJ2, WRJ1, FFJ4, FFJ3, FFJ2, FFJ1, KTHJ5, THJ4, THJ3, THJ2, THJ1, LFJ5, LFJ4, LFJ3, LFJ2, LFJ1, MFJ4, MFJ3, MFJ2, MFJ1, RFJ4, RFJ3, RFJ2, RFJ1]
  points:
    - time_from_start: 0
      positions: [0, 0, 0, 0, 0, 0, 0, 0, 0, 0, 0, 0, 0, 0, 0, 0, 0, 0, 0, 0, 0, 0, 0, 0, 0, 0, 0, 0, 0, 0, 0]
    - time_from_start: 0
      positions: [-0.7678772842795727, 0.874023886637853, 1.723140377603369, 1.392654772927497, 0.2745692514755794, 0.1619480405079188, 1.515630860077235, 0.1034555695231285, -0.6289028711310365, -0.2740680361262791, 0.04438313793765834, 0.2415303392710744, 0.3460343568590806, -0.1146647401300821, 0.5905830429959587, -0.1706079117999821, -0.4005429245604848, 0.9317746333454748, 0.03484262032762422, 0.2128445130319113, 0.2410201674919566, 0.2148166276778783, 0.2410293986230816, -0.2782121246538478, 0.09125896510210736, 0.270330760290056, 0.285285915665016, 0.2551356462042952, 0.2001649592771572, 0.1627063265455035, 0.1956372602516333]
    - time_from_start: 0
      positions: [-1.409037937477564, 0.9568980439538062, 2.269412196143167, 1.82517718934704, 0.4878634412090052, 0.2665132934661238, 1.994443484471956, 0.1671563873059341, -0.7789979659843379, -0.3004417449491076, 0.01659203248154753, 0.09282702875552641, 0.2263179309745976, -0.1522090716843987, 0.5227869768616358, -0.2394992742666805, -0.4357518518690703, 0.9420828784399087, 2.17427647174047e-05, 0.2834571458232247, 0.06788100403474062, 0.1136299171749141, 0.1433830919974783, -0.3017251822294678, 0.05282172798265628, 0.122964200397022, 0.1392207472378903, 0.3217185460257101, 0.209583390953332, 0.01767330174633669, 0.08941045120986388]