joint_trajectory:
  points:
    - time_from_start: 0
      positions: [0, 0, 0, 0, 0, 0, 0, 0, 0, 0, 0, 0, 0, 0, 0, 0, 0, 0, 0, 0, 0, 0, 0, 0, 0, 0, 0, 0, 0, 0, 0]
    - positions: [0.6624446195903317, 0.8642006697897373, 2.05888291222927, -1.366993123727547, -1.795452336962107, -0.9847567474571105, 1.531020143785602, -0.4265336883538367, 0.2800035486405976, -0.3995553264101065, 1.297920253481384, 0.51200059563262, 1.388559469608271, 0.3194923087963835, 0.3499820927619003, 0.2246500892692245, 0.2262428588764742, 1.214944002406672, 0.2392210901973478, -0.2609012624038598, 1.406458900631363, 0.4747598939623165, 0.1589949605149435, 0.3602961477934488, 0.5287453830858915, 1.203672360410058, 0.4021617877200159, -0.1377074570588074, 0.2265510182899886, 0.05915172909533333, 0.859478599908016]
      time_from_start: 0
    - positions: [0.5501694159071135, -0.5736705256258282, 2.419095753486626, -1.701131656798771, -1.467438528042151, -0.06352900548769665, 0.2781153786259446, 0.1598380734329366, -0.7853981633974481, -0.3623921667577478, 0.1734186532681404, 3.515141132135946e-05, 0.0630201913062135, -0.12394698495441, 0.3372617491618654, -0.1177429582110368, -0.3343408462940301, 0.7857244511269091, 0.01188815220951933, 0.3446422998469344, 0.1268984786937082, 0.09446948376596036, 0.004296179536559881, -0.3448482839392426, 0.0245936078561379, 0.18828660069204, 0.0264820773792363, 0.337673687394149, 0.00373337369697756, 0.1311117990216887, 0.1034974860534287]
      time_from_start: 0
  joint_names: [kuka_arm_0_joint, kuka_arm_1_joint, kuka_arm_2_joint, kuka_arm_3_joint, kuka_arm_4_joint, kuka_arm_5_joint, kuka_arm_6_joint, WRJ2, WRJ1, FFJ4, FFJ3, FFJ2, FFJ1, KTHJ5, THJ4, THJ3, THJ2, THJ1, LFJ5, LFJ4, LFJ3, LFJ2, LFJ1, MFJ4, MFJ3, MFJ2, MFJ1, RFJ4, RFJ3, RFJ2, RFJ1]