joint_trajectory:
  joint_names: [kuka_arm_0_joint, kuka_arm_1_joint, kuka_arm_2_joint, kuka_arm_3_joint, kuka_arm_4_joint, kuka_arm_5_joint, kuka_arm_6_joint, WRJ2, WRJ1, FFJ4, FFJ3, FFJ2, FFJ1, KTHJ5, THJ4, THJ3, THJ2, THJ1, LFJ5, LFJ4, LFJ3, LFJ2, LFJ1, MFJ4, MFJ3, MFJ2, MFJ1, RFJ4, RFJ3, RFJ2, RFJ1]
  points:
    - positions: [0, 0, 0, 0, 0, 0, 0, 0, 0, 0, 0, 0, 0, 0, 0, 0, 0, 0, 0, 0, 0, 0, 0, 0, 0, 0, 0, 0, 0, 0, 0]
      time_from_start: 0
    - time_from_start: 0
      positions: [-0.4703532186167753, 0.6753560154899354, 1.83061365812546, 0.9529125155208674, -0.8136158252626207, -0.2975127343555748, 2.247315503873719, -0.009357107242858025, -0.425350848938077, -0.2470812016411451, 0.1867637542991068, 0.3353089720130721, 0.269420109549403, -0.159430464653097, 0.4100779586539146, -0.0906190551403718, -0.2122719656147609, 0.6954440444501628, 0.04781206392927424, 0.1740038517731262, 0.1173673961626921, 0.2897576800385518, 0.3369411618666525, -0.296906870153973, 0.3012363015190646, 0.1725283196620312, 0.1481681414408825, 0.1962852742801569, 0.1640827859662999, 0.1027280866090504, 0.2827981876670582]
    - time_from_start: 0
      positions: [-1.29449716472486, 0.9186845144309204, 2.707069776336794, 1.189777987107972, -0.7628167214894278, -0.4157059471717974, 2.96705972839, 0.08577602749588734, -0.7853981633974482, -0.3305447984156564, 0.0004066278100634787, 0.0644269786338829, 0.145771171770135, -0.08578976231797938, 0.3268127538894776, -0.1267387331393802, -0.3838178092094989, 0.8470173728668602, 0.002420286641087518, 0.3225964641967597, 3.36709352996431e-05, 0.04781112889134444, 0.1577766275691823, -0.3282815636400832, 0.007529199158523657, 0.08919045699337445, 0.1091363608459299, 0.3309017601535783, 0.002599825615083212, 0.04196830375058538, 0.1689264877788079]