joint_trajectory:
  points:
    - positions: [0, 0, 0, 0, 0, 0, 0, 0, 0, 0, 0, 0, 0, 0, 0, 0, 0, 0, 0, 0, 0, 0, 0, 0, 0, 0, 0, 0, 0, 0, 0]
      time_from_start: 0
    - positions: [2.164070794161039, -0.3329807395604609, 0.07377671399530916, 0.2868313722261013, 0.7764789151459746, -0.1837490109727784, -2.566367397301038, 0.1362781104299895, 0.5916065387107996, -0.1476743752304794, 0.465887361277173, 1.258616648968618, 0.1763418638373273, -0.6940878870924934, 0.9069783577057533, 0.1660166612376459, -0.1620810220527463, 1.120752357616322, 0.6150047519942694, -0.3054409236785776, 1.126053652445273, 0.1015977010260204, 0.3653173576417279, -0.1923939557201895, 0.6679374528110084, 1.515008780066355, 0.2030332939053005, -0.3546128077706355, 0.8571144544375894, 0.01474556324042173, 0.2660085250762591]
      time_from_start: 0
    - time_from_start: 0
      positions: [1.918782398161466, 0.6819480122857515, 2.802524413118812, 1.711959707570759, -2.355402980190676, -0.233657139536819, -1.955372143467005, 0.1311320036145655, -0.7849378665212541, -0.3879865999059547, 0.1422740631774081, 0.01264659369174034, 0.08660535684481176, -0.09061629614800433, 0.4564704146797349, -0.2281669031688178, -0.3985054878666321, 0.778794100446266, 0.005281519412793157, 0.405373530688609, 0.0329172862533916, 0.1581756128543376, 0.0623768879059698, -0.4303414996317251, 0.02471765474779777, 0.1465302595121159, 0.05738250747489737, 0.4299103485039465, 0.1263967584467395, 0.02420356270071821, 0.1042892029390315]
  joint_names: [kuka_arm_0_joint, kuka_arm_1_joint, kuka_arm_2_joint, kuka_arm_3_joint, kuka_arm_4_joint, kuka_arm_5_joint, kuka_arm_6_joint, WRJ2, WRJ1, FFJ4, FFJ3, FFJ2, FFJ1, KTHJ5, THJ4, THJ3, THJ2, THJ1, LFJ5, LFJ4, LFJ3, LFJ2, LFJ1, MFJ4, MFJ3, MFJ2, MFJ1, RFJ4, RFJ3, RFJ2, RFJ1]