joint_trajectory:
  joint_names: [kuka_arm_0_joint, kuka_arm_1_joint, kuka_arm_2_joint, kuka_arm_3_joint, kuka_arm_4_joint, kuka_arm_5_joint, kuka_arm_6_joint, WRJ2, WRJ1, FFJ4, FFJ3, FFJ2, FFJ1, KTHJ5, THJ4, THJ3, THJ2, THJ1, LFJ5, LFJ4, LFJ3, LFJ2, LFJ1, MFJ4, MFJ3, MFJ2, MFJ1, RFJ4, RFJ3, RFJ2, RFJ1]
  points:
    - time_from_start: 0
      positions: [0, 0, 0, 0, 0, 0, 0, 0, 0, 0, 0, 0, 0, 0, 0, 0, 0, 0, 0, 0, 0, 0, 0, 0, 0, 0, 0, 0, 0, 0, 0]
    - time_from_start: 0
      positions: [1.683451823794061, 0.5093426319334445, 0.2394896834175637, -1.452064908241883, -1.059837152751073, -0.2231587289884173, -0.3786612447096486, -0.3482901099797939, -0.6915821557504758, -0.2757880191688425, 0.1462074084181815, 0.09610175055627673, 0.08665243095393213, -0.1559592860149652, 0.4486196155548177, -0.2414334023691693, -0.3575991234451509, 0.8362462821157952, 0.02775966541452356, 0.2504552814750589, 0.05463661084957214, 0.1961438235831015, 0.04217385289641479, -0.2610695808901528, 0.1465150824420768, 0.08971832614350052, 0.08467468927674382, 0.2651841229948803, 0.1184669126526009, 0.1002408472885968, 0.1118800546088953]
    - positions: [1.803520030307678, 0.5730817166156478, 0.2330910557951988, -1.585673366581271, -1.184366630228589, -0.2492544879049996, -0.3972666368605651, -0.3717695237516938, -0.7581714000932485, -0.2992633495240122, 0.1309528177289978, 0.08307932174379758, 0.07987692309173527, -0.1654063360986831, 0.4707783693693595, -0.2617998979540866, -0.3812385669413957, 0.8823254402940138, 0.02420173117542838, 0.2735652396369956, 0.032167190139837, 0.1854579904751761, 0.02504652826731773, -0.2856918920930415, 0.1300465177443154, 0.05890408252317075, 0.07538187814527054, 0.2884457317157953, 0.1129835060778417, 0.09039798341856682, 0.08932880605280111]
      time_from_start: 0