joint_trajectory:
  points:
    - positions: [0, 0, 0, 0, 0, 0, 0, 0, 0, 0, 0, 0, 0, 0, 0, 0, 0, 0, 0, 0, 0, 0, 0, 0, 0, 0, 0, 0, 0, 0, 0]
      time_from_start: 0
    - positions: [0.9191134335871768, -0.4895564541362626, 2.188024337049965, -1.349202899803385, 1.403400607307656, 0.3666506232696697, -2.623687639139521, -0.1975969858988255, -0.6859239321425145, -0.1733745609442967, 0.06433447271068188, 0.1824104980444049, 0.05489456450785334, -0.1474792666684285, 0.4208044157787294, -0.2250476430378965, -0.3787239213191158, 0.9122804017637581, 0.007852786381211625, 0.1927357758735434, 0.07135286099483469, 0.1074901416660556, 0.1413091105919154, -0.1924214288174509, 0.09109863375929644, 0.05922380092927285, 0.1890347915035847, 0.1904814849090636, 0.1078521118826421, 0.1774918817946249, 0.03475037247958512]
      time_from_start: 0
    - time_from_start: 0
      positions: [0.9158081865033706, -0.5787197594281239, 2.488123307006692, -1.552015386655704, 1.648399773177998, 0.4047816972411954, -2.881845705296119, -0.2175128780932102, -0.7853981633974483, -0.2007041688008487, 0.06285789363225236, 0.1548377965667352, 0.02893694192254982, -0.1433398790277693, 0.4673451425853409, -0.2613972394226388, -0.4353200495531499, 1.016002889166551, 0.002929223979597538, 0.2050016484197164, 0.02566362340474871, 0.1050697828833346, 0.119198220304851, -0.20122850253182, 0.04307478440392731, 0.01270711760904963, 0.1968663267440643, 0.2041888813762291, 0.09543207596876296, 0.1670986690269745, 0.002833479355704717]
  joint_names: [kuka_arm_0_joint, kuka_arm_1_joint, kuka_arm_2_joint, kuka_arm_3_joint, kuka_arm_4_joint, kuka_arm_5_joint, kuka_arm_6_joint, WRJ2, WRJ1, FFJ4, FFJ3, FFJ2, FFJ1, KTHJ5, THJ4, THJ3, THJ2, THJ1, LFJ5, LFJ4, LFJ3, LFJ2, LFJ1, MFJ4, MFJ3, MFJ2, MFJ1, RFJ4, RFJ3, RFJ2, RFJ1]