joint_trajectory:
  joint_names: [kuka_arm_0_joint, kuka_arm_1_joint, kuka_arm_2_joint, kuka_arm_3_joint, kuka_arm_4_joint, kuka_arm_5_joint, kuka_arm_6_joint, WRJ2, WRJ1, FFJ4, FFJ3, FFJ2, FFJ1, KTHJ5, THJ4, THJ3, THJ2, THJ1, LFJ5, LFJ4, LFJ3, LFJ2, LFJ1, MFJ4, MFJ3, MFJ2, MFJ1, RFJ4, RFJ3, RFJ2, RFJ1]
  points:
    - positions: [0, 0, 0, 0, 0, 0, 0, 0, 0, 0, 0, 0, 0, 0, 0, 0, 0, 0, 0, 0, 0, 0, 0, 0, 0, 0, 0, 0, 0, 0, 0]
      time_from_start: 0
    - time_from_start: 0
      positions: [0.7947266206380554, 1.187521402857898, 1.137176407931295, -1.470888943489119, -1.293099094350993, 1.093625089297179, -0.402547287400417, -0.3855468363605846, 0.4449546539797253, -0.2845795844724451, 0.6406360027275406, 1.022673458154116, 1.253860575750521, -0.9723183756843209, 0.2144303427033592, 0.01652225029636173, 0.1641591450761538, 0.1008286575120874, 0.2443564609315486, 0.0629875972989522, 0.9788441713685317, 0.1318230306150823, 0.983019880480707, -0.3963298098575698, 1.259419608495103, 0.6184617820766002, 0.9513804112556289, -0.2507269205318408, 0.3524331031094221, 0.8262210317397699, 0.5447654888332635]
    - time_from_start: 0
      positions: [1.309044101423462, -0.9859354302118181, 2.093177398605462, -1.820026252967337, 2.735201055639584, 0.2585374243951675, 2.804118737142775, 0.1728191235512875, -0.7830702975174177, -0.1901327694077622, 0.03959696377395302, 0.05277963892478203, 0.1802201590716987, -0.1642332833825978, 0.4536632346943428, -0.2309368351909843, -0.110036536679816, 0.7190653944553858, 0.01072359526813825, 0.179174471596524, 0.00766680252415121, 0.09216967896030596, 0.1575485493983047, -0.195366117900312, 0.008105586183565766, 0.1625475027949378, 0.1081673817664366, 0.2053962874422678, 0.001567685377122988, 0.07436051831161031, 0.2008848591325889]