joint_trajectory:
  joint_names: [kuka_arm_0_joint, kuka_arm_1_joint, kuka_arm_2_joint, kuka_arm_3_joint, kuka_arm_4_joint, kuka_arm_5_joint, kuka_arm_6_joint, WRJ2, WRJ1, FFJ4, FFJ3, FFJ2, FFJ1, KTHJ5, THJ4, THJ3, THJ2, THJ1, LFJ5, LFJ4, LFJ3, LFJ2, LFJ1, MFJ4, MFJ3, MFJ2, MFJ1, RFJ4, RFJ3, RFJ2, RFJ1]
  points:
    - positions: [0, 0, 0, 0, 0, 0, 0, 0, 0, 0, 0, 0, 0, 0, 0, 0, 0, 0, 0, 0, 0, 0, 0, 0, 0, 0, 0, 0, 0, 0, 0]
      time_from_start: 0
    - time_from_start: 0
      positions: [1.204034540964315, 0.5291846483226144, -1.642894737891519, 1.25585796680048, -1.177801657099063, 0.220325482333205, 2.130388965710457, -0.1557091376576555, -0.5017142966414667, -0.02474101043539127, 0.2346030373131709, 0.3064805489361251, 0.3167650853418865, -0.194129877218765, 0.3567310015117014, -0.08133210920283518, -0.2605054295879157, 1.021706272159735, 0.09613741191013533, -0.03449792566006397, 0.2553235095894712, 0.1157037701322604, 0.2876054282251411, -0.00437356479040151, 0.1716866547830478, 0.3018376915497211, 0.2802971984150172, -0.01646873365177012, 0.2613173032444966, 0.3452641770084641, 0.1015180914069582]
    - positions: [1.21678622762104, 0.5446488966006452, -1.687110253027911, 1.281894102766296, -1.206811703620106, 0.217670906076855, 2.168520404183215, -0.1590406829324112, -0.5134641874409889, -0.02277293975541566, 0.2325176646503478, 0.3032626205972664, 0.312875266284821, -0.1949393375397722, 0.3585572195341996, -0.08537202280306358, -0.2630275441032992, 1.031324963477986, 0.09368738640604922, -0.03781936793048721, 0.2492191336042218, 0.1134307112051524, 0.2857924427709863, -0.004092600689704847, 0.1679760884992379, 0.2989488089849772, 0.2768760592846721, -0.01628513793362057, 0.2564281736152521, 0.3369880225529041, 0.09942187830918113]
      time_from_start: 0
    - time_from_start: 0
      positions: [1.296727411117339, 0.6555520550852098, -2.661556854236843, 1.587305680573094, -1.630550765429243, 0.01363170122639478, 2.967059727249924, -0.2136505151503772, -0.7798237189176425, 0.001836265959441045, 0.06122859557425155, 0.1273558255715458, 0.00814914546077283, -0.1445308063269399, 0.2105275676184917, -0.1402813747643668, -0.2517174335198682, 0.9978724782013489, 3.122922336156576e-09, -0.05793602204012992, 0.06886133951382926, 0.03583108311668918, 0.0662695290832496, 0.009739717145449937, 0.08892671378336996, 0.1108180896351924, 0.002666694042696147, -0.01715942549915417, 0.1735828233648959, 0.006150268301397702, 0.009272530559678315]