joint_trajectory:
  points:
    - positions: [0, 0, 0, 0, 0, 0, 0, 0, 0, 0, 0, 0, 0, 0, 0, 0, 0, 0, 0, 0, 0, 0, 0, 0, 0, 0, 0, 0, 0, 0, 0]
      time_from_start: 0
    - time_from_start: 0
      positions: [0.3720532201128752, -0.4810003976044829, -0.3269245485287889, 0.9371085293799328, 1.549390192041951, -0.2500738364001804, -0.3772995256553499, -0.2468026405675395, -0.5470886207606386, -0.1093885295935798, 0.2354457218305828, 0.2196238902959672, 0.2770985827155424, -0.1921042415617422, 0.5150627888354022, -0.07566345896048698, -0.136626449891593, 0.837696659053531, 0.09485245853999835, 0.05728783246375213, 0.1820925616069292, 0.2290765081662127, 0.2526535020964902, -0.1359326355461284, 0.3336818591728651, 0.2409798149070619, 0.3644625316663584, 0.1373715218027929, 0.1748762781769869, 0.3918788408868983, 0.2591981310291244]
    - time_from_start: 0
      positions: [0.6006006901664713, -0.530323289407523, -0.2986223119748202, 1.108361709583005, 1.871775060696205, -0.2360749787817564, -0.4859344209320318, -0.2752510638411625, -0.6167047652893547, -0.1235118790736273, 0.1766018727904761, 0.1703854168747713, 0.2793500984464685, -0.1998581304642968, 0.506405975493876, -0.1027390695532212, -0.1771981935766311, 0.875198832709587, 0.07089829107351435, 0.07969065327370609, 0.1460458234059287, 0.2198305176652446, 0.2132261610570971, -0.1431007671245245, 0.2717420508928069, 0.2315793701385682, 0.2931271877322492, 0.146578617280564, 0.1309272873686487, 0.3658337076139553, 0.2158729557548542]
    - positions: [1.235523681999303, -0.6160875832559264, -0.2091875916389955, 1.522232721062209, 2.703247250621317, -0.1765873608908484, -0.8312507964853169, -0.3443833147833126, -0.7830688333457113, -0.1662946663308933, 0.01813202372168417, 0.03233317796176605, 0.2779637239087131, -0.2134232332939154, 0.4561502777056023, -0.1783958147375346, -0.2951587265342365, 0.9577957660288592, 1.782909440164891e-17, 0.1417730707582195, 0.04892240483771508, 0.1906157660695564, 0.08898533074865785, -0.1524054925991951, 0.07471889263303291, 0.2044692400829232, 0.06672708537528575, 0.1634784133007168, 0.0001891828632348696, 0.2757129072630638, 0.06847847718966119]
      time_from_start: 0
  joint_names: [kuka_arm_0_joint, kuka_arm_1_joint, kuka_arm_2_joint, kuka_arm_3_joint, kuka_arm_4_joint, kuka_arm_5_joint, kuka_arm_6_joint, WRJ2, WRJ1, FFJ4, FFJ3, FFJ2, FFJ1, KTHJ5, THJ4, THJ3, THJ2, THJ1, LFJ5, LFJ4, LFJ3, LFJ2, LFJ1, MFJ4, MFJ3, MFJ2, MFJ1, RFJ4, RFJ3, RFJ2, RFJ1]