joint_trajectory:
  points:
    - time_from_start: 0
      positions: [0.1879870324681152, 1.488949609130726, 1.113917848611326, -2.197330415341064, 0.3368781986786654, -1.013236895440738, 0.9102577254379981, -2.869668035307133]
    - time_from_start: 0
      positions: [0.3473590312828775, -1.075553924528137, 0.8362543041135648, 0.3264982017825222, -1.151739417609759, 0.1987231414348019, -1.099785766750574, -1.849505472332586]
    - positions: [0.3839345677561709, 0.7527119946498422, -0.7690961660651957, 1.893727772712287, 2.119034969723317, -2.828632647374912, 1.951156360097229, -0.2835577416324409]
      time_from_start: 0
    - positions: [0.3861499999999998, 1.511569664205968, 1.150825412321246, -2.771254322955144, 1.135828906072561, -1.537365146033025, 0.2236029124334814, -1.758776443151999]
      time_from_start: 0
  joint_names: [torso_lift_joint, shoulder_pan_joint, shoulder_lift_joint, upperarm_roll_joint, elbow_flex_joint, forearm_roll_joint, wrist_flex_joint, wrist_roll_joint]
  header:
    frame_id: base_link