joint_trajectory:
  points:
    - positions: [4.496540549710734e-06, -0.03356208698587249, 1.517999648874951, 1.378588373056689, 1.693107547698776, 1.789714027004177, 0.5891165208742485, 1.36816042795736]
      time_from_start: 0
    - positions: [0.04438364746557781, -0.6523965136304497, -0.2396514360937291, 1.659323357450525, 0.8812944889301435, -2.831023202257445, 2.038603060394526, -2.891152080661213]
      time_from_start: 0
    - positions: [0.2211842370996368, 0.800715088412538, -0.7767737773598639, 2.187073732054838, 1.28366603122605, 1.308656647271667, 1.468056388422847, 1.254125705749978]
      time_from_start: 0
    - time_from_start: 0
      positions: [0.3861494715377119, 0.5030304453514602, 1.348463915179954, 2.117260970663219, 1.66643727638734, 2.216565896816152, 0.447456192447196, 1.077038533320771]
  joint_names: [torso_lift_joint, shoulder_pan_joint, shoulder_lift_joint, upperarm_roll_joint, elbow_flex_joint, forearm_roll_joint, wrist_flex_joint, wrist_roll_joint]
  header:
    frame_id: base_link