joint_trajectory:
  points:
    - positions: [0.04941478086631416, -1.595197879578844, 0.687208229236932, 0.8727091230706678, 1.04833515225712, 2.246320051726436, 1.221347147886981, 2.492527085337744]
      time_from_start: 0
    - positions: [0.2829922480591415, -0.7414770145361924, 0.8068100151575704, 1.024316512982008, 1.163791477091662, 2.027699426429262, 1.138600936994147, 2.138013894748987]
      time_from_start: 0
    - positions: [0.09855696182934334, 1.456857506207004, 0.5123451443645171, 1.603728581978535, 0.9990563337462954, -1.634434009292866, 1.182852828763425, -1.146100717643241]
      time_from_start: 0
    - positions: [0.3861373877000872, -1.562025351585643, 0.5171774778262753, 0.996777269752661, 1.180743539724115, 2.397470450787314, 1.134009031079485, 2.329177516924919]
      time_from_start: 0
  header:
    frame_id: base_link
  joint_names: [torso_lift_joint, shoulder_pan_joint, shoulder_lift_joint, upperarm_roll_joint, elbow_flex_joint, forearm_roll_joint, wrist_flex_joint, wrist_roll_joint]