joint_trajectory:
  joint_names: [panda_joint1, panda_joint2, panda_joint3, panda_joint4, panda_joint5, panda_joint6, panda_joint7]
  points:
    - positions: [0, -0.785, 0, -2.356, 0, 1.571, 0.785]
      time_from_start: 0
    - time_from_start: 0
      positions: [1.45600867830731, -0.3948119025066035, -0.5749662213451143, -1.01645304834958, -2.13396943928866, 2.014456768973022, -0.6331682356348503]
    - positions: [2.231318043424213, -1.033832795235732, -2.111571214810841, -1.314358553164111, -2.863328875909265, 2.473555887293165, -0.2773744393878491]
      time_from_start: 0