joint_trajectory:
  points:
    - time_from_start: 0
      positions: [0, -0.785, 0, -2.356, 0, 1.571, 0.785]
    - time_from_start: 0
      positions: [-0.1923065472646623, -0.8169271059980685, -0.09559790149238862, -2.060933789906154, 0.1182207465611389, 1.797831841614643, 0.2462691804855089]
    - positions: [1.610559963463728, 0.3532626411469391, -1.013648444430803, -1.734736483953736, -0.2174304529264556, 2.864712797589926, -0.1717682696524923]
      time_from_start: 0
    - positions: [1.400854468843627, 1.452706690841495, -1.284806563291141, -1.066809532623112, -2.8973, 2.750818537000736, 1.836638315192447]
      time_from_start: 0
  joint_names: [panda_joint1, panda_joint2, panda_joint3, panda_joint4, panda_joint5, panda_joint6, panda_joint7]