joint_trajectory:
  joint_names: [panda_joint1, panda_joint2, panda_joint3, panda_joint4, panda_joint5, panda_joint6, panda_joint7]
  points:
    - time_from_start: 0
      positions: [0, -0.785, 0, -2.356, 0, 1.571, 0.785]
    - time_from_start: 0
      positions: [-1.367139081089683, -0.7651649672965681, 1.959408732894013, -1.461215495233206, -2.743092144095037, 2.666828198598026, 0.9621053121594512]
    - positions: [-1.424607336201377, -0.9291280010261127, 2.125732559524379, -1.554446791279495, -2.888591637972599, 2.643200184146991, 1.322021330100089]
      time_from_start: 0