joint_trajectory:
  joint_names: [panda_joint1, panda_joint2, panda_joint3, panda_joint4, panda_joint5, panda_joint6, panda_joint7]
  points:
    - time_from_start: 0
      positions: [0, -0.785, 0, -2.356, 0, 1.571, 0.785]
    - positions: [1.892282160298492, 1.101607429791532, -1.959722470274387, -0.4787627215927223, -2.1186832568574, 3.321092794406425, 0.4000424180017012]
      time_from_start: 0
    - positions: [1.744853759461134, 1.603520359811875, -1.901901737718595, -0.2894082715277678, -2.597743413456582, 3.422355869096732, 2.131766306864918]
      time_from_start: 0