joint_trajectory:
  joint_names: [panda_joint1, panda_joint2, panda_joint3, panda_joint4, panda_joint5, panda_joint6, panda_joint7]
  points:
    - time_from_start: 0
      positions: [0, -0.785, 0, -2.356, 0, 1.571, 0.785]
    - time_from_start: 0
      positions: [-1.462643120244899, -0.1052936330299734, 1.056462594809273, -1.448584561602657, 0.6812541622279467, 3.53845648816155, 1.2023901314094]
    - positions: [-1.279056165457773, 1.21208708210941, 1.149742871777395, -1.129904311588059, 0.2171738995385323, 3.750855903732693, 2.714119557210102]
      time_from_start: 0