joint_trajectory:
  points:
    - time_from_start: 0
      positions: [0, -0.785, 0, -2.356, 0, 1.571, 0.785]
    - time_from_start: 0
      positions: [-2.581084153880709, 0.9506669226412088, 2.21991869145097, -1.928550822693873, 1.148821240372291, 2.548328881602279, 2.706733895271452]
    - time_from_start: 0
      positions: [-1.900721517684322, 1.72032796847494, 1.77872573485561, -1.027485957676931, -0.08953685617072328, 3.710724957534071, 2.179020492816005]
  joint_names: [panda_joint1, panda_joint2, panda_joint3, panda_joint4, panda_joint5, panda_joint6, panda_joint7]