joint_trajectory:
  points:
    - time_from_start: 0
      positions: [0, -0.785, 0, -2.356, 0, 1.571, 0.785]
    - time_from_start: 0
      positions: [0.3994652325438254, -0.5293999304800714, -0.3343689933327111, -1.061672275269197, -1.640830293738104, 2.401405328555787, 1.953586861047437]
    - positions: [-0.8558277827521973, -1.051162676565064, 2.014897694991062, -1.220246015444263, -2.897299387402346, 2.912938954447847, 1.45398881766676]
      time_from_start: 0
  joint_names: [panda_joint1, panda_joint2, panda_joint3, panda_joint4, panda_joint5, panda_joint6, panda_joint7]