joint_trajectory:
  joint_names: [panda_joint1, panda_joint2, panda_joint3, panda_joint4, panda_joint5, panda_joint6, panda_joint7]
  points:
    - time_from_start: 0
      positions: [0, -0.785, 0, -2.356, 0, 1.571, 0.785]
    - time_from_start: 0
      positions: [-0.2085171030780196, 1.107505837646168, -0.9916769460113615, -0.6272073206940906, -1.792435298252426, 3.150905679836104, 0.5018180633331195]
    - time_from_start: 0
      positions: [-0.2002207600764835, 1.188503893767459, -1.109605585671271, -0.588006910165898, -1.936828020538502, 3.227480062152252, 0.5658610651661417]