joint_trajectory:
  joint_names: [panda_joint1, panda_joint2, panda_joint3, panda_joint4, panda_joint5, panda_joint6, panda_joint7]
  points:
    - time_from_start: 0
      positions: [0, -0.785, 0, -2.356, 0, 1.571, 0.785]
    - time_from_start: 0
      positions: [0.03234120568709796, -0.06577907905628977, -0.8505718423121005, -2.145974973116395, -0.515974598186661, 2.39591274402554, 0.5817163380387143]
    - time_from_start: 0
      positions: [-0.296776688157364, 0.7134528788285488, -1.184123766213221, -1.715755800000428, -1.562951895598938, 3.022123806661983, 0.4049532010940646]
    - positions: [-1.072999989053168, 0.8423249012648121, -0.07383796010693582, -1.242895033048025, -2.703265332199809, 2.595417506498902, 0.4619052863966109]
      time_from_start: 0