joint_trajectory:
  joint_names: [panda_joint1, panda_joint2, panda_joint3, panda_joint4, panda_joint5, panda_joint6, panda_joint7]
  points:
    - time_from_start: 0
      positions: [0, -0.785, 0, -2.356, 0, 1.571, 0.785]
    - positions: [-0.1686363454077262, 0.1856564539943133, -1.166660095356083, -0.8515907736076253, -1.956798836925008, 2.065107315363337, 0.8763440622757441]
      time_from_start: 0
    - positions: [-0.178474332000632, 1.722956304316041, -1.736634640076811, -0.5989147929781597, -2.639375777232019, 3.015418298226346, 2.075593213410106]
      time_from_start: 0