joint_trajectory:
  joint_names: [panda_joint1, panda_joint2, panda_joint3, panda_joint4, panda_joint5, panda_joint6, panda_joint7]
  points:
    - time_from_start: 0
      positions: [0, -0.785, 0, -2.356, 0, 1.571, 0.785]
    - positions: [0.2469230340728638, 0.790724387696238, 0.2495387107861764, -1.099299583632432, -2.798480016307302, 2.321077616605519, 0.1452032852229181]
      time_from_start: 0
    - positions: [0.08173426011480674, 1.032746644804753, 0.4682182493572575, -1.171978137665306, -2.8973, 2.481493531596668, 0.1895374486914827]
      time_from_start: 0