joint_trajectory:
  joint_names: [panda_joint1, panda_joint2, panda_joint3, panda_joint4, panda_joint5, panda_joint6, panda_joint7]
  points:
    - time_from_start: 0
      positions: [0, -0.785, 0, -2.356, 0, 1.571, 0.785]
    - positions: [0.1068356432175786, -0.9443324667605306, 0.8650117292791912, -1.512745923301445, 0.1825656963591473, 2.771561956142691, 1.535552734289012]
      time_from_start: 0
    - time_from_start: 0
      positions: [0.6339719581713801, 1.715578891822489, 2.090377193685252, -0.9031071701501386, 0.0848445019303091, 3.681347864565645, 1.749919355033754]