joint_trajectory:
  joint_names: [panda_joint1, panda_joint2, panda_joint3, panda_joint4, panda_joint5, panda_joint6, panda_joint7]
  points:
    - time_from_start: 0
      positions: [0, -0.785, 0, -2.356, 0, 1.571, 0.785]
    - time_from_start: 0
      positions: [-0.5984441851199102, 0.9066447988253894, -0.9864199196820074, -0.6103054234486137, -2.225682828763356, 3.030343195952928, 0.2123135240907766]
    - positions: [-0.7805803231532504, 1.414461588286313, -1.002599224963341, -0.3546033505745243, -1.90683974047405, 3.101634892858767, 0.5368560221988401]
      time_from_start: 0