joint_trajectory:
  points:
    - positions: [0, -0.785, 0, -2.356, 0, 1.571, 0.785]
      time_from_start: 0
    - time_from_start: 0
      positions: [-0.2173719745462638, 0.9914889227398431, 1.786830214052636, -1.060662261125638, -0.03224147876615398, 3.412676043652604, 1.455442186718388]
    - time_from_start: 0
      positions: [-0.2610778310512822, 1.698489262404563, 1.674097736527476, -0.8856431869412562, -0.1696495953133358, 3.723824485793413, 2.364364201103001]
  joint_names: [panda_joint1, panda_joint2, panda_joint3, panda_joint4, panda_joint5, panda_joint6, panda_joint7]