joint_trajectory:
  points:
    - positions: [0, -0.785, 0, -2.356, 0, 1.571, 0.785]
      time_from_start: 0
    - positions: [0.3875977041127102, -0.3292767925276626, 1.519863083157046, -1.62303723645902, 1.005240115719059, 2.832122860954541, 1.387901325828248]
      time_from_start: 0
    - positions: [1.02098150165229, 1.758238831245055, 1.744198409390361, -0.9547785540548072, -0.2093949486311833, 3.72621575000586, 2.30504153052203]
      time_from_start: 0
  joint_names: [panda_joint1, panda_joint2, panda_joint3, panda_joint4, panda_joint5, panda_joint6, panda_joint7]