joint_trajectory:
  joint_names: [panda_joint1, panda_joint2, panda_joint3, panda_joint4, panda_joint5, panda_joint6, panda_joint7]
  points:
    - positions: [0, -0.785, 0, -2.356, 0, 1.571, 0.785]
      time_from_start: 0
    - time_from_start: 0
      positions: [-1.330103998319892, -0.9890326802854463, 1.453769714348896, -0.6592385676229962, -0.9290962946896352, 3.199319119513761, -0.2145041403312652]
    - positions: [-1.540730839594339, -1.227291239014091, 2.039475398072368, -0.6431254858290691, -0.9469377792738128, 3.188121493687019, -0.4092768969775365]
      time_from_start: 0