joint_trajectory:
  joint_names: [panda_joint1, panda_joint2, panda_joint3, panda_joint4, panda_joint5, panda_joint6, panda_joint7]
  points:
    - time_from_start: 0
      positions: [0, -0.785, 0, -2.356, 0, 1.571, 0.785]
    - time_from_start: 0
      positions: [0.1195906883430811, -0.7089350349027721, 0.1413723046803845, -2.352590993277762, 0.09846999971091328, 1.51221178941989, 0.7810600545343804]
    - time_from_start: 0
      positions: [1.803326440293346, -1.249148372417521, -2.569119545077936, -0.430948621305917, -2.562123894102419, 2.991195698789451, -0.2481038794359497]
    - positions: [1.813164558084851, -1.272745978920177, -2.615212490690242, -0.4199872955581194, -2.583952465948808, 3.00466064622992, -0.2681457336226887]
      time_from_start: 0