joint_trajectory:
  points:
    - positions: [0, -0.785, 0, -2.356, 0, 1.571, 0.785]
      time_from_start: 0
    - positions: [0.5890477545331987, 0.785960797543931, 1.352191601044106, -1.187918404232128, 2.538462459192286, 2.682548716001296, 0.1829664173457363]
      time_from_start: 0
    - time_from_start: 0
      positions: [0.8201290342413516, 1.558669845573194, 1.358266990381674, -0.9717557776952631, 2.878379165786861, 2.719024505449382, -0.3543500788087753]
  joint_names: [panda_joint1, panda_joint2, panda_joint3, panda_joint4, panda_joint5, panda_joint6, panda_joint7]