joint_trajectory:
  points:
    - time_from_start: 0
      positions: [0, -0.785, 0, -2.356, 0, 1.571, 0.785]
    - positions: [-0.7276366049176324, -0.5615489829331293, 0.2477287866075109, -2.234196178538946, -2.204847064022654, 2.982133028478636, 1.442588989554323]
      time_from_start: 0
    - time_from_start: 0
      positions: [-2.8973, -1.019928306077021, 2.323862432452745, -1.126968421881138, -2.890852181712745, 2.804068934196231, 1.226006091059099]
  joint_names: [panda_joint1, panda_joint2, panda_joint3, panda_joint4, panda_joint5, panda_joint6, panda_joint7]