joint_trajectory:
  points:
    - time_from_start: 0
      positions: [0, -0.785, 0, -2.356, 0, 1.571, 0.785]
    - time_from_start: 0
      positions: [0.2053134872968328, -0.4237048826358994, -0.3340453819781667, -1.952387352177887, 1.084230868634678, 2.100754296311972, 0.8247805279919234]
    - positions: [0.02588398234611696, 0.4642715077542729, -1.269019295023983, -1.303015851439952, 1.039943972239204, 3.154726889773201, -0.07971349999353622]
      time_from_start: 0
    - time_from_start: 0
      positions: [-0.01156612019968914, 1.761828126013178, -2.043146265357743, -1.179462940009956, -0.1926085620634184, 3.736314296631971, -0.1260329159196592]
  joint_names: [panda_joint1, panda_joint2, panda_joint3, panda_joint4, panda_joint5, panda_joint6, panda_joint7]