joint_trajectory:
  joint_names: [panda_joint1, panda_joint2, panda_joint3, panda_joint4, panda_joint5, panda_joint6, panda_joint7]
  points:
    - time_from_start: 0
      positions: [0, -0.785, 0, -2.356, 0, 1.571, 0.785]
    - positions: [2.80601566968033, -0.2817386824787533, 2.746974373521812, -1.149954220135451, -2.6355903820121, 2.134363629862576, -0.05428551847009874]
      time_from_start: 0
    - positions: [2.829955712632752, -0.4998633328524118, 2.747959740027732, -1.219530132106167, -2.750303939368925, 2.394842713387485, 0.3491698441928602]
      time_from_start: 0
    - time_from_start: 0
      positions: [2.854805758970184, -0.761074319445285, 2.746073104381355, -1.302349284848668, -2.886483053077733, 2.704825856658807, 0.8269278181292249]