joint_trajectory:
  joint_names: [panda_joint1, panda_joint2, panda_joint3, panda_joint4, panda_joint5, panda_joint6, panda_joint7]
  points:
    - positions: [0, -0.785, 0, -2.356, 0, 1.571, 0.785]
      time_from_start: 0
    - positions: [-0.2144486606624297, 0.9432886584011009, -0.6524422320411216, -0.3634311162011395, -2.798548075063449, 2.857252086946176, 0.4072920189986688]
      time_from_start: 0
    - time_from_start: 0
      positions: [-0.2851999046734869, 1.279241898047458, -0.3891042270709108, -0.3157596056786425, -2.8973, 3.141957776594174, 0.914937050805108]