joint_trajectory:
  joint_names: [panda_joint1, panda_joint2, panda_joint3, panda_joint4, panda_joint5, panda_joint6, panda_joint7]
  points:
    - time_from_start: 0
      positions: [0, -0.785, 0, -2.356, 0, 1.571, 0.785]
    - positions: [0.2525326168644976, -0.4220103165463385, 1.534373837590822, -1.824145021144607, 0.2946714709558184, 2.950960716288108, 0.9819641951397831]
      time_from_start: 0
    - positions: [0.297799565400729, 0.5505301435200579, 1.837177841138579, -1.44890033964262, 0.1690225915069582, 3.426231479929347, 1.451166940457859]
      time_from_start: 0
    - positions: [0.3018670688924663, 1.762733233783703, 1.898800811874358, -1.068235366520148, -0.06348053657365692, 3.751432241426062, 2.0311426853685]
      time_from_start: 0