joint_trajectory:
  points:
    - time_from_start: 0
      positions: [0, -0.785, 0, -2.356, 0, 1.571, 0.785]
    - positions: [-0.9982198866253731, 0.3699870341993274, -1.07719432543569, -1.53561458370418, -1.369045015389006, 1.167158635929862, 0.6150421699688038]
      time_from_start: 0
    - positions: [-2.545619657390746, -0.3510571260029224, -2.224779362663128, -1.630824243820046, -2.647336139065446, 2.033691810719995, 0.1566565498776835]
      time_from_start: 0
    - time_from_start: 0
      positions: [-2.624498062774906, -0.7692516343310437, -2.328068162752362, -1.742933641144717, -2.8973, 2.255389571777106, 0.08753862149479585]
  joint_names: [panda_joint1, panda_joint2, panda_joint3, panda_joint4, panda_joint5, panda_joint6, panda_joint7]