joint_trajectory:
  points:
    - time_from_start: 0
      positions: [0, -0.785, 0, -2.356, 0, 1.571, 0.785]
    - time_from_start: 0
      positions: [-0.1332884889092987, 0.6184417153189965, -1.299148354834117, -1.494855052885075, -1.10620846892717, 1.832137845198002, 0.4577820503661885]
    - positions: [-0.5066389800961049, 1.324161564790217, -1.083391927723145, -0.8914700323440444, -2.599018613448374, 2.907934716423505, 1.295291579491028]
      time_from_start: 0
  joint_names: [panda_joint1, panda_joint2, panda_joint3, panda_joint4, panda_joint5, panda_joint6, panda_joint7]