joint_trajectory:
  joint_names: [panda_joint1, panda_joint2, panda_joint3, panda_joint4, panda_joint5, panda_joint6, panda_joint7]
  points:
    - positions: [0, -0.785, 0, -2.356, 0, 1.571, 0.785]
      time_from_start: 0
    - time_from_start: 0
      positions: [1.991495028207912, 0.5501644675917758, -0.6441233185541607, -1.080089888172779, -0.9065057881055993, 2.645988508245429, 1.083369387481179]
    - positions: [2.134700015276195, 0.7730547002695525, -0.8045449996915754, -0.9582444061715751, -1.206718966442441, 2.766049457936955, 1.215569083998391]
      time_from_start: 0
    - positions: [2.12610110902548, 1.451479878075088, -1.398666450229507, -0.6248706670422213, -2.105417382651931, 3.138194372975727, 1.113604684837809]
      time_from_start: 0