joint_trajectory:
  points:
    - time_from_start: 0
      positions: [0, -0.785, 0, -2.356, 0, 1.571, 0.785]
    - positions: [-1.328102530644343, 0.5258913813091854, 0.2628535284838112, -0.9429190798103102, -2.780670486921793, 1.708277033161579, 0.8564046482068582]
      time_from_start: 0
    - positions: [-1.376149377009922, 1.219565830926679, 0.4691147798664053, -0.6089607716672744, -2.740936651205615, 2.846931444619247, -0.03959624911059179]
      time_from_start: 0
  joint_names: [panda_joint1, panda_joint2, panda_joint3, panda_joint4, panda_joint5, panda_joint6, panda_joint7]