joint_trajectory:
  points:
    - positions: [0, -0.785, 0, -2.356, 0, 1.571, 0.785]
      time_from_start: 0
    - time_from_start: 0
      positions: [-0.1137893833818266, -0.3798278286538525, 0.6619370189287419, -2.291411401968619, -0.2652218134558052, 1.488007527963419, 1.099612071486572]
    - time_from_start: 0
      positions: [0.01154272134807122, 0.5096263363414673, 1.961795496666756, -1.547481369137941, -0.6880658108129152, 2.674162278497067, 2.179457238962671]
    - positions: [0.5175593975499044, 1.722358475280621, 1.967438152616, -0.4798052035667091, -0.3003643705877319, 3.498936299645376, 2.226934456209169]
      time_from_start: 0
  joint_names: [panda_joint1, panda_joint2, panda_joint3, panda_joint4, panda_joint5, panda_joint6, panda_joint7]