joint_trajectory:
  points:
    - positions: [0, -0.785, 0, -2.356, 0, 1.571, 0.785]
      time_from_start: 0
    - positions: [0.1426132921132202, -0.5616104950300943, -0.02720118647262745, -2.204643851509275, -0.09859388234060132, 1.757719232674491, 0.8255985664785823]
      time_from_start: 0
    - positions: [0.3098831080528993, 1.314703186985972, -1.109208494007928, -0.9743872351763678, -2.897241645375496, 2.82476466704062, 1.60708923239976]
      time_from_start: 0
  joint_names: [panda_joint1, panda_joint2, panda_joint3, panda_joint4, panda_joint5, panda_joint6, panda_joint7]