joint_trajectory:
  joint_names: [panda_joint1, panda_joint2, panda_joint3, panda_joint4, panda_joint5, panda_joint6, panda_joint7]
  points:
    - time_from_start: 0
      positions: [0, -0.785, 0, -2.356, 0, 1.571, 0.785]
    - time_from_start: 0
      positions: [-0.5774586480098284, 0.377097385160013, -0.3590261078658478, -0.5896498871867881, 0.7635697369782473, 1.961357172538159, 1.663101406117741]
    - time_from_start: 0
      positions: [-0.5741350338079855, 1.29150955496838, -0.5239350016848254, -0.3986305123976094, 1.785519768706347, 3.38470906617872, 2.652729446903934]