joint_trajectory:
  points:
    - positions: [0, -0.785, 0, -2.356, 0, 1.571, 0.785]
      time_from_start: 0
    - time_from_start: 0
      positions: [0.7933779700851795, 1.000642813048259, -1.326362798734008, -0.522771421097205, -2.260181791210739, 3.050691731521036, 1.821997460918413]
    - time_from_start: 0
      positions: [0.593421028435802, 1.719044329143214, -2.434493813345432, -0.1226676153264205, -2.686472268751693, 3.276765216698526, 2.774823375548936]
  joint_names: [panda_joint1, panda_joint2, panda_joint3, panda_joint4, panda_joint5, panda_joint6, panda_joint7]