joint_trajectory:
  joint_names: [panda_joint1, panda_joint2, panda_joint3, panda_joint4, panda_joint5, panda_joint6, panda_joint7]
  points:
    - positions: [0, -0.785, 0, -2.356, 0, 1.571, 0.785]
      time_from_start: 0
    - time_from_start: 0
      positions: [1.147004636490923, 0.546238192111945, 0.2362770757967183, -0.8187367783859268, -2.756814131825393, 2.228831221186976, -0.4999121604585477]
    - positions: [1.200872896371595, 0.7485895281980448, 0.1769183681314036, -1.143969314013811, -2.858891487626363, 2.493092239637619, 0.1948659722467297]
      time_from_start: 0
    - time_from_start: 0
      positions: [1.221048730714808, 0.8264836574785671, 0.1547585391304226, -1.268751306300212, -2.89729626326089, 2.594875753835608, 0.4615370473879734]