joint_trajectory:
  joint_names: [panda_joint1, panda_joint2, panda_joint3, panda_joint4, panda_joint5, panda_joint6, panda_joint7]
  points:
    - positions: [0, -0.785, 0, -2.356, 0, 1.571, 0.785]
      time_from_start: 0
    - positions: [-0.5696441975071999, 0.770159910785958, -0.0835813658880688, -0.9712691622607446, -2.229772115417572, 1.513369150311227, -0.8413183119314205]
      time_from_start: 0
    - time_from_start: 0
      positions: [-0.8149870054389095, 1.017512444205814, 0.09625714098816592, -1.057071016356038, -2.8973, 2.616988489354312, 0.4897790863599707]