joint_trajectory:
  points:
    - time_from_start: 0
      positions: [0, -0.785, 0, -2.356, 0, 1.571, 0.785]
    - time_from_start: 0
      positions: [-0.005178319682292141, -0.7643306735398065, -0.04316175192746027, -2.305427254035907, 0.002724089022239198, 1.555143866118196, 0.8458068008190666]
    - positions: [-1.052696057548676, -1.128798947017706, 1.689908004303888, -1.298440408339396, -2.530251849977833, 2.790055871489928, 1.51846164268862]
      time_from_start: 0
    - positions: [-1.116757419497899, -1.18984543599886, 1.885115045457674, -1.315498050548937, -2.711452172261272, 2.903454674673645, 1.460455853652438]
      time_from_start: 0
  joint_names: [panda_joint1, panda_joint2, panda_joint3, panda_joint4, panda_joint5, panda_joint6, panda_joint7]