joint_trajectory:
  points:
    - positions: [0, -0.785, 0, -2.356, 0, 1.571, 0.785]
      time_from_start: 0
    - time_from_start: 0
      positions: [-0.492768987195093, -0.4222618427073355, -0.3772470826274965, -1.683176878763597, 0.1588506553270745, 1.873882376371744, 1.067939359547738]
    - time_from_start: 0
      positions: [-1.334684436267692, 1.000089280532369, -0.4074340911868243, -0.6301495033940636, -2.387312938707261, 2.8587791984131, 0.9264623697783936]
    - time_from_start: 0
      positions: [-1.322243108951089, 1.13505718471578, -0.2875869964306896, -0.6644689249861073, -2.897286659544104, 2.935067050056527, 0.8071044299700365]
  joint_names: [panda_joint1, panda_joint2, panda_joint3, panda_joint4, panda_joint5, panda_joint6, panda_joint7]