joint_trajectory:
  points:
    - positions: [0, -0.785, 0, -2.356, 0, 1.571, 0.785]
      time_from_start: 0
    - time_from_start: 0
      positions: [-1.202268653008671, -0.5310365010699806, -0.871763261050406, -1.251139998689025, -0.1110227476667203, 3.05781217786133, -0.5128531876164988]
    - positions: [-1.567404380702543, 1.239834081653709, 0.3996612378996896, -0.3796496576473862, -2.35647271328625, 3.085080252990841, -0.3746714123912041]
      time_from_start: 0
  joint_names: [panda_joint1, panda_joint2, panda_joint3, panda_joint4, panda_joint5, panda_joint6, panda_joint7]