joint_trajectory:
  points:
    - positions: [0, -0.785, 0, -2.356, 0, 1.571, 0.785]
      time_from_start: 0
    - time_from_start: 0
      positions: [2.766607749363096, 1.544106773024028, -2.600022125871608, -1.770920444394933, -2.272075783616288, 2.408881745169551, 1.504155740050522]
    - time_from_start: 0
      positions: [2.284494426157713, 1.762799535307575, -1.616292866948779, -1.182446426742248, -2.74533496161619, 2.977996726823508, 2.154107508271973]
  joint_names: [panda_joint1, panda_joint2, panda_joint3, panda_joint4, panda_joint5, panda_joint6, panda_joint7]