joint_trajectory:
  joint_names: [panda_joint1, panda_joint2, panda_joint3, panda_joint4, panda_joint5, panda_joint6, panda_joint7]
  points:
    - positions: [0, -0.785, 0, -2.356, 0, 1.571, 0.785]
      time_from_start: 0
    - time_from_start: 0
      positions: [-0.3080111276369865, -0.4619380140231426, 0.4715010831290374, -2.109579424840605, -0.272093241415638, 1.95244714563503, 0.7816298461531176]
    - positions: [-2.050006723603682, -1.001384305196402, 2.8973, -1.120151415792841, -2.86879808757726, 2.613798627234758, 0.7573927522296271]
      time_from_start: 0