joint_trajectory:
  joint_names: [panda_joint1, panda_joint2, panda_joint3, panda_joint4, panda_joint5, panda_joint6, panda_joint7]
  points:
    - positions: [0, -0.785, 0, -2.356, 0, 1.571, 0.785]
      time_from_start: 0
    - time_from_start: 0
      positions: [-1.462418225938413, -1.066288503905931, 0.3850477958862957, -0.9874325266752173, 1.174686896348013, 3.287335888215835, 2.61948915916863]
    - time_from_start: 0
      positions: [-1.626281703728112, -1.649981724483362, 1.49499799583331, -0.6278387417605227, 2.845080197261111, 3.194899157078849, 2.763864690107543]