joint_trajectory:
  points:
    - positions: [0, -0.785, 0, -2.356, 0, 1.571, 0.785]
      time_from_start: 0
    - time_from_start: 0
      positions: [0.09688599955923669, -0.3210545794277135, 0.988424345901279, -1.702493264830585, -0.7792402050866518, 1.49133656578628, 0.03631834680503046]
    - time_from_start: 0
      positions: [1.024318624482782, 0.5226750290479236, 0.9010401581495238, -1.154793044271024, -2.066378678039844, 2.19751301577096, 0.1005783170301993]
    - positions: [1.430633956420138, 0.863318712077825, 0.435004067681818, -1.120674457877188, -2.787424788642078, 2.703876084470958, 0.1355675709691308]
      time_from_start: 0
  joint_names: [panda_joint1, panda_joint2, panda_joint3, panda_joint4, panda_joint5, panda_joint6, panda_joint7]