joint_trajectory:
  points:
    - time_from_start: 0
      positions: [0, -0.785, 0, -2.356, 0, 1.571, 0.785]
    - positions: [-1.596471259628303, -0.8341018379020199, 1.303556356099446, -1.077410910264665, -2.563811057918639, 2.498571392621455, 0.6798211837077349]
      time_from_start: 0
    - positions: [-1.835425575297793, -1.154129884430234, 2.003221773527906, -1.212247978519751, -2.598769100118083, 2.89544011340791, 1.250155081838516]
      time_from_start: 0
  joint_names: [panda_joint1, panda_joint2, panda_joint3, panda_joint4, panda_joint5, panda_joint6, panda_joint7]