joint_trajectory:
  joint_names: [panda_joint1, panda_joint2, panda_joint3, panda_joint4, panda_joint5, panda_joint6, panda_joint7]
  points:
    - time_from_start: 0
      positions: [0, -0.785, 0, -2.356, 0, 1.571, 0.785]
    - positions: [2.035545667871371, -0.9585289001821834, -1.900586553710005, -1.102835789605145, -1.142590387524875, 2.472808716299819, -0.00415274872782807]
      time_from_start: 0
    - positions: [2.573394427386211, -1.071928348425571, -2.89201169854124, -0.7835341838268829, -2.715411032483519, 2.812265963312137, 0.1591307164007502]
      time_from_start: 0