joint_trajectory:
  joint_names: [panda_joint1, panda_joint2, panda_joint3, panda_joint4, panda_joint5, panda_joint6, panda_joint7]
  points:
    - time_from_start: 0
      positions: [0, -0.785, 0, -2.356, 0, 1.571, 0.785]
    - positions: [-1.665443822565082, 1.113694789571645, 1.875947231819855, -1.014678071721508, 0.1430471986099269, 3.160757207964447, 2.020334534633015]
      time_from_start: 0
    - time_from_start: 0
      positions: [-1.448444133314219, 1.589289606593098, 1.895976262201021, -1.068607482445322, -0.2062106225799537, 3.694009245821218, 2.015143680916039]
    - time_from_start: 0
      positions: [-1.497745445178053, 1.72741716545856, 1.898591947515092, -0.9790385301138789, -0.05668088089858903, 3.74770376961651, 2.045982614990734]