joint_trajectory:
  points:
    - time_from_start: 0
      positions: [0, -0.785, 0, -2.356, 0, 1.571, 0.785]
    - positions: [1.229237175384255, -0.1602291012093114, -0.5520488466266996, -1.184348593268641, 0.3897337188869647, 1.048174124258701, -0.7844487412708738]
      time_from_start: 0
    - positions: [0.8601425439333961, 1.186782418984985, -0.9379312540754611, -0.7462650670128884, -1.890930623811056, 3.037023791020645, 0.3906119956749838]
      time_from_start: 0
  joint_names: [panda_joint1, panda_joint2, panda_joint3, panda_joint4, panda_joint5, panda_joint6, panda_joint7]