joint_trajectory:
  points:
    - positions: [0, -0.785, 0, -2.356, 0, 1.571, 0.785]
      time_from_start: 0
    - time_from_start: 0
      positions: [-1.583412846531353, 0.3770906652087065, 1.176161260822646, -1.122155227762777, -1.425503137860419, 2.734491724638974, 0.3459878549077132]
    - positions: [-1.182999670566448, 0.9951756346092617, 0.6793509074635603, -1.075907188281363, -2.896935602072394, 2.685828189037368, 0.00796952438298929]
      time_from_start: 0
  joint_names: [panda_joint1, panda_joint2, panda_joint3, panda_joint4, panda_joint5, panda_joint6, panda_joint7]