joint_trajectory:
  joint_names: [panda_joint1, panda_joint2, panda_joint3, panda_joint4, panda_joint5, panda_joint6, panda_joint7]
  points:
    - time_from_start: 0
      positions: [0, -0.785, 0, -2.356, 0, 1.571, 0.785]
    - time_from_start: 0
      positions: [0.9997257884169461, -1.429454195623286, 2.137003307727212, -0.8835663597722538, 2.073485834925762, 2.631140521490015, 0.1214426661029924]
    - positions: [0.6893333216163348, 1.421960755776684, 1.509793835593644, -1.083119359261349, 0.1852416735198862, 3.692976036791339, 2.324958199646833]
      time_from_start: 0