joint_trajectory:
  points:
    - positions: [0, -0.785, 0, -2.356, 0, 1.571, 0.785]
      time_from_start: 0
    - positions: [2.215289583933587, -1.413643721094355, -1.239089068466984, -2.114398099496658, 0.6829389622529503, 1.914358561933041, 0.1835803633078466]
      time_from_start: 0
    - positions: [1.517598390318668, 1.208687714409905, -0.9942271501371281, -0.8268418072868607, -2.869205106799394, 2.969804335735471, 1.420422213843948]
      time_from_start: 0
  joint_names: [panda_joint1, panda_joint2, panda_joint3, panda_joint4, panda_joint5, panda_joint6, panda_joint7]