joint_trajectory:
  points:
    - positions: [0, -0.785, 0, -2.356, 0, 1.571, 0.785]
      time_from_start: 0
    - time_from_start: 0
      positions: [0.7944040600130586, -0.5349730170633435, -1.678028367013263, -1.651289159951886, -2.129656099994512, 2.635263543660439, 0.550433086501849]
    - time_from_start: 0
      positions: [1.632161633992766, -0.6643565589943162, -2.691879318933025, -1.447779684619247, -2.897297232941831, 2.602206495053571, 0.3031423297740492]
  joint_names: [panda_joint1, panda_joint2, panda_joint3, panda_joint4, panda_joint5, panda_joint6, panda_joint7]