joint_trajectory:
  points:
    - time_from_start: 0
      positions: [0, -0.785, 0, -2.356, 0, 1.571, 0.785]
    - positions: [1.818019048078816, -0.1250102297282324, -0.1185954166693451, -1.319509065484459, -2.058537433794018, 2.704292950145108, 0.1820404341870056]
      time_from_start: 0
    - positions: [2.026117650273594, 0.5582888918762789, -0.4996772150119138, -1.149539476286446, -2.414649437558956, 2.778441851181236, 0.6050361695848099]
      time_from_start: 0
    - time_from_start: 0
      positions: [2.101844131311851, 1.011633973995359, -0.6643831276560163, -1.128979347836949, -2.597121712375453, 2.753153951891353, 0.8359729524170195]
  joint_names: [panda_joint1, panda_joint2, panda_joint3, panda_joint4, panda_joint5, panda_joint6, panda_joint7]