joint_trajectory:
  joint_names: [panda_joint1, panda_joint2, panda_joint3, panda_joint4, panda_joint5, panda_joint6, panda_joint7]
  points:
    - positions: [0, -0.785, 0, -2.356, 0, 1.571, 0.785]
      time_from_start: 0
    - time_from_start: 0
      positions: [1.606438618724275, 0.03600410644080911, -1.389551341847162, -1.496705811149735, 1.420436766836684, 1.730407516715892, 0.1513624760378762]
    - time_from_start: 0
      positions: [2.005521696566083, 1.047056659611225, -1.720211395521423, -1.196571291402513, 2.607610177488192, 2.483045162100763, 1.481160972216893]
    - positions: [1.927081583999499, 1.692972837935693, -1.708058958104131, -1.132794952872321, 2.897266425930345, 2.95669237847703, 2.778358211207785]
      time_from_start: 0