joint_trajectory:
  joint_names: [panda_joint1, panda_joint2, panda_joint3, panda_joint4, panda_joint5, panda_joint6, panda_joint7]
  points:
    - positions: [0, -0.785, 0, -2.356, 0, 1.571, 0.785]
      time_from_start: 0
    - positions: [0.1856053065615303, -0.5339671118015221, -0.4388118377213125, -1.610760869345181, -1.011728868954236, 2.036443588893471, 0.1064798556420709]
      time_from_start: 0
    - time_from_start: 0
      positions: [-0.1474690212590771, 0.6605962343964954, 0.4830614659550507, -1.350470106273997, -2.816736971138077, 2.698061735691586, 0.1975177623229782]