joint_trajectory:
  joint_names: [panda_joint1, panda_joint2, panda_joint3, panda_joint4, panda_joint5, panda_joint6, panda_joint7]
  points:
    - positions: [0, -0.785, 0, -2.356, 0, 1.571, 0.785]
      time_from_start: 0
    - time_from_start: 0
      positions: [-2.484064422575402, -0.6805956762011014, -2.165748843192307, -0.06372097412080668, -2.794795739874071, 1.670622953841717, -1.649315977139967]
    - positions: [-2.630164865386525, -1.538122228194436, -2.264932348755439, -0.1938887070021018, -2.821201674146463, 2.892184245463948, -0.405988534536962]
      time_from_start: 0