joint_trajectory:
  points:
    - positions: [0, -0.785, 0, -2.356, 0, 1.571, 0.785]
      time_from_start: 0
    - positions: [-2.743029859216817, -0.7985258565899989, -2.498862135200523, -0.311565546301438, -2.046669736659024, 2.414012650265978, -2.557676591452463]
      time_from_start: 0
    - positions: [-2.836056712164506, -0.9188285275736263, -2.695398090592668, -0.4218625699122724, -2.276689674829078, 2.633330866296004, -1.835380596574786]
      time_from_start: 0
    - positions: [-2.82787151447248, -1.149521218687767, -2.869888709107703, -0.6716790449983607, -2.71656199867326, 2.850060651891311, 0.1293092468745189]
      time_from_start: 0
  joint_names: [panda_joint1, panda_joint2, panda_joint3, panda_joint4, panda_joint5, panda_joint6, panda_joint7]