joint_trajectory:
  points:
    - time_from_start: 0
      positions: [0, -0.785, 0, -2.356, 0, 1.571, 0.785]
    - time_from_start: 0
      positions: [-0.7481419879424746, 0.3217922950181575, -1.326192435605801, -1.302662332699741, 1.394089764625901, 2.584373327493713, 1.353327900042835]
    - positions: [-0.5604827604011741, 1.494216216950994, -1.557720696488789, -1.000804185566027, 2.886320676037113, 2.974126434875662, 2.544374233833419]
      time_from_start: 0
  joint_names: [panda_joint1, panda_joint2, panda_joint3, panda_joint4, panda_joint5, panda_joint6, panda_joint7]