joint_trajectory:
  joint_names: [panda_joint1, panda_joint2, panda_joint3, panda_joint4, panda_joint5, panda_joint6, panda_joint7]
  points:
    - time_from_start: 0
      positions: [0, -0.785, 0, -2.356, 0, 1.571, 0.785]
    - time_from_start: 0
      positions: [-0.1838053541096002, 0.927677430283551, -1.855299572305893, -0.3685461641329717, -1.886577117016071, 3.002723713758209, 1.437641918878077]
    - positions: [-0.286118450454408, 1.47933607598095, -1.714793451696593, -0.1140751140067104, -1.998070751159118, 3.26756777755126, 1.342340250957668]
      time_from_start: 0