joint_trajectory:
  points:
    - time_from_start: 0
      positions: [0, -0.785, 0, -2.356, 0, 1.571, 0.785]
    - time_from_start: 0
      positions: [0.1995858879410474, 0.2501067418942018, 1.269527716419511, -1.928452275509741, 0.2906938229460201, 1.932620055845627, 0.393019217369449]
    - time_from_start: 0
      positions: [0.6452010461299835, 1.038323107790624, 1.251195714059172, -1.498185695983488, -2.465198400534693, 2.330352480635303, -0.2488066542099846]
    - positions: [0.6903967629688392, 1.050019999545996, 1.121489215402761, -1.478043794177713, -2.8973, 2.352333212704603, -0.3034452509616765]
      time_from_start: 0
  joint_names: [panda_joint1, panda_joint2, panda_joint3, panda_joint4, panda_joint5, panda_joint6, panda_joint7]