joint_trajectory:
  joint_names: [panda_joint1, panda_joint2, panda_joint3, panda_joint4, panda_joint5, panda_joint6, panda_joint7]
  points:
    - positions: [0, -0.785, 0, -2.356, 0, 1.571, 0.785]
      time_from_start: 0
    - positions: [0.476462808959407, -0.6843865261441613, -0.144631058842076, -1.977927318471421, -0.4546031129572646, 1.676565125419357, 0.9231739775043625]
      time_from_start: 0
    - positions: [1.147500543970512, 0.5664638152352734, -1.119549032272124, -1.209196610108922, -0.6960168848708358, 2.761884478231462, 0.4235881059662552]
      time_from_start: 0
    - time_from_start: 0
      positions: [0.9279096675913272, 1.71941649218452, -1.886815961996415, -1.12797039863309, -0.05523769733833946, 3.72602559208093, -0.3907172107835242]