joint_trajectory:
  joint_names: [panda_joint1, panda_joint2, panda_joint3, panda_joint4, panda_joint5, panda_joint6, panda_joint7]
  points:
    - time_from_start: 0
      positions: [0, -0.785, 0, -2.356, 0, 1.571, 0.785]
    - positions: [1.037333075273054, -0.4481484021492006, -0.2094382528018576, -2.19848158618611, -1.662914860872767, 2.84270783314616, -0.4203126276031799]
      time_from_start: 0
    - time_from_start: 0
      positions: [1.060823445589372, 1.13060749935383, -0.746127583362267, -1.055099955818511, -2.897155229528164, 2.719636061697411, 1.227005852696772]