joint_trajectory:
  points:
    - time_from_start: 0
      positions: [0, -0.785, 0, -2.356, 0, 1.571, 0.785]
    - time_from_start: 0
      positions: [2.445346155466813, -0.5034678725585544, -2.273189625890511, -1.599360616248661, -2.485558375526592, 2.222753631759449, 0.5159358527077191]
    - time_from_start: 0
      positions: [2.640024083967821, -0.7746250879349946, -2.569570291560936, -1.652060399150617, -2.8973, 2.280386597207286, 0.2318613761421552]
  joint_names: [panda_joint1, panda_joint2, panda_joint3, panda_joint4, panda_joint5, panda_joint6, panda_joint7]