joint_trajectory:
  joint_names: [panda_joint1, panda_joint2, panda_joint3, panda_joint4, panda_joint5, panda_joint6, panda_joint7]
  points:
    - time_from_start: 0
      positions: [0, -0.785, 0, -2.356, 0, 1.571, 0.785]
    - positions: [2.340741393300913, 0.5383054569378708, -1.180219729014605, -1.355630115368062, -1.964102789676082, 2.69973094069852, 1.245708346261058]
      time_from_start: 0
    - positions: [2.356436326373049, 0.6672841824696092, -1.15851016052708, -1.36000223171001, -2.152472736694059, 2.688228485140284, 1.318572031588336]
      time_from_start: 0
    - time_from_start: 0
      positions: [2.306970473639104, 1.20784515499092, -1.055932996900411, -1.40852286930704, -2.8973, 2.564797658724071, 1.54318925933706]