joint_trajectory:
  points:
    - positions: [0, -0.785, 0, -2.356, 0, 1.571, 0.785]
      time_from_start: 0
    - time_from_start: 0
      positions: [0.5648657569453623, 0.3231631730083487, -0.9276538745107539, -1.063281495244349, -1.996708563556015, 2.254885325453304, 0.5814153502843948]
    - time_from_start: 0
      positions: [0.2511306182201318, 1.095695692910479, -0.5318468776689056, -0.9733841260689642, -2.589442663579522, 2.756360303998554, 0.7487794036830652]
  joint_names: [panda_joint1, panda_joint2, panda_joint3, panda_joint4, panda_joint5, panda_joint6, panda_joint7]