joint_trajectory:
  joint_names: [panda_joint1, panda_joint2, panda_joint3, panda_joint4, panda_joint5, panda_joint6, panda_joint7]
  points:
    - time_from_start: 0
      positions: [0, -0.785, 0, -2.356, 0, 1.571, 0.785]
    - positions: [0.3382636597112745, 0.6433613172814534, -0.8409924838076439, -0.765146074720284, -2.050510248355535, 2.788571611278219, 0.4867810150955931]
      time_from_start: 0
    - positions: [0.4607003271840845, 0.9917915479226384, -0.8148207943255754, -0.8372266051904569, -2.462461092227868, 3.081803063016465, 0.7664139694833734]
      time_from_start: 0