joint_trajectory:
  joint_names: [panda_joint1, panda_joint2, panda_joint3, panda_joint4, panda_joint5, panda_joint6, panda_joint7]
  points:
    - time_from_start: 0
      positions: [0, -0.785, 0, -2.356, 0, 1.571, 0.785]
    - time_from_start: 0
      positions: [-0.09441294643953524, -0.3160922078867295, 0.5299828845515564, -0.6848617396761132, -1.273658260213782, 2.516043344839839, -0.7298878681302818]
    - time_from_start: 0
      positions: [-0.5299838732029154, 1.432820703566469, -1.520365200007997, -0.06796389123594229, -2.007873196109763, 3.287117886874302, 1.162677022413227]