joint_trajectory:
  joint_names: [panda_joint1, panda_joint2, panda_joint3, panda_joint4, panda_joint5, panda_joint6, panda_joint7]
  points:
    - time_from_start: 0
      positions: [0, -0.785, 0, -2.356, 0, 1.571, 0.785]
    - time_from_start: 0
      positions: [0.5517000334842916, -0.7527562417561554, -1.075473438128098, -1.393030570388055, 0.8599129407068751, 1.839399173951929, -0.5287380135686033]
    - positions: [0.5089024216488081, 0.3126537804347817, -1.013193855618836, -1.336586140513537, -1.21722332691034, 2.803413867764815, 0.6909559819390051]
      time_from_start: 0
    - time_from_start: 0
      positions: [0.4609084179601958, 1.067277694366737, -1.134344091109966, -1.067924150369725, -2.8973, 3.024938922123015, 1.458861582242569]