joint_trajectory:
  joint_names: [panda_joint1, panda_joint2, panda_joint3, panda_joint4, panda_joint5, panda_joint6, panda_joint7]
  points:
    - positions: [0, -0.785, 0, -2.356, 0, 1.571, 0.785]
      time_from_start: 0
    - positions: [-1.393416697629774, 0.07364845297627653, 1.351223861611306, -1.519370494444884, 0.3810033657480653, 2.137199849518198, 1.458059646934814]
      time_from_start: 0
    - time_from_start: 0
      positions: [-1.864571984177868, 1.080364338913577, 1.822739011593638, -1.030367973472869, 0.2967267473763198, 3.149122003110839, 2.005306386788234]
    - positions: [-1.708439181393379, 1.563010164297687, 1.683152583787094, -0.9575667955487132, 0.08183991048522592, 3.748646048940134, 2.18818904058806]
      time_from_start: 0