joint_trajectory:
  joint_names: [panda_joint1, panda_joint2, panda_joint3, panda_joint4, panda_joint5, panda_joint6, panda_joint7]
  points:
    - positions: [0, -0.785, 0, -2.356, 0, 1.571, 0.785]
      time_from_start: 0
    - positions: [1.181722711104831, -0.4811604824685617, 0.3520703240634337, -0.8807812281625291, -0.02831868442672737, 1.984638598707428, -1.055167434875146]
      time_from_start: 0
    - time_from_start: 0
      positions: [1.248603170380151, 0.9729380874081981, -1.055989779540822, -0.6235425198081744, -0.2336152160606113, 2.935655420703564, -0.4901416807073443]
    - time_from_start: 0
      positions: [1.248731751050317, 1.570181401912199, -1.735070480757074, -0.5335366353516486, -0.415615803809278, 3.299501917827992, -0.2217347498690152]