joint_trajectory:
  joint_names: [panda_joint1, panda_joint2, panda_joint3, panda_joint4, panda_joint5, panda_joint6, panda_joint7]
  points:
    - time_from_start: 0
      positions: [0, -0.785, 0, -2.356, 0, 1.571, 0.785]
    - positions: [-1.515684145918463, -1.068517216148035, 0.9947543000784873, -0.7232168914065618, 1.510865975050361, 2.47586771424871, 1.090829151157485]
      time_from_start: 0
    - time_from_start: 0
      positions: [-1.977981942754262, -1.422212773321486, 2.511424556216738, -0.1586283127078089, 2.385187541389253, 3.244318131902229, 2.1628138681033]