joint_trajectory:
  joint_names: [panda_joint1, panda_joint2, panda_joint3, panda_joint4, panda_joint5, panda_joint6, panda_joint7]
  points:
    - positions: [0, -0.785, 0, -2.356, 0, 1.571, 0.785]
      time_from_start: 0
    - time_from_start: 0
      positions: [-0.5677546143389307, -1.280459532197379, 2.170179886286566, -1.406442845033249, 2.562279649499198, 1.934663229063153, -2.508696081501618]
    - time_from_start: 0
      positions: [0.3753322218904218, 1.008165966241608, 0.02498548429371623, -0.9061913709970575, -2.8973, 2.784730836719393, 0.534716014570264]