joint_trajectory:
  joint_names: [panda_joint1, panda_joint2, panda_joint3, panda_joint4, panda_joint5, panda_joint6, panda_joint7]
  points:
    - time_from_start: 0
      positions: [0, -0.785, 0, -2.356, 0, 1.571, 0.785]
    - time_from_start: 0
      positions: [-0.8957581510565487, -0.5143105397367185, 0.5705139548766538, -1.884524662527397, -0.09038225049603647, 2.215111118383041, 1.450356091833222]
    - time_from_start: 0
      positions: [-2.170204618672502, -1.363745572767029, 1.184985232755773, -0.8317138373718409, -1.828569784521155, 3.09883566398764, 2.039380799444881]
    - time_from_start: 0
      positions: [-2.355844299776038, -1.7628, 1.230505713762993, -0.593163720987015, -2.440720302166925, 3.220271487409386, 2.04542693901369]