joint_trajectory:
  points:
    - time_from_start: 0
      positions: [0, -0.785, 0, -2.356, 0, 1.571, 0.785]
    - time_from_start: 0
      positions: [-1.280268069448369, -0.4695900108162314, -0.5502743249309248, -1.861362693133159, -1.575364513250766, 0.622404840295203, 1.900485962915514]
    - time_from_start: 0
      positions: [-2.175839625839683, -1.173322182287708, 1.886003773461858, -1.07364526060957, -2.700363458674083, 3.060789157671628, 1.414039653860263]
  joint_names: [panda_joint1, panda_joint2, panda_joint3, panda_joint4, panda_joint5, panda_joint6, panda_joint7]