joint_trajectory:
  points:
    - positions: [0, -0.785, 0, -2.356, 0, 1.571, 0.785]
      time_from_start: 0
    - time_from_start: 0
      positions: [0.8478050299226529, -0.4024313772400114, 1.186969544195014, -0.6139249144438756, -0.9731511894513076, 1.77770485892028, -0.03669284995780957]
    - positions: [1.213391996155202, 1.101922943434969, 0.6521591266193065, -0.7394218193006878, -2.650626367370196, 2.847684322060854, -0.263254949500273]
      time_from_start: 0
  joint_names: [panda_joint1, panda_joint2, panda_joint3, panda_joint4, panda_joint5, panda_joint6, panda_joint7]