joint_trajectory:
  joint_names: [panda_joint1, panda_joint2, panda_joint3, panda_joint4, panda_joint5, panda_joint6, panda_joint7]
  points:
    - positions: [0, -0.785, 0, -2.356, 0, 1.571, 0.785]
      time_from_start: 0
    - positions: [1.196088515005598, 0.4265154495369563, -1.369176958228443, -0.7390060028136203, -1.216771559481701, 2.599468248267256, 0.3022918293239232]
      time_from_start: 0
    - positions: [0.7750028818478482, 1.369573970510895, -1.152338553500585, -0.4784875016460948, -1.284383941437014, 3.133273938925092, 0.04083142208169761]
      time_from_start: 0