joint_trajectory:
  joint_names: [panda_joint1, panda_joint2, panda_joint3, panda_joint4, panda_joint5, panda_joint6, panda_joint7]
  points:
    - time_from_start: 0
      positions: [0, -0.785, 0, -2.356, 0, 1.571, 0.785]
    - time_from_start: 0
      positions: [1.410954197886678, 0.2585675792084013, -1.100927930470833, -1.216166668815641, 0.2193708400865216, 2.242228328839817, -0.3534577173068242]
    - positions: [1.398816638940418, 1.638836584945099, -1.550294357281147, -1.080039644664502, -2.802997251794598, 2.964677264259744, 2.067188536656024]
      time_from_start: 0