joint_trajectory:
  points:
    - positions: [0, -0.785, 0, -2.356, 0, 1.571, 0.785]
      time_from_start: 0
    - time_from_start: 0
      positions: [-0.0003713812149816545, -0.5773188627129671, 0.2608723710104494, -1.72789105995568, -0.5952242727160042, 1.41688287135404, 0.5109206262489703]
    - time_from_start: 0
      positions: [-0.2467326225624249, 1.369020107246329, 1.369324808278359, -0.9224614587445358, -0.3584419195085191, 3.445644276734901, 2.489935519202356]
    - time_from_start: 0
      positions: [-0.2268870840246187, 1.596437663565577, 1.377682693777801, -0.9465223197157376, -0.2099920707612753, 3.667715018638596, 2.70371110581118]
  joint_names: [panda_joint1, panda_joint2, panda_joint3, panda_joint4, panda_joint5, panda_joint6, panda_joint7]