joint_trajectory:
  joint_names: [panda_joint1, panda_joint2, panda_joint3, panda_joint4, panda_joint5, panda_joint6, panda_joint7]
  points:
    - time_from_start: 0
      positions: [0, -0.785, 0, -2.356, 0, 1.571, 0.785]
    - time_from_start: 0
      positions: [-0.9765557734871078, -0.7166984646104111, 1.665237486295348, -1.221917644454481, -2.511145519273669, 2.772597468415621, 1.31096484828185]
    - positions: [-1.128522041809744, -1.003043718240767, 1.938091408360989, -1.369661502317688, -2.897260230981209, 2.892441401317922, 1.459308692551188]
      time_from_start: 0