joint_trajectory:
  points:
    - time_from_start: 0
      positions: [0, -0.785, 0, -2.356, 0, 1.571, 0.785]
    - time_from_start: 0
      positions: [0.3238241104693964, -0.472005482395972, -0.7836315757927484, -0.9307322413539327, -1.264661002183085, 1.243943057287806, 0.7611235752476332]
    - time_from_start: 0
      positions: [1.196168600113979, 1.190926789696705, -0.8978841061644331, -0.9742188248583622, -2.709626458428917, 2.841949646404625, 1.195642598856105]
  joint_names: [panda_joint1, panda_joint2, panda_joint3, panda_joint4, panda_joint5, panda_joint6, panda_joint7]