joint_trajectory:
  points:
    - positions: [0, -0.785, 0, -2.356, 0, 1.571, 0.785]
      time_from_start: 0
    - positions: [0.2960743636521062, 0.1695242997623125, -0.6004312201259565, -1.600716404892398, -0.6753043933223395, 2.562340986376961, 1.46545586045525]
      time_from_start: 0
    - positions: [0.5934507731913162, 1.345513784670498, -1.075869606265065, -0.9418669502406797, -2.897127421024579, 2.7800507906725, 1.592682346967402]
      time_from_start: 0
  joint_names: [panda_joint1, panda_joint2, panda_joint3, panda_joint4, panda_joint5, panda_joint6, panda_joint7]