joint_trajectory:
  joint_names: [panda_joint1, panda_joint2, panda_joint3, panda_joint4, panda_joint5, panda_joint6, panda_joint7]
  points:
    - time_from_start: 0
      positions: [0, -0.785, 0, -2.356, 0, 1.571, 0.785]
    - time_from_start: 0
      positions: [0.4464629573248771, 0.1313362494705944, 0.8005956905321647, -1.302434528651895, -1.038705113277326, 2.626649403007938, -0.5999089505182271]
    - time_from_start: 0
      positions: [0.5725252708746814, 0.335690450882131, 0.8107959081880596, -1.256857238219161, -1.380480184827285, 2.67514794076125, -0.5803491367406473]
    - time_from_start: 0
      positions: [0.9130688092979252, 0.8937803540488738, 0.7448887251873171, -1.128435873310796, -2.708260150563052, 2.689198227041656, -0.173910881552415]