joint_trajectory:
  joint_names: [panda_joint1, panda_joint2, panda_joint3, panda_joint4, panda_joint5, panda_joint6, panda_joint7]
  points:
    - positions: [0, -0.785, 0, -2.356, 0, 1.571, 0.785]
      time_from_start: 0
    - positions: [-0.4037230862500143, 0.6267938920364355, -0.7697890463812797, -1.062305581196468, -2.266826285531606, 2.720477460057809, 1.213163945465089]
      time_from_start: 0
    - time_from_start: 0
      positions: [-0.3153752053827697, 1.052126755935003, -0.9837073386500095, -1.099335726075551, -2.716436530717084, 2.919089227621366, 1.182514750553998]