joint_trajectory:
  points:
    - time_from_start: 0
      positions: [0, -0.785, 0, -2.356, 0, 1.571, 0.785]
    - time_from_start: 0
      positions: [-0.6283058815629394, -0.9349474919098495, -0.3001848853913143, -1.806007991396541, -0.2273870557092368, 1.513507574220714, 0.8067241050420375]
    - positions: [-0.5763788262678666, 1.034842339032081, -0.7330026075883048, -1.072599197717355, -2.560099667646372, 2.817811504150614, 0.8545647650651138]
      time_from_start: 0
  joint_names: [panda_joint1, panda_joint2, panda_joint3, panda_joint4, panda_joint5, panda_joint6, panda_joint7]