joint_trajectory:
  points:
    - positions: [0, -0.785, 0, -2.356, 0, 1.571, 0.785]
      time_from_start: 0
    - positions: [-0.4535087654183072, -0.7594656158527461, 0.4740852598733329, -1.857563274997674, -0.3716944719677616, 1.738483752667068, 0.2039912975027059]
      time_from_start: 0
    - positions: [-1.454237048873225, -0.8354021928900527, 2.400401097674405, -1.130557968902971, -2.538888429373719, 2.836950476807858, 0.8840579368580583]
      time_from_start: 0
    - positions: [-1.451140183264752, -0.9510103288438849, 2.419034489081648, -1.139058262758865, -2.647403722074262, 2.824576369312635, 0.8869533207576927]
      time_from_start: 0
  joint_names: [panda_joint1, panda_joint2, panda_joint3, panda_joint4, panda_joint5, panda_joint6, panda_joint7]