joint_trajectory:
  points:
    - time_from_start: 0
      positions: [-0.00345146, 0.0118884, 0.00421845, 1.39861, 0.0145728, 0.238918, 0.0007669899999999999, 0.00115049, 0.0145728, 0.00230097, 1.41586, -0.00115049, 0.253107, -0.18868]
    - positions: [0.3004045316751149, 1.034400863563176, -1.328550437562193, 0.6133783503323792, 0.2630623298040593, -1.486394387134115, -2.718163091976196, -0.9259737734256747, 0.5619989752946424, -1.760729735524303, 2.05943844931107, -2.593392521680333, 0.5998654136050461, 2.696634329896886]
      time_from_start: 0
    - time_from_start: 0
      positions: [-0.3216095175310325, -0.9151515361859838, -0.9239524420850252, 1.957997278703102, 2.791054010252753, 1.022221331323086, -2.41987839359324, 1.203348303012034, 0.322223431159138, 1.340231835229104, 0.6376565274557288, 2.925813337511867, 1.146666940845764, 2.012447317886656]
  joint_names: [left_s0, left_s1, left_e0, left_e1, left_w0, left_w1, left_w2, right_s0, right_s1, right_e0, right_e1, right_w0, right_w1, right_w2]