joint_trajectory:
  joint_names: [left_s0, left_s1, left_e0, left_e1, left_w0, left_w1, left_w2, right_s0, right_s1, right_e0, right_e1, right_w0, right_w1, right_w2]
  points:
    - time_from_start: 0
      positions: [-0.00345146, 0.0118884, 0.00421845, 1.39861, 0.0145728, 0.238918, 0.0007669899999999999, 0.00115049, 0.0145728, 0.00230097, 1.41586, -0.00115049, 0.253107, -0.18868]
    - positions: [-0.5609780135687141, -0.4566637936956248, -2.779706923744251, 0.8589024688778444, 1.777448465634137, 0.1208492105621417, 2.907365782282781, -0.9812324328119408, 1.045766748167575, -2.784575821411459, 1.40713846662268, -1.854699472965207, -0.443490193007019, 0.5202900288598613]
      time_from_start: 0
    - positions: [-0.4172496583301963, 0.5284032047256809, -2.188850733737522, 1.533561881557186, 0.2085553669894701, -0.937110169044604, 2.22635949187619, 1.244851536924759, -0.2863318264325782, -0.1513679777862566, 1.278362471215413, -2.641404462478513, 0.9779050254514635, 3.002479758668429]
      time_from_start: 0