joint_trajectory:
  joint_names: [left_s0, left_s1, left_e0, left_e1, left_w0, left_w1, left_w2, right_s0, right_s1, right_e0, right_e1, right_w0, right_w1, right_w2]
  points:
    - positions: [-0.00345146, 0.0118884, 0.00421845, 1.39861, 0.0145728, 0.238918, 0.0007669899999999999, 0.00115049, 0.0145728, 0.00230097, 1.41586, -0.00115049, 0.253107, -0.18868]
      time_from_start: 0
    - positions: [0.7643275214330725, -1.521606310779229, -1.616895226800268, 0.1621222752146423, -0.6436704692882484, 2.033729882650001, 1.730502276878804, 0.06643129188840713, 0.3748607817259617, -0.469649312349536, 0.4124654329307377, 2.463741475227755, 1.937145225061472, 0.8063039162787611]
      time_from_start: 0
    - positions: [-0.7029740314028499, -0.8081231808874687, -0.2138251277422977, 1.314082659942476, -0.1640953453078035, -0.5177753644550229, 0.2967512865701333, 1.483324165849295, 0.7331726927664416, -2.090728791452624, 0.8531871167752791, -0.8290579553666929, 0.158306924294657, -3.023055146534647]
      time_from_start: 0