joint_trajectory:
  points:
    - time_from_start: 0
      positions: [-0.00345146, 0.0118884, 0.00421845, 1.39861, 0.0145728, 0.238918, 0.0007669899999999999, 0.00115049, 0.0145728, 0.00230097, 1.41586, -0.00115049, 0.253107, -0.18868]
    - time_from_start: 0
      positions: [-1.556130611234246, -0.4546429809867403, 0.9803775026480483, 0.2482562995599583, -3.050930837847758, 1.976177722675867, 0.412925158653874, -0.2002680276918536, 0.9862356542823836, 1.36735353235576, 0.01708521343208848, -2.253676097921096, -0.1510193320215085, -0.2991550697297791]
    - time_from_start: 0
      positions: [-1.383635191128107, 0.09783640384210854, -0.5292894299864276, 0.4533276042174218, -0.5748926556317138, -0.9489986993123672, 0.9606337336281924, 0.2134607196978681, 0.1414772972908301, 1.731609773710833, 1.745581325666478, -0.03188223507959308, -1.151870537436056, -1.759948512052361]
  joint_names: [left_s0, left_s1, left_e0, left_e1, left_w0, left_w1, left_w2, right_s0, right_s1, right_e0, right_e1, right_w0, right_w1, right_w2]