joint_trajectory:
  points:
    - time_from_start: 0
      positions: [-0.00345146, 0.0118884, 0.00421845, 1.39861, 0.0145728, 0.238918, 0.0007669899999999999, 0.00115049, 0.0145728, 0.00230097, 1.41586, -0.00115049, 0.253107, -0.18868]
    - positions: [0.4586027568643525, -1.277110056763515, 1.60955952281215, 1.840653519221581, -2.41251082913205, 0.1439398874482212, -1.845506580208894, 0.6852516647797642, -0.7714933095392769, -1.447663038079256, 1.217870652833022, -0.8460373255335725, 0.1226593035147707, 0.3098053937149232]
      time_from_start: 0
    - positions: [-0.2862509508170232, -0.300295865904074, -2.533858384602831, 1.254589770992286, 0.7545398904774339, -1.281638665724055, -0.5291164199998604, 0.6793921081559828, -0.5118097926275802, -0.3274304579156757, 0.4925413025040179, -2.503757816004101, 1.73993478627823, -1.356294034338091]
      time_from_start: 0
    - positions: [-0.1443759895714207, -0.6043138454413912, -0.9901218381415622, 1.47421361843193, -0.0786330012973657, -0.6326242641897604, 0.825265588758563, 1.120159276172579, -0.06009286858431555, 0.3743969115331544, 0.7864970444880037, -2.699117000073096, 0.9047729246706919, 2.461231000545275]
      time_from_start: 0
  joint_names: [left_s0, left_s1, left_e0, left_e1, left_w0, left_w1, left_w2, right_s0, right_s1, right_e0, right_e1, right_w0, right_w1, right_w2]