joint_trajectory:
  joint_names: [left_s0, left_s1, left_e0, left_e1, left_w0, left_w1, left_w2, right_s0, right_s1, right_e0, right_e1, right_w0, right_w1, right_w2]
  points:
    - time_from_start: 0
      positions: [-0.00345146, 0.0118884, 0.00421845, 1.39861, 0.0145728, 0.238918, 0.0007669899999999999, 0.00115049, 0.0145728, 0.00230097, 1.41586, -0.00115049, 0.253107, -0.18868]
    - time_from_start: 0
      positions: [0.680537232179991, 0.284375801732764, 2.521791379245848, 2.589796844881028, 1.372314389314503, -0.7930459919675208, -1.416409488591366, -1.672893844215598, 1.046926683941856, 2.711808923275979, 1.374758073782548, -0.114095722843893, 1.653391435640296, 2.293783925929107]
    - time_from_start: 0
      positions: [-1.04746651219256, -0.2880229841854112, 0.1129977395288199, 1.213554377175011, -0.2836173105025929, -0.9146060494403222, 0.06961805150265835, 0.03152700418251807, -0.06050049270708899, 1.596917572402227, 1.488422999332705, -3.036036343545403, 0.741632182903688, 1.519953493031775]