joint_trajectory:
  points:
    - time_from_start: 0
      positions: [-0.00345146, 0.0118884, 0.00421845, 1.39861, 0.0145728, 0.238918, 0.0007669899999999999, 0.00115049, 0.0145728, 0.00230097, 1.41586, -0.00115049, 0.253107, -0.18868]
    - time_from_start: 0
      positions: [0.1063712508076871, -0.5511916901022194, -0.1920016596692693, 0.7350522800376638, 0.9682088399566711, -1.214028611949908, 0.3560669737695719, 0.2776890535752325, -0.07889632756449272, -0.527188234953925, 0.7791970248846336, -2.722107901580166, 0.7374789892747184, 2.770058605210855]
    - positions: [-0.5739577297067406, 0.5401497857860481, -0.2158218169762075, 0.5168604196261165, 0.3828109006880977, -1.040942821706581, 0.00123367052958655, 1.494444787850285, -0.6046400321224054, 0.1910172100181166, 0.9618190954251253, 1.114771915386138, -0.9204752975167614, -1.127210309299873]
      time_from_start: 0
  joint_names: [left_s0, left_s1, left_e0, left_e1, left_w0, left_w1, left_w2, right_s0, right_s1, right_e0, right_e1, right_w0, right_w1, right_w2]