joint_trajectory:
  joint_names: [left_s0, left_s1, left_e0, left_e1, left_w0, left_w1, left_w2, right_s0, right_s1, right_e0, right_e1, right_w0, right_w1, right_w2]
  points:
    - time_from_start: 0
      positions: [-0.00345146, 0.0118884, 0.00421845, 1.39861, 0.0145728, 0.238918, 0.0007669899999999999, 0.00115049, 0.0145728, 0.00230097, 1.41586, -0.00115049, 0.253107, -0.18868]
    - time_from_start: 0
      positions: [0.8887305686587843, 0.6100977414329538, -0.938043312341776, 0.5738986194394528, 0.9472765411245634, 1.800655081421541, -2.290382984314114, -0.6309845784763926, -0.245764401713386, -2.364489012025351, 0.4969458897216245, 2.221420970021748, 1.756541121127814, -0.701509594270028]
    - positions: [-0.8595034735143341, 0.6884846956330262, -2.937113917302489, 1.327080566564929, -2.822144603008537, 0.6819277842330811, -0.4134235677303125, 0.3383894415737368, 0.9068217993288673, 2.711142402948341, 0.860922724309946, -0.6573114076886126, 0.1593542945369721, -2.231731214678851]
      time_from_start: 0