joint_trajectory:
  points:
    - positions: [-0.00345146, 0.0118884, 0.00421845, 1.39861, 0.0145728, 0.238918, 0.0007669899999999999, 0.00115049, 0.0145728, 0.00230097, 1.41586, -0.00115049, 0.253107, -0.18868]
      time_from_start: 0
    - time_from_start: 0
      positions: [0.8325637338010581, 0.9104063251158223, 1.451457088042669, 1.417521310877055, 2.414053395934869, -1.245160320214854, -1.604202929956839, 0.9688197737248068, 0.3780905278064313, 2.563458467574772, 1.407802127202973, -0.3241339072496632, 0.03271788774458195, -0.09010675392346457]
    - time_from_start: 0
      positions: [-0.2950430619821332, 0.793137784513589, -1.198158706609348, 0.2735362900215276, 1.605391479009174, -0.8544447937156686, -0.07528339451464067, 1.062345495861543, -0.403560825337149, -0.01505782367988076, 1.63879644812066, -2.850387184885533, 1.247075631191483, 3.05899999038097]
  joint_names: [left_s0, left_s1, left_e0, left_e1, left_w0, left_w1, left_w2, right_s0, right_s1, right_e0, right_e1, right_w0, right_w1, right_w2]