joint_trajectory:
  joint_names: [left_s0, left_s1, left_e0, left_e1, left_w0, left_w1, left_w2, right_s0, right_s1, right_e0, right_e1, right_w0, right_w1, right_w2]
  points:
    - time_from_start: 0
      positions: [-0.00345146, 0.0118884, 0.00421845, 1.39861, 0.0145728, 0.238918, 0.0007669899999999999, 0.00115049, 0.0145728, 0.00230097, 1.41586, -0.00115049, 0.253107, -0.18868]
    - positions: [-0.3203030269584075, -0.8928118088897317, 1.824654418879315, 0.7489775222642346, -1.776489084706642, 1.693690280630341, -1.610760125510395, -1.079843868924131, -0.9498316433555445, -2.036686468961066, 0.9646681743282823, 2.662284871435724, 1.645406204303495, 0.9042363198557868]
      time_from_start: 0
    - positions: [-0.1138467860950207, 0.7093280189539414, -1.698178895789713, 1.246965875070267, -2.261850208623686, 0.5808803542726694, -1.773188912386411, 0.4575209036642848, -0.1093667991188001, 1.53653109820784, 1.315535900868798, 0.116990095665273, -0.9941437397952799, -1.561415859194835]
      time_from_start: 0