joint_trajectory:
  joint_names: [left_s0, left_s1, left_e0, left_e1, left_w0, left_w1, left_w2, right_s0, right_s1, right_e0, right_e1, right_w0, right_w1, right_w2]
  points:
    - time_from_start: 0
      positions: [-0.00345146, 0.0118884, 0.00421845, 1.39861, 0.0145728, 0.238918, 0.0007669899999999999, 0.00115049, 0.0145728, 0.00230097, 1.41586, -0.00115049, 0.253107, -0.18868]
    - time_from_start: 0
      positions: [-0.8488192393852974, -0.6107385823233051, 0.834959549922059, 1.513607139208354, -0.6869160817139783, -0.9543695878726647, -2.329449281484354, -0.2143045590205062, -0.3756130074285899, -0.9049514552121605, 1.004603671422228, 0.3503802273892798, -1.430234778453696, -1.785691440136638]
    - time_from_start: 0
      positions: [-0.4293646295851662, 0.06490123888822787, -0.9771081245757522, 1.417585029915092, 0.284074903821731, -1.163323367341643, 0.9152994065559807, 0.9148240183392261, 0.4623093783005591, 2.270095965539031, 1.241138520492889, -0.4982291856240919, -1.085649278949713, -2.041165764673122]