joint_trajectory:
  points:
    - positions: [-0.00345146, 0.0118884, 0.00421845, 1.39861, 0.0145728, 0.238918, 0.0007669899999999999, 0.00115049, 0.0145728, 0.00230097, 1.41586, -0.00115049, 0.253107, -0.18868]
      time_from_start: 0
    - positions: [-0.6258036625264654, -1.072232664849609, 1.931435822263063, 2.31107205297891, 2.784263424521312, 1.102356423429856, -0.5259671772429719, -0.546078880441961, 0.8212614290742204, -2.323293580846935, 1.871130350071937, 0.4381097206538542, 1.240533073957842, 0.8638915475243705]
      time_from_start: 0
    - positions: [-0.7581062667077401, 0.0862788049231082, -1.733943596829229, 1.239627047539349, -3.058410015909397, 1.191543407677914, -1.438686175688062, 0.2164130867460646, 0.7023082175327426, 1.616209081845881, 1.377940271701821, -0.7858852890202601, -0.8312322600154716, -1.445873506223978]
      time_from_start: 0
  joint_names: [left_s0, left_s1, left_e0, left_e1, left_w0, left_w1, left_w2, right_s0, right_s1, right_e0, right_e1, right_w0, right_w1, right_w2]