joint_trajectory:
  joint_names: [left_s0, left_s1, left_e0, left_e1, left_w0, left_w1, left_w2, right_s0, right_s1, right_e0, right_e1, right_w0, right_w1, right_w2]
  points:
    - time_from_start: 0
      positions: [-0.00345146, 0.0118884, 0.00421845, 1.39861, 0.0145728, 0.238918, 0.0007669899999999999, 0.00115049, 0.0145728, 0.00230097, 1.41586, -0.00115049, 0.253107, -0.18868]
    - time_from_start: 0
      positions: [-0.2988584800882885, -0.9293871257458812, 2.730942723363025, 1.320641187118366, -2.385164754863363, 0.9086739236408268, -0.1635965628465637, -0.5349804988033606, -1.234478600590024, -1.378308637084227, 0.2729376194095239, -1.030030927222222, 0.2413072738445845, -0.3932240486792291]
    - time_from_start: 0
      positions: [-0.142193953661403, -0.5993944356758145, 2.544318635880857, 1.140665374958888, -0.4477511823181994, -0.6890033667228087, -0.8253210628321397, 1.690597639823133, 0.06795339362183617, -2.712965852601747, 0.7700308612557126, 2.403993702041917, 2.061389853856214, 0.7858261605310255]
    - positions: [-0.908141900091652, -0.4070606019624365, -0.1738182922069557, 1.70038760501192, 2.938207870137632, 1.330015519433413, -2.937690850507487, 1.347759752065897, 0.693582697629167, -0.8175193179180711, 0.3166551437349489, 1.324765872467524, -0.8900397758299939, -0.1587564365645482]
      time_from_start: 0