joint_trajectory:
  points:
    - positions: [-0.00345146, 0.0118884, 0.00421845, 1.39861, 0.0145728, 0.238918, 0.0007669899999999999, 0.00115049, 0.0145728, 0.00230097, 1.41586, -0.00115049, 0.253107, -0.18868]
      time_from_start: 0
    - time_from_start: 0
      positions: [1.231727322159449, -0.6650819500871001, -0.9657349869362624, 1.819172424204647, -1.671984148438089, -0.2330011685179691, 1.729739626404363, 1.000448975954737, 0.8207059454843404, -2.832573141592501, 2.300352092089132, 1.918729793293402, 0.9941299896178091, 0.9049295550733807]
    - positions: [-0.4924294637072819, 0.1424644022059138, -1.062140149053314, 1.369188810227511, -2.84946893107283, 1.195031904838613, -2.148857020179569, 1.485515728458978, 0.807980580798794, -2.536279833628075, 1.704582117480007, -0.315924540304459, -0.7301034318356817, 2.971876196661842]
      time_from_start: 0
  joint_names: [left_s0, left_s1, left_e0, left_e1, left_w0, left_w1, left_w2, right_s0, right_s1, right_e0, right_e1, right_w0, right_w1, right_w2]