joint_trajectory:
  joint_names: [left_s0, left_s1, left_e0, left_e1, left_w0, left_w1, left_w2, right_s0, right_s1, right_e0, right_e1, right_w0, right_w1, right_w2]
  points:
    - positions: [-0.00345146, 0.0118884, 0.00421845, 1.39861, 0.0145728, 0.238918, 0.0007669899999999999, 0.00115049, 0.0145728, 0.00230097, 1.41586, -0.00115049, 0.253107, -0.18868]
      time_from_start: 0
    - positions: [-0.4848772802913894, 0.02187549299234526, 2.849193768358612, 1.524312751180492, -0.1213907206286677, -1.29358460273349, -0.4324244585586712, -0.3633899172398738, -1.503654139056802, 1.192991151239827, 0.6873840469289569, 2.568136991764419, 0.7756316585845742, -1.748377663464751]
      time_from_start: 0
    - positions: [-1.209413382026637, 0.2116061544655462, -2.520637248065816, 0.4178888785142587, 0.7819613642674141, -0.6771895862468376, 1.799295993353019, 1.6161733557882, 0.6687967194136262, -1.916074455941938, 0.8522413452061199, -0.774785075292156, 0.2174287315591651, 3.05821795667437]
      time_from_start: 0