joint_trajectory:
  joint_names: [left_s0, left_s1, left_e0, left_e1, left_w0, left_w1, left_w2, right_s0, right_s1, right_e0, right_e1, right_w0, right_w1, right_w2]
  points:
    - positions: [-0.00345146, 0.0118884, 0.00421845, 1.39861, 0.0145728, 0.238918, 0.0007669899999999999, 0.00115049, 0.0145728, 0.00230097, 1.41586, -0.00115049, 0.253107, -0.18868]
      time_from_start: 0
    - time_from_start: 0
      positions: [1.04155646419099, -0.4159022539621218, -1.441085763499526, 0.810726910619065, -1.826116741345264, -0.9208364248146729, -1.503541520063765, 0.4695903386833495, -0.614396130592562, -0.2805470934614576, 0.1414625297859311, 0.8944410794167781, -1.567589227585026, -0.8654044243516399]
    - time_from_start: 0
      positions: [-0.241285187137271, -0.8433386232242919, 2.311712608373123, 0.6601427128231152, 0.787550016663503, -0.754771326247934, -0.5780953101469204, -0.2196849846944515, -0.0315544217424466, 1.940572585964075, 0.3834166010962799, -2.571532130138017, 1.244575124222727, 1.442612273024861]
    - positions: [-1.086688384848072, -1.026927696993987, -0.04991048188757776, 1.714113533190499, -0.5048073862755632, -0.7624230188413886, 0.4065738468015456, 0.9197923571222418, -0.1421213080246216, 0.6177982755749556, 1.218935123175279, 0.2105737792912867, -1.184064291079599, -0.6957632452908471]
      time_from_start: 0