joint_trajectory:
  points:
    - time_from_start: 0
      positions: [-0.00345146, 0.0118884, 0.00421845, 1.39861, 0.0145728, 0.238918, 0.0007669899999999999, 0.00115049, 0.0145728, 0.00230097, 1.41586, -0.00115049, 0.253107, -0.18868]
    - time_from_start: 0
      positions: [0.4456180999586219, -1.097527484266087, -2.688426168326202, 0.4292449916219339, -1.341635557956062, 1.4087871357743, 2.264974464773201, 0.2764335235576367, -0.2449051942978984, -2.428945721221446, 2.485995160189457, -0.03565925460215658, -0.4510958970235261, 1.228893335045315]
    - positions: [-0.3803812777209165, -0.7210542464046841, -1.080227916944793, 1.798754962049894, -0.3997804607628341, -1.099529558979624, 0.9870662957881866, 0.8314571577861541, 0.5234236169008705, -0.004381963724903822, 0.5475891806615102, 0.06038804729712339, -1.080229720364625, -0.03185470760534953]
      time_from_start: 0
  joint_names: [left_s0, left_s1, left_e0, left_e1, left_w0, left_w1, left_w2, right_s0, right_s1, right_e0, right_e1, right_w0, right_w1, right_w2]