joint_trajectory:
  joint_names: [left_s0, left_s1, left_e0, left_e1, left_w0, left_w1, left_w2, right_s0, right_s1, right_e0, right_e1, right_w0, right_w1, right_w2]
  points:
    - time_from_start: 0
      positions: [-0.00345146, 0.0118884, 0.00421845, 1.39861, 0.0145728, 0.238918, 0.0007669899999999999, 0.00115049, 0.0145728, 0.00230097, 1.41586, -0.00115049, 0.253107, -0.18868]
    - time_from_start: 0
      positions: [0.391350054051014, -0.4580035920813679, -2.614291029825846, 0.3579094932405278, -1.163481153827626, -0.7462190617013369, 0.7235574216777461, 0.897202725075342, -0.6983318391977809, -1.347315861633078, 2.222901130853221, -0.4789684416609816, -0.03997410057101747, -1.952322528449353]
    - time_from_start: 0
      positions: [-1.495053389548147, 0.1678877170157854, 2.499719842340004, 0.3309224699312596, -1.097576729156517, 0.5225397697506121, -1.390520140586748, 0.2702783144562757, 0.9132190020356286, 2.50489909802408, 0.9632497918043169, 0.085693371939566, 0.04498733385864721, -2.852547025487203]