joint_trajectory:
  joint_names: [left_s0, left_s1, left_e0, left_e1, left_w0, left_w1, left_w2, right_s0, right_s1, right_e0, right_e1, right_w0, right_w1, right_w2]
  points:
    - time_from_start: 0
      positions: [-0.00345146, 0.0118884, 0.00421845, 1.39861, 0.0145728, 0.238918, 0.0007669899999999999, 0.00115049, 0.0145728, 0.00230097, 1.41586, -0.00115049, 0.253107, -0.18868]
    - positions: [-0.7827490273155076, 0.3330495063783601, -1.951500680016372, 1.392892461886629, -1.887187325943727, 0.985837826905037, -2.924223067514133, 1.218600826872651, 0.9914337291913107, -1.165277790735998, 1.698431608359329, 0.4584990531788207, -1.394601525200216, 0.6393011313518508]
      time_from_start: 0
    - time_from_start: 0
      positions: [-1.098653642536547, -0.2334347290118783, -0.3068782979917169, 1.177285011342202, -0.4116236213161479, -1.094485820828182, 0.5135285406805723, 0.7033117115641917, -0.9882115188549042, 0.4412366070352176, 1.778157037062548, -2.761973066518325, 0.8593049799686685, 2.638345667253787]