joint_trajectory:
  joint_names: [left_s0, left_s1, left_e0, left_e1, left_w0, left_w1, left_w2, right_s0, right_s1, right_e0, right_e1, right_w0, right_w1, right_w2]
  points:
    - time_from_start: 0
      positions: [-0.00345146, 0.0118884, 0.00421845, 1.39861, 0.0145728, 0.238918, 0.0007669899999999999, 0.00115049, 0.0145728, 0.00230097, 1.41586, -0.00115049, 0.253107, -0.18868]
    - time_from_start: 0
      positions: [-0.8379801054097419, 0.916775446095504, 0.3403028754994577, 1.268144296299666, -0.495873030289542, -1.381251102966516, 0.3561597672291099, 1.416794370874443, -0.3763705459637565, 1.131649902812472, 0.2296458136355504, 1.825616500227712, 0.6857699798329802, -2.578733549586963]
    - positions: [-0.5532116799737193, -0.2102193820504648, -0.6109916428219214, 1.519669513389299, -3.058598534323167, 1.217017112846447, -2.580265301184161, 0.3626450439296488, -1.039624760315079, 0.2633485839604194, 1.799049444801214, 2.858455184001975, 0.7342223740987165, -3.059]
      time_from_start: 0