joint_trajectory:
  joint_names: [left_s0, left_s1, left_e0, left_e1, left_w0, left_w1, left_w2, right_s0, right_s1, right_e0, right_e1, right_w0, right_w1, right_w2]
  points:
    - positions: [-0.00345146, 0.0118884, 0.00421845, 1.39861, 0.0145728, 0.238918, 0.0007669899999999999, 0.00115049, 0.0145728, 0.00230097, 1.41586, -0.00115049, 0.253107, -0.18868]
      time_from_start: 0
    - time_from_start: 0
      positions: [0.4278088302953749, 0.3986540579600262, -2.322401683825595, 2.057646959083155, -1.57822200626228, 2.017802029211059, 2.705632902382873, -1.176877215663471, -0.161446210369002, -2.991419836258644, 1.440113282586448, 1.656369291036856, 1.589141841379413, -2.215635067128576]
    - time_from_start: 0
      positions: [-0.2178070410703201, -0.5687196907637532, -1.255015871416598, 1.838522502411535, -0.2976244420752632, -1.11179309370179, 1.117370030441981, 1.676093215788017, -0.151443401090163, -0.2413587576017797, 0.9727529728945035, -2.040836149912977, 0.9557909161628333, 2.639169692914203]