joint_trajectory:
  points:
    - positions: [-0.00345146, 0.0118884, 0.00421845, 1.39861, 0.0145728, 0.238918, 0.0007669899999999999, 0.00115049, 0.0145728, 0.00230097, 1.41586, -0.00115049, 0.253107, -0.18868]
      time_from_start: 0
    - positions: [-0.2067837523419749, 0.7589863953739404, 2.756479975112704, 1.600480318238027, 0.3807153840688988, -0.7492780917680009, 1.129046101117041, -0.7879838784118751, 0.717206914511975, -0.7283058328539469, 1.579432220865972, -0.593729186909739, 1.193991601501476, 0.1746977405701764]
      time_from_start: 0
    - time_from_start: 0
      positions: [-1.018826436514409, 0.21474001633606, -1.148370271471973, 0.7159527900485047, 0.107862015800521, -1.015369797292912, 1.047077076451641, 1.231454990903331, -0.6960152260598687, -1.018655729752846, 1.658878906137762, -0.3430747325160953, -0.9153538261750198, 0.9590236438978109]
  joint_names: [left_s0, left_s1, left_e0, left_e1, left_w0, left_w1, left_w2, right_s0, right_s1, right_e0, right_e1, right_w0, right_w1, right_w2]