joint_trajectory:
  points:
    - positions: [-0.00345146, 0.0118884, 0.00421845, 1.39861, 0.0145728, 0.238918, 0.0007669899999999999, 0.00115049, 0.0145728, 0.00230097, 1.41586, -0.00115049, 0.253107, -0.18868]
      time_from_start: 0
    - time_from_start: 0
      positions: [1.425649021894493, -1.126519856455736, -0.4885411043442716, 0.3856439303020015, 0.7545093458271586, 0.158788723625976, 1.385743641166482, -1.631971368626979, 0.2151038223444486, 2.292413003807911, 1.995671116990968, -1.541029047834221, 0.9474491889915697, 1.422598696819041]
    - time_from_start: 0
      positions: [-0.8361790832145851, 0.87134057286299, -2.591722550794169, 1.818537221124671, 0.5225838102824861, -1.112827056361167, 2.507081426488899, 0.3016335876620976, 0.980665515609235, 1.536271412071544, 0.6310888591632916, -1.661710058345071, -0.8482921759490695, -0.4304339248072374]
  joint_names: [left_s0, left_s1, left_e0, left_e1, left_w0, left_w1, left_w2, right_s0, right_s1, right_e0, right_e1, right_w0, right_w1, right_w2]