joint_trajectory:
  joint_names: [left_s0, left_s1, left_e0, left_e1, left_w0, left_w1, left_w2, right_s0, right_s1, right_e0, right_e1, right_w0, right_w1, right_w2]
  points:
    - time_from_start: 0
      positions: [-0.00345146, 0.0118884, 0.00421845, 1.39861, 0.0145728, 0.238918, 0.0007669899999999999, 0.00115049, 0.0145728, 0.00230097, 1.41586, -0.00115049, 0.253107, -0.18868]
    - time_from_start: 0
      positions: [-0.08597462662941968, -0.03499863298423556, 2.662254772971625, 0.8526410196544602, 1.005526946980506, -0.7816471368476954, 0.7646012167991141, -0.6025660511623852, 0.5420965880965816, -2.460574524710197, 1.521837455731816, -2.926815821585246, -0.4008870524500159, 0.1043552542347461]
    - positions: [-0.7147629190335771, 0.4707493676699196, -2.223088616653039, 1.353821872987246, 0.3723992029359822, -1.039531354152081, 2.101803635289238, 0.9169852940180748, 0.942859049753233, 2.479305739864139, 1.041975002623327, -1.211534744222796, -0.6988532673106087, -1.566658509034546]
      time_from_start: 0