joint_trajectory:
  joint_names: [left_s0, left_s1, left_e0, left_e1, left_w0, left_w1, left_w2, right_s0, right_s1, right_e0, right_e1, right_w0, right_w1, right_w2]
  points:
    - positions: [-0.00345146, 0.0118884, 0.00421845, 1.39861, 0.0145728, 0.238918, 0.0007669899999999999, 0.00115049, 0.0145728, 0.00230097, 1.41586, -0.00115049, 0.253107, -0.18868]
      time_from_start: 0
    - time_from_start: 0
      positions: [-0.7443123078462456, 0.1303269490287642, 0.5213623213821723, 2.026123790920712, -2.133278022160288, -0.3902645103491071, 0.4079070471036248, -0.2284361347509016, -0.5834609185578299, 2.918720251481585, 0.7351552879847585, 2.247482053658925, 0.7196060630122942, 0.08422260759491484]
    - positions: [-0.1379967781470481, 1.047, -2.239016265439085, 1.303451559077846, -2.254272560344304, 0.2209831052257371, -1.274894369475809, 1.527983575348877, 0.3998313273264434, -2.899390859523022, 0.6885370532011011, -1.430941416756492, -0.6334122193730153, -2.022435343859692]
      time_from_start: 0