joint_trajectory:
  points:
    - time_from_start: 0
      positions: [-0.00345146, 0.0118884, 0.00421845, 1.39861, 0.0145728, 0.238918, 0.0007669899999999999, 0.00115049, 0.0145728, 0.00230097, 1.41586, -0.00115049, 0.253107, -0.18868]
    - positions: [-0.8600119292800292, 0.6348193706893364, 0.4783406644254216, 0.6760510314991697, -2.186717036642134, 1.154966326875935, -0.8289900845708327, 0.4426729937321618, -1.335843428387306, 0.8953719394250097, 0.6079815720170735, 1.247518155985512, 0.2638053473723765, -0.3287486393935977]
      time_from_start: 0
    - positions: [0.3195932146771319, 0.9203595603106893, -1.577543118736281, 1.628869803852403, -2.293556264056986, 0.5069184089844125, -1.487787171750784, 1.437926755658183, 0.7428688322335486, 3.054179928815474, 1.404437199062637, 2.225815805685174, 0.9670713605125768, 0.7250526177458801]
      time_from_start: 0
  joint_names: [left_s0, left_s1, left_e0, left_e1, left_w0, left_w1, left_w2, right_s0, right_s1, right_e0, right_e1, right_w0, right_w1, right_w2]