joint_trajectory:
  joint_names: [left_s0, left_s1, left_e0, left_e1, left_w0, left_w1, left_w2, right_s0, right_s1, right_e0, right_e1, right_w0, right_w1, right_w2]
  points:
    - positions: [-0.00345146, 0.0118884, 0.00421845, 1.39861, 0.0145728, 0.238918, 0.0007669899999999999, 0.00115049, 0.0145728, 0.00230097, 1.41586, -0.00115049, 0.253107, -0.18868]
      time_from_start: 0
    - time_from_start: 0
      positions: [1.198593481089673, -0.7595243745516052, 0.8107816653480904, 0.213955086148344, 1.941795014100149, 0.5056424626123062, 0.3670772952963599, -0.376461577206481, -0.2427093929322435, 2.5738584966502, 0.2408136049965396, 2.309247004494536, 1.977843235539379, 0.4257487623542549]
    - time_from_start: 0
      positions: [-0.8081211675032582, 1.003855318147084, 3.031733497835032, 0.1255545342850105, -3.059, -0.8715023996228122, 0.0001702578356653014, 1.381186565735733, -0.8262996897852579, 0.01558555914213171, 1.370743037281236, 0.9097341754648031, -0.7979463123771287, -0.7561110663943397]