joint_trajectory:
  points:
    - positions: [-0.00345146, 0.0118884, 0.00421845, 1.39861, 0.0145728, 0.238918, 0.0007669899999999999, 0.00115049, 0.0145728, 0.00230097, 1.41586, -0.00115049, 0.253107, -0.18868]
      time_from_start: 0
    - time_from_start: 0
      positions: [-0.9014592170283536, 0.8884390805061105, -0.8763067711770622, 0.9006408609689519, -2.141134368361949, 1.027759471119994, -2.624382619670997, 0.9769740930006374, -1.082670986110339, 0.715004621476395, 1.974940666392508, -1.779111355433173, 0.9142671547425185, 2.377163673530694]
    - time_from_start: 0
      positions: [-0.26324294898158, 0.5465563485034546, -0.6350389252746473, 0.5986763211867909, -1.948457086455693, 0.9157294718132744, -2.68638080081687, 1.026777153525778, -0.373755835664996, 0.4565552774450835, 1.454935699044473, -2.513998948581394, 1.153408426855304, 2.444783720869081]
    - positions: [-0.2856075216216756, 0.624470453054088, -0.6521759886081236, 0.5529487870483416, -2.176080480861953, 0.9884562812793278, -3.059, 1.124431996694054, -0.328007172376634, 0.283804072141837, 1.456820316745554, -2.710782686017119, 1.266219847493939, 2.705563733111442]
      time_from_start: 0
  joint_names: [left_s0, left_s1, left_e0, left_e1, left_w0, left_w1, left_w2, right_s0, right_s1, right_e0, right_e1, right_w0, right_w1, right_w2]