joint_trajectory:
  joint_names: [left_s0, left_s1, left_e0, left_e1, left_w0, left_w1, left_w2, right_s0, right_s1, right_e0, right_e1, right_w0, right_w1, right_w2]
  points:
    - time_from_start: 0
      positions: [-0.00345146, 0.0118884, 0.00421845, 1.39861, 0.0145728, 0.238918, 0.0007669899999999999, 0.00115049, 0.0145728, 0.00230097, 1.41586, -0.00115049, 0.253107, -0.18868]
    - time_from_start: 0
      positions: [0.1705999910646163, 0.9964825275251643, 2.166301038540701, 1.88654864442069, -1.49083472190937, 1.716774412882692, -1.014299728648271, 1.189284852478392, 0.3649226587140002, 2.307202637536499, 0.5833412135783582, -1.338422178983223, 1.099659555645545, -2.748831729914062]
    - time_from_start: 0
      positions: [-0.8067296196925683, 0.7911048246868881, -1.165605881867072, 0.3533575653585275, 0.8887417157207619, -0.9840406261184723, 0.4026056874540161, 0.8505965737427534, -1.118794327927381, 0.3771953923344129, 1.928090780357144, 0.5228219591897835, -0.919848891150885, -0.5193017189924528]