joint_trajectory:
  points:
    - time_from_start: 0
      positions: [-0.00345146, 0.0118884, 0.00421845, 1.39861, 0.0145728, 0.238918, 0.0007669899999999999, 0.00115049, 0.0145728, 0.00230097, 1.41586, -0.00115049, 0.253107, -0.18868]
    - positions: [-0.3669167084540372, -0.5288797145960851, -1.246502449513729, 1.732756525842473, -2.169840807545464, 1.400384005255569, -2.683102408818901, 0.6828249476969268, -0.5919339348054489, -2.073554535809681, 1.020163841711357, -1.888548429633025, 0.8881659947282756, -0.1113855136740023]
      time_from_start: 0
    - time_from_start: 0
      positions: [-0.5954071252032545, 0.6271176037534458, 0.1988673713590834, 0.3148378482083944, -3.04950012641882, 0.958215012303484, 2.93553359982574, 1.426254818993582, 0.8570161578277032, -2.409374203804473, 1.900722939098414, -0.0504465136656095, -0.8764991488394198, 2.728511296503176]
  joint_names: [left_s0, left_s1, left_e0, left_e1, left_w0, left_w1, left_w2, right_s0, right_s1, right_e0, right_e1, right_w0, right_w1, right_w2]