joint_trajectory:
  joint_names: [left_s0, left_s1, left_e0, left_e1, left_w0, left_w1, left_w2, right_s0, right_s1, right_e0, right_e1, right_w0, right_w1, right_w2]
  points:
    - time_from_start: 0
      positions: [-0.00345146, 0.0118884, 0.00421845, 1.39861, 0.0145728, 0.238918, 0.0007669899999999999, 0.00115049, 0.0145728, 0.00230097, 1.41586, -0.00115049, 0.253107, -0.18868]
    - positions: [0.09007018343618522, -0.57667726676492, -2.902038047143541, 0.3911662030993029, -1.533361995896324, -1.283680558169423, 1.489049478764646, -1.697804188396598, 1.005447094819974, 1.537662797388905, 0.5223119049603119, -0.1984385034032168, -0.8209505822984331, -2.740102328686509]
      time_from_start: 0
    - time_from_start: 0
      positions: [-1.125028989086484, -0.5160474791939351, -0.8351116958691468, 1.092405165655522, -0.6831568666902234, -1.129037057413063, 1.234611437808794, -0.3173687879810396, 0.96387840737381, 1.663199821396284, 1.571011906049808, -0.8538843256268853, -0.3893862828023384, -1.69108170209346]