joint_trajectory:
  points:
    - time_from_start: 0
      positions: [-0.00345146, 0.0118884, 0.00421845, 1.39861, 0.0145728, 0.238918, 0.0007669899999999999, 0.00115049, 0.0145728, 0.00230097, 1.41586, -0.00115049, 0.253107, -0.18868]
    - time_from_start: 0
      positions: [0.9932769081564459, 0.8216297800219619, 1.040433038907496, 0.6888935053572057, -1.192919320834801, 0.8021831130410417, 0.2990131395957434, -0.8492226020132008, 0.797475114995148, 0.796921068320577, 0.7432173539912327, 0.06419374410714962, -0.8419910933664421, -0.9191124092433602]
    - time_from_start: 0
      positions: [-1.031255545484754, -0.3650193966743145, 0.1310614092053659, 1.456222707797966, -0.2337253205053626, -1.076829685255196, -0.003287250199383941, -0.08015752524224999, -0.05644202959161115, 1.601485330388198, 1.682255904456715, -3.059, 0.8167675518276873, 1.531861167830879]
  joint_names: [left_s0, left_s1, left_e0, left_e1, left_w0, left_w1, left_w2, right_s0, right_s1, right_e0, right_e1, right_w0, right_w1, right_w2]