joint_trajectory:
  joint_names: [left_s0, left_s1, left_e0, left_e1, left_w0, left_w1, left_w2, right_s0, right_s1, right_e0, right_e1, right_w0, right_w1, right_w2]
  points:
    - time_from_start: 0
      positions: [-0.00345146, 0.0118884, 0.00421845, 1.39861, 0.0145728, 0.238918, 0.0007669899999999999, 0.00115049, 0.0145728, 0.00230097, 1.41586, -0.00115049, 0.253107, -0.18868]
    - positions: [0.8075515907455575, -0.8674841070114634, -1.949712552489578, 0.3584350230479613, 0.8846916409963743, 0.08649070775510093, 0.2396471196967176, -1.244794230856857, -0.635215415457729, -0.3745675722557218, 0.1424763153865933, 0.8970852022878826, 0.8642804955410335, 0.9641126517895611]
      time_from_start: 0
    - time_from_start: 0
      positions: [1.408210840143591, -0.6210362312570212, 1.34810039007887, 2.44622830247879, 1.77726818909403, 2.012844167102007, -1.073712690132204, 0.2638637746420902, -1.157018774435855, -2.008070345725811, 2.334203833218664, 0.4027527431356721, 0.5883041099248008, -0.5676876254677774]
    - time_from_start: 0
      positions: [-0.618725540281666, 0.6107120994502057, -0.2233599997848379, 0.3624251491241541, 0.3534041074139411, -0.9663502165360771, -0.01442077249555483, 0.1775212062596723, -0.2240478549647028, 0.6761321449037204, 1.686256628334125, -0.3752564141387835, -1.143081236582595, -0.5521961429137631]