joint_trajectory:
  points:
    - positions: [-0.00345146, 0.0118884, 0.00421845, 1.39861, 0.0145728, 0.238918, 0.0007669899999999999, 0.00115049, 0.0145728, 0.00230097, 1.41586, -0.00115049, 0.253107, -0.18868]
      time_from_start: 0
    - time_from_start: 0
      positions: [-1.204503500534739, 0.5898701534774156, -2.372282158141423, 1.232294001718051, -0.9087859001453036, -0.7100367247706687, -2.958527849278413, -0.1879167523719862, -1.229183874282054, -2.544055379920918, 0.6080957899978383, 1.252001941990107, 0.8916212643963548, 2.03241425663]
    - time_from_start: 0
      positions: [-0.6749191180098294, 0.2868824624434967, -1.23061968126744, 1.326373154711117, 0.3062364673771445, -1.326969781685443, 1.180317144304562, 1.127534681116555, 1.013599785818972, -2.655970732474167, 2.098296781918087, -3.059, 1.048727347914112, -0.3010771851973132]
  joint_names: [left_s0, left_s1, left_e0, left_e1, left_w0, left_w1, left_w2, right_s0, right_s1, right_e0, right_e1, right_w0, right_w1, right_w2]