joint_trajectory:
  joint_names: [left_s0, left_s1, left_e0, left_e1, left_w0, left_w1, left_w2, right_s0, right_s1, right_e0, right_e1, right_w0, right_w1, right_w2]
  points:
    - time_from_start: 0
      positions: [-0.00345146, 0.0118884, 0.00421845, 1.39861, 0.0145728, 0.238918, 0.0007669899999999999, 0.00115049, 0.0145728, 0.00230097, 1.41586, -0.00115049, 0.253107, -0.18868]
    - time_from_start: 0
      positions: [-1.62292024834654, 0.5092451161509381, 0.7840671451993542, 0.5530434780176728, 0.2359749969132245, 0.9782100520285542, -2.945446997032035, 1.261726686911948, 0.03644040898745882, -2.187045215084138, 2.167867335368879, 1.773869676179718, 0.7344213637018115, -1.90128786354186]
    - time_from_start: 0
      positions: [0.1524859783460606, 0.9932887088094419, -2.053499449993904, 1.328567272064179, -2.422921591594579, 0.1046115242673192, -1.223442556711067, 1.265016030456392, -0.001182853683729178, 1.707648128967041, 0.4214440183876075, 3.057346254304908, 0.8891217439719974, 1.500256039266633]