joint_trajectory:
  points:
    - time_from_start: 0
      positions: [-0.00345146, 0.0118884, 0.00421845, 1.39861, 0.0145728, 0.238918, 0.0007669899999999999, 0.00115049, 0.0145728, 0.00230097, 1.41586, -0.00115049, 0.253107, -0.18868]
    - time_from_start: 0
      positions: [-1.320000841199076, 0.4783468692773023, 1.340136434715814, 1.533545391688123, 1.360136455334257, 0.7056630724046595, 0.7612456370452421, -1.425525949283469, -0.7718306817975824, 2.258445097380448, 1.194888312169351, -0.4245318821761757, -0.05299817084678371, 2.689545861410909]
    - positions: [-0.2456833465423225, -1.245204948567785, 1.56013931798444, 0.6038677822416647, -2.893268869929947, -0.1076311485697514, 0.5613780918587001, -0.08309379249181248, -0.5088338617905972, 1.063986129507208, 2.562548916199245, -0.6552626077863386, 0.7010529786501434, 1.322470947249792]
      time_from_start: 0
    - positions: [-0.7579630181608208, -0.2329658336830896, -0.4393234148720574, 1.293608951342802, 3.059, 1.069977609718164, -2.68066385057497, 1.369732598674979, -0.7141918426934492, -0.1044107640320816, 1.13533346159077, 0.9926556986404267, -0.6211634268161289, -0.8042868452342493]
      time_from_start: 0
  joint_names: [left_s0, left_s1, left_e0, left_e1, left_w0, left_w1, left_w2, right_s0, right_s1, right_e0, right_e1, right_w0, right_w1, right_w2]