joint_trajectory:
  points:
    - time_from_start: 0
      positions: [-0.00345146, 0.0118884, 0.00421845, 1.39861, 0.0145728, 0.238918, 0.0007669899999999999, 0.00115049, 0.0145728, 0.00230097, 1.41586, -0.00115049, 0.253107, -0.18868]
    - positions: [-0.3936567587966175, 0.7364222577828916, 1.215735650965875, 1.30630872299429, 1.079056929889135, -0.6241693998124953, 1.039588291742374, -0.7274540598647458, 1.012284991482739, -1.77901004972849, 1.006653722946532, 1.315895975886378, 1.543873232774287, 2.559036319835577]
      time_from_start: 0
    - time_from_start: 0
      positions: [-0.8224722707378251, 0.8558337955784339, -2.945563453564057, 1.667240433568744, -2.903797986541123, 0.8340147106316819, -0.2837300690559243, 1.048619827267506, 0.6845434439880589, 2.296202323087896, 0.6553341307359003, -1.132660835338357, -0.771681999284619, -1.307179298364627]
  joint_names: [left_s0, left_s1, left_e0, left_e1, left_w0, left_w1, left_w2, right_s0, right_s1, right_e0, right_e1, right_w0, right_w1, right_w2]