joint_trajectory:
  joint_names: [left_s0, left_s1, left_e0, left_e1, left_w0, left_w1, left_w2, right_s0, right_s1, right_e0, right_e1, right_w0, right_w1, right_w2]
  points:
    - positions: [-0.00345146, 0.0118884, 0.00421845, 1.39861, 0.0145728, 0.238918, 0.0007669899999999999, 0.00115049, 0.0145728, 0.00230097, 1.41586, -0.00115049, 0.253107, -0.18868]
      time_from_start: 0
    - positions: [1.228971021830398, 0.1250287944432351, 2.394572715806601, 1.301545222129673, 2.314112421282567, 1.924128082540757, -1.51186839655973, -1.340015557154639, 0.08732764239143576, 0.7773894339120018, 1.481574853135273, 0.286877547625918, 0.8020071306559071, 1.41738359698886]
      time_from_start: 0
    - time_from_start: 0
      positions: [-0.8154553418058736, -0.9731953914152366, -0.6513340823328944, 1.833438057475001, 2.492431959823101, 1.08223647295649, -2.378511903228627, 1.05356715787861, 0.7361720580852966, 2.049214958213752, 0.9233040867894949, -0.9174309948978024, -1.078749080982655, -1.417929248864711]