joint_trajectory:
  points:
    - positions: [-0.00345146, 0.0118884, 0.00421845, 1.39861, 0.0145728, 0.238918, 0.0007669899999999999, 0.00115049, 0.0145728, 0.00230097, 1.41586, -0.00115049, 0.253107, -0.18868]
      time_from_start: 0
    - positions: [1.634088311832969, -1.240683004359715, -0.6102000313979503, 2.312027718598954, -1.301916257956531, -0.327863560943912, -0.5158000621325338, -1.591422104600047, -1.039160173857584, 0.2147462447281199, 1.402568390087224, -2.629779741207603, 1.474357193937601, -2.149483180603944]
      time_from_start: 0
    - positions: [-0.4295741027878842, 0.7080699627493781, -1.57033896060141, 1.439032920096009, 0.7469033522024198, -1.117418041060805, 1.469244755622402, 0.02758072420124187, 1.028018019250165, 1.635329194124394, 0.5493725054047249, 0.9488173680117929, 0.7878596494364462, 3.052363078703917]
      time_from_start: 0
  joint_names: [left_s0, left_s1, left_e0, left_e1, left_w0, left_w1, left_w2, right_s0, right_s1, right_e0, right_e1, right_w0, right_w1, right_w2]