joint_trajectory:
  points:
    - time_from_start: 0
      positions: [-0.00345146, 0.0118884, 0.00421845, 1.39861, 0.0145728, 0.238918, 0.0007669899999999999, 0.00115049, 0.0145728, 0.00230097, 1.41586, -0.00115049, 0.253107, -0.18868]
    - time_from_start: 0
      positions: [-0.6940210544483609, -0.3604356448925099, 2.060794477348135, 2.018949603561312, 0.9490300815347581, 0.7653761816950153, -2.540996375602204, 0.02795308360114301, 0.05056900043785584, 1.726122795922403, 2.24919912689738, 0.1550436747414059, -0.587380538311118, -0.5022644374640657]
    - time_from_start: 0
      positions: [-0.7640509494191041, 0.08096456460773367, -0.9937972479147051, 1.348891466002603, -3.059, 1.379542121597689, -2.158588449767205, 0.2570140728881405, 0.8583118899081245, 1.196524362435372, 0.5670444256519679, 1.697697915573961, 0.9338759379223648, 2.854964906058369]
  joint_names: [left_s0, left_s1, left_e0, left_e1, left_w0, left_w1, left_w2, right_s0, right_s1, right_e0, right_e1, right_w0, right_w1, right_w2]