joint_trajectory:
  joint_names: [left_s0, left_s1, left_e0, left_e1, left_w0, left_w1, left_w2, right_s0, right_s1, right_e0, right_e1, right_w0, right_w1, right_w2]
  points:
    - time_from_start: 0
      positions: [-0.00345146, 0.0118884, 0.00421845, 1.39861, 0.0145728, 0.238918, 0.0007669899999999999, 0.00115049, 0.0145728, 0.00230097, 1.41586, -0.00115049, 0.253107, -0.18868]
    - time_from_start: 0
      positions: [0.3281844855560618, -0.08007856722176054, 1.594371565520638, 1.944959164065309, 1.325948264022824, -0.6372303990586811, -2.022194012089632, -0.9380063729744007, -1.556908630093094, -1.375620278365792, 1.869387717228383, -2.168341317773331, -0.4183517027872483, 2.332751482528169]
    - positions: [-0.256696669685526, -1.271210818778258, -0.1273184900173367, 0.0700852549895644, 2.481056208013092, 0.8530473194879247, -2.133587267692201, -0.5851948895659767, -0.350603218429256, -1.150363360629324, 2.530434908570722, -1.160584199654404, 1.356423045187285, 0.3342545422995462]
      time_from_start: 0
    - positions: [-1.270335403082423, -0.2607443489414267, 0.3380236219771811, 1.32472452458045, 2.685281151239411, 0.9628447019203281, 3.059, 0.675532639242774, -0.08713518594290913, 1.539235408870077, 1.229620516408798, -3.058717284845877, 1.115485241447067, 1.571475091778562]
      time_from_start: 0