joint_trajectory:
  joint_names: [left_s0, left_s1, left_e0, left_e1, left_w0, left_w1, left_w2, right_s0, right_s1, right_e0, right_e1, right_w0, right_w1, right_w2]
  points:
    - positions: [-0.00345146, 0.0118884, 0.00421845, 1.39861, 0.0145728, 0.238918, 0.0007669899999999999, 0.00115049, 0.0145728, 0.00230097, 1.41586, -0.00115049, 0.253107, -0.18868]
      time_from_start: 0
    - positions: [-0.4071060868189036, -1.339996763597242, 2.087404335393351, 0.239060269633308, -1.261718592239078, 1.8776156240584, 1.718531667044852, -1.235911596794694, -1.395609716242645, -1.21102289525925, 0.8321612379420548, -1.65775415895693, 0.06186641498696765, 0.4938559523518196]
      time_from_start: 0
    - positions: [0.5270357625869742, -0.331501933432184, 0.6099689715040992, 1.015280817884952, -2.922330145325046, -0.7559310754485666, -2.458153002196457, 1.162616189242367, -0.7557437310391104, -0.4379937726717924, 0.1371524668941274, -1.770730126858689, -1.40116697120488, -2.17101679153787]
      time_from_start: 0
    - positions: [0.01313805028188915, 0.2658047637029199, -1.855004765419506, 1.530246846789203, -0.02732275171408316, -0.6952328512289634, 1.987579649084375, 0.8752569212985191, 0.09003407541721406, 0.9041351732310411, 0.8656035641654923, -0.01716508914995929, -1.002844702780365, -0.8991838789603032]
      time_from_start: 0