joint_trajectory:
  points:
    - time_from_start: 0
      positions: [-0.00345146, 0.0118884, 0.00421845, 1.39861, 0.0145728, 0.238918, 0.0007669899999999999, 0.00115049, 0.0145728, 0.00230097, 1.41586, -0.00115049, 0.253107, -0.18868]
    - positions: [1.376885623261238, 1.032623611011542, -0.4218621028595235, -0.03353618707042188, 0.4555303818248211, -0.6491444815353472, 0.8263199995304458, 0.7308113450335041, -0.5688717421074396, 2.052130484390693, 0.9620869929492473, 1.421709201219492, -0.3092431334099588, -0.7995747729903089]
      time_from_start: 0
    - positions: [-0.9055078310052312, -0.3955889925611583, -0.07143870157760097, 1.607150229592856, 2.982604801420455, 1.226005065152695, -3.02464554238046, 0.4018509381431514, 0.4867966836176484, 2.048724343869587, 1.707703684656123, 2.917152581262842, 1.139733363143002, 1.027400246146934]
      time_from_start: 0
  joint_names: [left_s0, left_s1, left_e0, left_e1, left_w0, left_w1, left_w2, right_s0, right_s1, right_e0, right_e1, right_w0, right_w1, right_w2]