joint_trajectory:
  points:
    - time_from_start: 0
      positions: [-0.00345146, 0.0118884, 0.00421845, 1.39861, 0.0145728, 0.238918, 0.0007669899999999999, 0.00115049, 0.0145728, 0.00230097, 1.41586, -0.00115049, 0.253107, -0.18868]
    - time_from_start: 0
      positions: [-0.09154460544007681, -1.235501421622466, -0.146005284178079, 1.753666082454845, 1.659319732178934, 0.1935322206983296, 2.180379357169848, -1.40122629375182, -0.2590318566914647, 1.897488690106178, 1.109015457506291, -0.3587342925127595, -0.9893868980851502, 0.6798274565376343]
    - time_from_start: 0
      positions: [-1.47169577928313, -0.08344403017771367, 0.8333459113828561, 1.70273231860139, -0.4286035642464889, -1.160065676831181, -0.7407125841216684, -0.2842650494263003, -0.6977578716423865, 1.175143943032431, 1.952526748539284, 3.059, 0.756294998801082, 2.4079238337712]
  joint_names: [left_s0, left_s1, left_e0, left_e1, left_w0, left_w1, left_w2, right_s0, right_s1, right_e0, right_e1, right_w0, right_w1, right_w2]