joint_trajectory:
  points:
    - time_from_start: 0
      positions: [-0.00345146, 0.0118884, 0.00421845, 1.39861, 0.0145728, 0.238918, 0.0007669899999999999, 0.00115049, 0.0145728, 0.00230097, 1.41586, -0.00115049, 0.253107, -0.18868]
    - positions: [-0.7848605766106505, -0.452917769093532, -1.063717483358627, 1.451396328697912, -1.503039276158437, -1.402212393248447, -2.417433682910632, 1.602464295903391, -0.1215181206059639, -0.5634439223287204, 0.9843274500314145, 1.566843265798874, 1.959059158884425, -1.224265514982399]
      time_from_start: 0
    - positions: [-1.163032075014927, -0.05548904989427136, 0.7882700266629913, 1.167077095873606, -0.2924552755031833, -0.8769375759234994, -0.6218947673320421, 1.004377821519708, 0.08537390130611106, 1.877786104213329, 0.6293275688670548, -0.2026916482287349, -0.8261253017039578, -1.722643373421819]
      time_from_start: 0
  joint_names: [left_s0, left_s1, left_e0, left_e1, left_w0, left_w1, left_w2, right_s0, right_s1, right_e0, right_e1, right_w0, right_w1, right_w2]