joint_trajectory:
  joint_names: [left_s0, left_s1, left_e0, left_e1, left_w0, left_w1, left_w2, right_s0, right_s1, right_e0, right_e1, right_w0, right_w1, right_w2]
  points:
    - time_from_start: 0
      positions: [-0.00345146, 0.0118884, 0.00421845, 1.39861, 0.0145728, 0.238918, 0.0007669899999999999, 0.00115049, 0.0145728, 0.00230097, 1.41586, -0.00115049, 0.253107, -0.18868]
    - positions: [-0.6155165141440846, -0.608155710573308, 1.657052891643874, 2.42778388979286, -2.822663049764466, 1.589097383947013, -3.028075435413048, -1.320274608918293, 0.4318127987636253, 1.660022289678126, 1.331973363938741, -1.894030548365787, -0.2230993177287801, -1.196573231924325]
      time_from_start: 0
    - time_from_start: 0
      positions: [-0.5013578903286564, 0.4166101465453393, 0.9000517381813982, 1.698833108455874, 0.8416339800897985, 1.473042757583118, 0.9785048685050572, -1.450720389409627, -0.9410721963769755, 2.025527693323672, 0.9573890620227901, 2.053425172716845, -0.5169258565005832, -0.4593103958969005]
    - time_from_start: 0
      positions: [-1.071233994098564, -0.9677125669319333, -0.2849247453783603, 1.647495239459069, -0.6866211738429541, -0.8898720924562613, 0.6610389835285756, 0.8078154156952587, -0.3665113712706506, 0.3109692143688293, 1.578828887539953, 0.1302789378939551, -1.238435962162052, -0.3352624619667521]