joint_trajectory:
  points:
    - positions: [-0.00345146, 0.0118884, 0.00421845, 1.39861, 0.0145728, 0.238918, 0.0007669899999999999, 0.00115049, 0.0145728, 0.00230097, 1.41586, -0.00115049, 0.253107, -0.18868]
      time_from_start: 0
    - time_from_start: 0
      positions: [0.9776341205745287, 0.03485158602288019, -0.7380690630521292, 1.68210531867668, 2.909853492556605, 0.3137633882703066, 2.285492004205008, -0.8990568468651036, 0.2694724968946542, 0.2015768078391855, 1.222297212238423, 1.412414998169989, 1.652143668368874, -2.334600054221228]
    - time_from_start: 0
      positions: [-1.6031916752463, -0.07622306745071029, 0.8268215430244888, 1.581185887507105, -0.5889480287852543, -0.9779564118137826, -0.6002651075409864, 0.8359573038782765, 0.5723843884302964, 0.2222098924370008, 0.4837920820552504, 3.059, 1.06034829764097, 3.002370539938441]
  joint_names: [left_s0, left_s1, left_e0, left_e1, left_w0, left_w1, left_w2, right_s0, right_s1, right_e0, right_e1, right_w0, right_w1, right_w2]