joint_trajectory:
  joint_names: [left_s0, left_s1, left_e0, left_e1, left_w0, left_w1, left_w2, right_s0, right_s1, right_e0, right_e1, right_w0, right_w1, right_w2]
  points:
    - positions: [-0.00345146, 0.0118884, 0.00421845, 1.39861, 0.0145728, 0.238918, 0.0007669899999999999, 0.00115049, 0.0145728, 0.00230097, 1.41586, -0.00115049, 0.253107, -0.18868]
      time_from_start: 0
    - time_from_start: 0
      positions: [1.150261260136262, -0.7669185601891948, 2.057902570031121, 1.624293688527308, -1.594757379682269, 0.9040733481899923, 1.941799029646907, -1.097517687002466, -1.24933651607437, 0.4091482137103459, 1.677524478744715, -1.622295307060238, -0.6132092612708276, 2.589370875393972]
    - time_from_start: 0
      positions: [-0.03230209267594723, -0.8763955613285094, -1.062169701526721, 2.013058253195776, 2.949562752369427, 0.938233524763309, -2.423062381462065, 0.6911359648812961, 0.5234632466348088, -0.3379420682341554, 0.6419320475674107, -3.059, 1.175448145986864, -2.880919155010556]