joint_trajectory:
  points:
    - positions: [-0.00345146, 0.0118884, 0.00421845, 1.39861, 0.0145728, 0.238918, 0.0007669899999999999, 0.00115049, 0.0145728, 0.00230097, 1.41586, -0.00115049, 0.253107, -0.18868]
      time_from_start: 0
    - positions: [0.9510040285158796, 0.5144065843434076, -1.430102191748405, 0.6360348036512732, 1.481511508350726, -0.2217484123201201, 2.68821758862678, -1.202813089921861, -0.05093061592942094, 0.5840522177631282, 1.442703309741802, -0.7802515004677697, -0.1227222727197479, 1.245339692668058]
      time_from_start: 0
    - time_from_start: 0
      positions: [-1.401729786687236, 0.8809327345231263, 2.817911356119825, 0.8389141476852695, -1.212989279914146, 0.3771513004678654, -1.740032972665654, 0.9964773366909913, -0.4803204756920783, 0.7439950392212457, 0.9500496030874164, -2.487301201709592, 0.8561401596873907, 1.933499321737505]
  joint_names: [left_s0, left_s1, left_e0, left_e1, left_w0, left_w1, left_w2, right_s0, right_s1, right_e0, right_e1, right_w0, right_w1, right_w2]