joint_trajectory:
  joint_names: [left_s0, left_s1, left_e0, left_e1, left_w0, left_w1, left_w2, right_s0, right_s1, right_e0, right_e1, right_w0, right_w1, right_w2]
  points:
    - time_from_start: 0
      positions: [-0.00345146, 0.0118884, 0.00421845, 1.39861, 0.0145728, 0.238918, 0.0007669899999999999, 0.00115049, 0.0145728, 0.00230097, 1.41586, -0.00115049, 0.253107, -0.18868]
    - positions: [-0.4628748531163587, -0.8803718389766289, 0.7251226704625382, -0.03385062273778022, 1.676932128229178, 1.407334643485784, -2.565832143421751, -0.2827677364119128, 0.8859002869236283, -1.917760276527142, 2.243323011865839, -1.950857700010762, 1.469887581983311, 2.902023303155787]
      time_from_start: 0
    - positions: [1.48508527038261, -0.3906780072380787, -0.6885145415500884, 2.397093063835054, -1.43393445569044, 1.155658617719727, -2.320866253274959, -0.9492081636574506, -0.0241510615581646, 1.599815146896508, 0.8453956474009899, -1.04141039131023, 0.6351954992869064, -2.318152984369546]
      time_from_start: 0
    - positions: [0.06277556852219339, 0.5149110117873558, -2.138990010271073, 1.569373882596786, -0.2249286401103367, -0.6368579809201325, 2.495754281830659, 0.08091771315877531, 0.6509983539568683, 1.60007504136427, 1.31924014388573, -0.8096858064153867, -0.6517678209175305, -1.360008318106159]
      time_from_start: 0