joint_trajectory:
  points:
    - time_from_start: 0
      positions: [-0.00345146, 0.0118884, 0.00421845, 1.39861, 0.0145728, 0.238918, 0.0007669899999999999, 0.00115049, 0.0145728, 0.00230097, 1.41586, -0.00115049, 0.253107, -0.18868]
    - time_from_start: 0
      positions: [-0.5969470477481877, 0.2688445494822229, 2.696959728674005, 1.883492869748734, -0.7076510518207213, 1.138975160291932, 1.880565734922886, -0.5065063493095365, -1.110828853163868, -2.330343940479389, 1.410732381302863, 2.808506911301985, 0.01869652962775659, 2.357426471787039]
    - positions: [-0.4379860613039614, 0.5160943781966527, -1.415313232013005, 1.400125563963118, -2.558947234719611, 1.15391818600043, -1.799793803775822, 1.458319742506862, -0.2636866206325326, 0.714186825444673, 0.4029560639008645, -2.286292478528541, 0.9413663680646051, 1.630240254748048]
      time_from_start: 0
  joint_names: [left_s0, left_s1, left_e0, left_e1, left_w0, left_w1, left_w2, right_s0, right_s1, right_e0, right_e1, right_w0, right_w1, right_w2]