joint_trajectory:
  joint_names: [left_s0, left_s1, left_e0, left_e1, left_w0, left_w1, left_w2, right_s0, right_s1, right_e0, right_e1, right_w0, right_w1, right_w2]
  points:
    - positions: [-0.00345146, 0.0118884, 0.00421845, 1.39861, 0.0145728, 0.238918, 0.0007669899999999999, 0.00115049, 0.0145728, 0.00230097, 1.41586, -0.00115049, 0.253107, -0.18868]
      time_from_start: 0
    - positions: [0.8746737358763479, -0.6645257466332986, 1.850444770563315, 0.7554740386754273, -1.095708174410742, -1.041325361361464, 1.214024165674113, 0.9838763588097303, -0.3195727196135556, -0.03172635594767526, 2.408909459320828, 2.777445942053106, 1.253399582389924, 1.737825595735107]
      time_from_start: 0
    - time_from_start: 0
      positions: [-1.368411951763508, 0.9713256274918094, 1.261682190678649, 2.343836233863607, 2.863812290380244, 0.8446528702082481, 1.276147377637215, -0.1366221245816364, -0.5457102676811627, 1.44801874501879, 2.357986918526702, -0.0100201851292514, 0.4357645004107957, -0.3568426993428728]
    - positions: [-0.8715871784505437, 0.9514622242474946, -2.212601581984254, 1.180354791784078, 1.066159466049258, -0.9136292557120033, 1.595758600756841, 0.6945189649228874, 0.544231139905499, 2.172953137379078, 1.587358715078504, -0.4187646917807605, -1.213935837048835, -2.119106886359815]
      time_from_start: 0