joint_trajectory:
  joint_names: [left_s0, left_s1, left_e0, left_e1, left_w0, left_w1, left_w2, right_s0, right_s1, right_e0, right_e1, right_w0, right_w1, right_w2]
  points:
    - positions: [-0.00345146, 0.0118884, 0.00421845, 1.39861, 0.0145728, 0.238918, 0.0007669899999999999, 0.00115049, 0.0145728, 0.00230097, 1.41586, -0.00115049, 0.253107, -0.18868]
      time_from_start: 0
    - positions: [0.8223252264974859, -0.8841561643551101, 2.519718166206222, 0.5369563926625995, 2.431751826392021, 0.8444503807765988, -2.855653633812908, -1.479491636653984, -1.249731881254352, 1.810879982381696, 1.111996399643831, -2.516485643430148, -0.3782048042256911, -2.767121457109694]
      time_from_start: 0
    - time_from_start: 0
      positions: [0.2945558344374911, 0.9589927814245466, -1.719465252181423, 1.541379131094707, -2.326160444047279, 0.3608021258679633, -1.400799450141909, 0.8691780307006836, -1.008586752494662, 0.3600673832260932, 1.738484859443368, 0.5153426120567219, -0.8501826066670785, -0.5557894140347581]