joint_trajectory:
  points:
    - time_from_start: 0
      positions: [-0.00345146, 0.0118884, 0.00421845, 1.39861, 0.0145728, 0.238918, 0.0007669899999999999, 0.00115049, 0.0145728, 0.00230097, 1.41586, -0.00115049, 0.253107, -0.18868]
    - positions: [1.648368611956665, 0.3222395233013668, 0.6222906341190351, 0.343007184702903, 0.6094502290990205, 1.076714450356326, 3.009824383673259, -1.150027047763258, -0.7414207116314209, -0.8035249368679627, 1.258680954342708, 0.807062998486217, 0.4279766286049955, -1.455414987050463]
      time_from_start: 0
    - time_from_start: 0
      positions: [0.8168776982587733, 0.03540360712679114, 1.460828617925553, 0.3889528302177787, -1.85298160382919, 1.155770429416528, -2.622217876937241, -1.511491196989899, -0.1389274963401257, 2.418848908034788, 1.361180651332252, -1.436374990768265, 1.08717496712215, 2.416022770202718]
    - time_from_start: 0
      positions: [-1.276436338619968, 0.8154702429747278, -3.05417993878, 1.505923877124283, 0.7482796218782484, -0.8753916951391828, 2.535762871255034, 0.4808451381861514, -0.1175826910936611, 0.7945201499732596, 1.573812817267816, 3.012108858843062, 1.270663626958227, 2.391596319470322]
  joint_names: [left_s0, left_s1, left_e0, left_e1, left_w0, left_w1, left_w2, right_s0, right_s1, right_e0, right_e1, right_w0, right_w1, right_w2]