joint_trajectory:
  points:
    - positions: [-0.00345146, 0.0118884, 0.00421845, 1.39861, 0.0145728, 0.238918, 0.0007669899999999999, 0.00115049, 0.0145728, 0.00230097, 1.41586, -0.00115049, 0.253107, -0.18868]
      time_from_start: 0
    - positions: [-1.058298669791675, 0.9935922939595767, -1.509379689678994, 0.1389882580619305, -2.789326194250491, -0.0434519061349754, 1.893038513165899, -0.7747555937594535, 0.6788906260970982, -2.064989952721814, 2.077812639950774, -0.7809894508426076, 1.578776562260123, -0.3331682834844103]
      time_from_start: 0
    - time_from_start: 0
      positions: [-1.432362021776793, -0.1079520640020489, 0.8332738804763539, 1.615253322544234, -0.3915756203972019, -1.075714332625977, -0.7006472662058396, 1.065580762473229, 0.9540868185284951, 3.05417993878, 1.830062056874379, 2.689778060655787, 0.9382325994491938, 0.3253522781830328]
  joint_names: [left_s0, left_s1, left_e0, left_e1, left_w0, left_w1, left_w2, right_s0, right_s1, right_e0, right_e1, right_w0, right_w1, right_w2]