joint_trajectory:
  joint_names: [left_s0, left_s1, left_e0, left_e1, left_w0, left_w1, left_w2, right_s0, right_s1, right_e0, right_e1, right_w0, right_w1, right_w2]
  points:
    - positions: [-0.00345146, 0.0118884, 0.00421845, 1.39861, 0.0145728, 0.238918, 0.0007669899999999999, 0.00115049, 0.0145728, 0.00230097, 1.41586, -0.00115049, 0.253107, -0.18868]
      time_from_start: 0
    - time_from_start: 0
      positions: [1.214062438464074, -0.333521604621317, 2.839770415865245, 2.103549987710081, -1.832833021779079, 0.8699635354916806, -2.343853765631095, -1.630963536948115, 0.6426451586238109, 0.07072247069430082, 1.239961259109899, -2.764860547594726, 2.027563585920938, 1.661042032803409]
    - time_from_start: 0
      positions: [-0.08577167317118138, -0.8601365018633159, -1.063122337202542, 1.98087927555492, -0.2273369679378669, -0.9590430281049611, 0.7583561258681348, 1.029049557786417, 0.4472229632235858, -0.04550594723312806, 0.6947318739810147, 0.3003304617110189, -1.141554500408132, -0.0870217534427892]