joint_trajectory:
  joint_names: [left_s0, left_s1, left_e0, left_e1, left_w0, left_w1, left_w2, right_s0, right_s1, right_e0, right_e1, right_w0, right_w1, right_w2]
  points:
    - time_from_start: 0
      positions: [-0.00345146, 0.0118884, 0.00421845, 1.39861, 0.0145728, 0.238918, 0.0007669899999999999, 0.00115049, 0.0145728, 0.00230097, 1.41586, -0.00115049, 0.253107, -0.18868]
    - positions: [0.8911295182340697, -0.04121399980550633, 1.198170586350193, 0.556947747753933, 2.800598994932603, 1.433353953517837, -0.04319712245510887, -0.2510651811149733, 0.1647627522260882, -2.408117577201119, 2.293508640479296, -1.864419100331143, -0.6941681971138932, 1.295671159699559]
      time_from_start: 0
    - positions: [-1.401968718519542, 0.006330090291759699, -0.4826898341236605, 0.6427831593739524, -0.6258291178716781, -1.064967282673033, 0.9041768623547628, 0.4496705613330628, 0.5194104812340505, 0.2410331821331473, 0.554477561839517, -0.5272940353708339, -1.042111375985664, 0.04775887031427749]
      time_from_start: 0