joint_trajectory:
  joint_names: [left_s0, left_s1, left_e0, left_e1, left_w0, left_w1, left_w2, right_s0, right_s1, right_e0, right_e1, right_w0, right_w1, right_w2]
  points:
    - time_from_start: 0
      positions: [-0.00345146, 0.0118884, 0.00421845, 1.39861, 0.0145728, 0.238918, 0.0007669899999999999, 0.00115049, 0.0145728, 0.00230097, 1.41586, -0.00115049, 0.253107, -0.18868]
    - time_from_start: 0
      positions: [0.61305500487033, -1.353239240487106, 0.6144187656489515, 1.679791984795592, -1.886530814674683, 1.241429763013681, 2.203306690454017, 0.8740965160991081, 0.5730629773782567, -0.7486233240555946, 0.3059329688800498, -0.3970378380720505, 1.759039448445912, -2.828737818470691]
    - time_from_start: 0
      positions: [-1.5921208482858, -0.09414834516711587, 0.2220020057419753, 0.8285273117910013, 2.04522862567759, 0.8879576898449955, -2.562515038329639, 0.3093744027803456, 0.1855016586420009, 1.773413786776509, 1.70292102284786, 3.058833363519271, 1.197051305162733, 1.33373597535294]