joint_trajectory:
  points:
    - time_from_start: 0
      positions: [-0.00345146, 0.0118884, 0.00421845, 1.39861, 0.0145728, 0.238918, 0.0007669899999999999, 0.00115049, 0.0145728, 0.00230097, 1.41586, -0.00115049, 0.253107, -0.18868]
    - time_from_start: 0
      positions: [-0.9798919441421635, -0.08588126758811976, 2.346759582211427, 1.489706580251455, 0.9657523979577238, 1.349694546502165, 2.8289322170862, -1.549156281339104, 0.8555097969593484, 0.07201763773663838, 1.735809810776263, 1.645631201928482, 1.322139358551029, 0.6627057548882438]
    - positions: [-0.8221843958516192, -1.066558278965724, -0.4026165573408653, 1.850200153127174, -0.5154907912070136, -0.8910210359923582, 0.5505393926078833, 1.416998126271221, 0.01023975816133493, 0.3702940127250443, 0.6018711662030745, 0.6945421274669222, -1.001095965354081, -0.8722692285855725]
      time_from_start: 0
  joint_names: [left_s0, left_s1, left_e0, left_e1, left_w0, left_w1, left_w2, right_s0, right_s1, right_e0, right_e1, right_w0, right_w1, right_w2]