joint_trajectory:
  joint_names: [left_s0, left_s1, left_e0, left_e1, left_w0, left_w1, left_w2, right_s0, right_s1, right_e0, right_e1, right_w0, right_w1, right_w2]
  points:
    - positions: [-0.00345146, 0.0118884, 0.00421845, 1.39861, 0.0145728, 0.238918, 0.0007669899999999999, 0.00115049, 0.0145728, 0.00230097, 1.41586, -0.00115049, 0.253107, -0.18868]
      time_from_start: 0
    - time_from_start: 0
      positions: [0.7715920630665152, 0.4548816516902301, -2.878243084984, 1.486045641422272, -2.138284907558002, -0.910140843918737, 1.006363955580629, -0.4116848293194164, 0.4447195989424366, 2.79920549169216, 1.06940415376611, 2.343526118952315, 1.121825309396851, -2.846776304059196]
    - positions: [-0.198722846068456, 0.7063201121644924, -1.468465616341694, 1.582552818980207, 0.7502064015027508, -1.063850756237287, 1.481696348454776, 0.4030327006735728, 0.6033811760715442, 0.6804502478073424, 0.7045768162432189, -0.7775725821895255, -1.089400798942466, -0.2836950997816848]
      time_from_start: 0