joint_trajectory:
  points:
    - time_from_start: 0
      positions: [-0.00345146, 0.0118884, 0.00421845, 1.39861, 0.0145728, 0.238918, 0.0007669899999999999, 0.00115049, 0.0145728, 0.00230097, 1.41586, -0.00115049, 0.253107, -0.18868]
    - time_from_start: 0
      positions: [1.354985233475056, -0.8398487207023424, 1.040074205942993, 0.6618482306776567, -2.882246610021685, 0.7405491511916584, -0.006343907202128296, -0.2129524671427758, -0.3745641664387656, -2.182155691056541, 1.567177297882735, 2.476395689519588, 1.233808840803883, 0.4952774786953813]
    - time_from_start: 0
      positions: [0.04849719793780532, 0.6365420119158431, -1.445647252699948, 1.536013192694615, -2.393833164045978, 0.7892494903073335, -1.737563544834951, 0.6178811754973835, -0.1923984667583972, 1.443707700745519, 1.361329561120151, 0.1793671513317195, -1.168023906135701, -1.479604507002114]
  joint_names: [left_s0, left_s1, left_e0, left_e1, left_w0, left_w1, left_w2, right_s0, right_s1, right_e0, right_e1, right_w0, right_w1, right_w2]