joint_trajectory:
  points:
    - positions: [-0.00345146, 0.0118884, 0.00421845, 1.39861, 0.0145728, 0.238918, 0.0007669899999999999, 0.00115049, 0.0145728, 0.00230097, 1.41586, -0.00115049, 0.253107, -0.18868]
      time_from_start: 0
    - time_from_start: 0
      positions: [0.2128493314785587, -0.2983562580100259, -0.09547101269090286, 0.8847970111761241, -1.65858670615498, -0.1367788285081877, -2.850358318486251, 0.3198845483846657, -0.01009289258066559, -0.2445961579658631, 1.613630968010053, -0.8919174671065995, 2.052407463523164, 0.08836497098859386]
    - positions: [1.27898725154481, -0.5293547110040671, 0.2463716889489107, 0.4905364861926063, -0.5690019115000031, -1.508799992752149, -2.961054454374593, -1.276968000170582, -0.9314194733817129, -2.733128451968356, 0.4938336232136935, 3.007689629845787, 0.6888781944860005, -0.1921176282605157]
      time_from_start: 0
    - positions: [-1.034015417470235, 0.8589597159729662, 1.486279765885114, 0.3100104707867242, -1.547094552789363, -0.8438606703971961, -0.1915416504016589, 0.5140126723028952, -0.2522684533754588, 0.6040067196476062, 1.615239943856212, 3.058999983436455, 1.253615396008571, 2.592334504055562]
      time_from_start: 0
  joint_names: [left_s0, left_s1, left_e0, left_e1, left_w0, left_w1, left_w2, right_s0, right_s1, right_e0, right_e1, right_w0, right_w1, right_w2]