joint_trajectory:
  points:
    - time_from_start: 0
      positions: [-0.00345146, 0.0118884, 0.00421845, 1.39861, 0.0145728, 0.238918, 0.0007669899999999999, 0.00115049, 0.0145728, 0.00230097, 1.41586, -0.00115049, 0.253107, -0.18868]
    - time_from_start: 0
      positions: [-0.3234971706905352, 0.01343483120715261, -0.6312789983890061, 0.1927182370545342, -1.605458244857378, -1.544892045308614, 0.5506295742942022, -0.01312124797114844, -0.07629764706734532, 1.928525693548457, 0.5094377639684825, 1.627612983526662, -0.9144242691495941, -2.42719817500189]
    - time_from_start: 0
      positions: [-0.9996551359711521, -0.5009807753795567, -0.4960106421751077, 0.8061107661246746, -0.791832596335024, -0.6094980431961149, 1.159135570707253, 0.5125576361532533, 0.6602887345453762, 1.989196123473635, 0.8357017728075616, -1.053376111035567, -0.5196058823149399, -1.212801887403622]
  joint_names: [left_s0, left_s1, left_e0, left_e1, left_w0, left_w1, left_w2, right_s0, right_s1, right_e0, right_e1, right_w0, right_w1, right_w2]