joint_trajectory:
  points:
    - positions: [-0.00345146, 0.0118884, 0.00421845, 1.39861, 0.0145728, 0.238918, 0.0007669899999999999, 0.00115049, 0.0145728, 0.00230097, 1.41586, -0.00115049, 0.253107, -0.18868]
      time_from_start: 0
    - positions: [-0.4098056199407869, -1.17294742503576, 1.678438746678601, 1.133321287817322, -1.249936250153929, -1.246149234849815, -2.549819752589334, -1.353829148092336, 0.4247407492562201, 1.417250888344195, 1.734442664365284, -1.605789884291589, -0.8950202236932892, -2.397387092044577]
      time_from_start: 0
    - time_from_start: 0
      positions: [-1.024356389942704, 0.8905083389114749, -2.724950794235031, 1.807524666785287, -2.524938203405329, 1.127887259166199, -0.6040283261187531, 1.223212289354323, 0.4971463461749652, -0.4243598826552154, 0.7189565497092436, 0.6757186876847847, -1.100609010736076, 0.109329243406642]
  joint_names: [left_s0, left_s1, left_e0, left_e1, left_w0, left_w1, left_w2, right_s0, right_s1, right_e0, right_e1, right_w0, right_w1, right_w2]