joint_trajectory:
  points:
    - positions: [-0.00345146, 0.0118884, 0.00421845, 1.39861, 0.0145728, 0.238918, 0.0007669899999999999, 0.00115049, 0.0145728, 0.00230097, 1.41586, -0.00115049, 0.253107, -0.18868]
      time_from_start: 0
    - positions: [1.124760445557016, -0.4705919231227598, 2.727290012963524, 0.06115928835328667, 0.2648749752449802, 0.6708637479853792, -1.383018208815251, -1.123947305770828, -1.250348786043469, -0.2012216171631023, 0.2023882210673764, -0.007841095050331148, 0.3985855198631187, 2.390326282257214]
      time_from_start: 0
    - time_from_start: 0
      positions: [0.4768296160212815, -0.6047840070300734, 0.8010949587620617, 1.984185287048109, -1.307688507420942, 1.706013642485819, 0.487673196918331, -1.621758379188989, -0.2968945676246657, -3.046647236908051, 1.032348522149026, -0.1713172741127202, 0.3840341385682213, -2.363058145776857]
    - positions: [0.1664351653928175, 0.4164927195514861, -1.908596489353964, 1.852961415664006, -0.06227817969644062, -0.8377156699982606, 2.135936761639652, 0.5059150710004295, 0.6889109268806575, 0.8404293481307218, 0.4484524898127907, -0.915373962328049, -0.9508197092395224, -0.1962584217308748]
      time_from_start: 0
  joint_names: [left_s0, left_s1, left_e0, left_e1, left_w0, left_w1, left_w2, right_s0, right_s1, right_e0, right_e1, right_w0, right_w1, right_w2]