joint_trajectory:
  points:
    - positions: [-0.00345146, 0.0118884, 0.00421845, 1.39861, 0.0145728, 0.238918, 0.0007669899999999999, 0.00115049, 0.0145728, 0.00230097, 1.41586, -0.00115049, 0.253107, -0.18868]
      time_from_start: 0
    - positions: [-0.1861954323598984, 0.2769958118414508, 2.512508521521656, 0.8312813335387035, -2.141729325051885, 1.823025183041557, -1.593641673049424, -1.28188298054685, 0.71651934481645, -0.003073445741600178, 0.04292246442008762, -2.67868955654325, -0.3202241021470071, 2.446715997132473]
      time_from_start: 0
    - positions: [-1.349633261532138, -0.7719599219892761, 0.4004468084953772, 1.369003756545909, 2.593143164116351, 0.5365664485690403, -2.962671375466615, 1.16993532586556, -0.1167355403623246, -0.6927856722010014, 1.181760835558176, 0.2939422455486186, -0.8545605281410067, 0.5065593283136952]
      time_from_start: 0
  joint_names: [left_s0, left_s1, left_e0, left_e1, left_w0, left_w1, left_w2, right_s0, right_s1, right_e0, right_e1, right_w0, right_w1, right_w2]