joint_trajectory:
  points:
    - time_from_start: 0
      positions: [-0.00345146, 0.0118884, 0.00421845, 1.39861, 0.0145728, 0.238918, 0.0007669899999999999, 0.00115049, 0.0145728, 0.00230097, 1.41586, -0.00115049, 0.253107, -0.18868]
    - time_from_start: 0
      positions: [0.6236546997598, 0.8291030547586273, 0.622467309996138, 0.4069777263710275, -0.2603741655442864, 0.7632141555433614, -2.338752729265485, 0.3588233587812573, -0.5574678251883014, -1.768448374726769, 0.02704264852497726, 0.2601117148781196, -0.2276744049457045, 1.400863539339975]
    - positions: [0.2318191359264747, 0.4423458378699161, -1.344949766903295, 1.439497740045187, 0.8499604533290117, -0.5905504503876025, 1.073762052986242, 1.544012398761185, 0.1808816790521273, 3.029175008585172, 0.2662080497858885, -1.366067177959755, -0.7862878843490476, -1.703394160578679]
      time_from_start: 0
  joint_names: [left_s0, left_s1, left_e0, left_e1, left_w0, left_w1, left_w2, right_s0, right_s1, right_e0, right_e1, right_w0, right_w1, right_w2]