joint_trajectory:
  joint_names: [left_s0, left_s1, left_e0, left_e1, left_w0, left_w1, left_w2, right_s0, right_s1, right_e0, right_e1, right_w0, right_w1, right_w2]
  points:
    - time_from_start: 0
      positions: [-0.00345146, 0.0118884, 0.00421845, 1.39861, 0.0145728, 0.238918, 0.0007669899999999999, 0.00115049, 0.0145728, 0.00230097, 1.41586, -0.00115049, 0.253107, -0.18868]
    - time_from_start: 0
      positions: [0.3996250320033905, 0.8521456579365769, 0.3398596981715234, 0.9954327972931787, -1.229714290005155, 1.791664828141972, 0.7433380534378813, -0.6256620642445583, -1.090827034018002, 1.738638597772313, 0.5040872973920777, 2.081487141054589, -1.120586919568925, 1.059939084134996]
    - positions: [-0.2642120545057661, 0.5267753669886632, -1.465797244623358, 1.280946715237674, 0.7019156110018496, -0.8662939630972766, 1.249665107891685, 1.183886783644599, -0.9465315446542402, -0.07712235830636112, 1.587084238182217, 0.53527870929147, -0.7015616526042865, -0.3745206797009297]
      time_from_start: 0