joint_trajectory:
  points:
    - time_from_start: 0
      positions: [-0.00345146, 0.0118884, 0.00421845, 1.39861, 0.0145728, 0.238918, 0.0007669899999999999, 0.00115049, 0.0145728, 0.00230097, 1.41586, -0.00115049, 0.253107, -0.18868]
    - time_from_start: 0
      positions: [1.055419105089234, -0.04850274843210345, 0.9971142602462306, 2.218938049749471, -1.78407582143601, 1.508112140724225, 2.620111320253462, -0.1973572968505066, 0.6851685125050135, 1.95873822426046, 1.413648690881207, 0.06647496639145523, 1.376392583688604, 1.95396516484255]
    - positions: [-1.325970972663765, -0.1605144504493936, 0.1395817916467931, 0.9137732000556175, -0.7322995727086793, -0.8280753257748767, 0.3852091173106159, 1.276680165364547, 0.639009470609919, -2.312039294260918, 1.622156918750617, -3.059, 0.8475178479386059, -0.6948167946078302]
      time_from_start: 0
  joint_names: [left_s0, left_s1, left_e0, left_e1, left_w0, left_w1, left_w2, right_s0, right_s1, right_e0, right_e1, right_w0, right_w1, right_w2]