joint_trajectory:
  joint_names: [left_s0, left_s1, left_e0, left_e1, left_w0, left_w1, left_w2, right_s0, right_s1, right_e0, right_e1, right_w0, right_w1, right_w2]
  points:
    - positions: [-0.00345146, 0.0118884, 0.00421845, 1.39861, 0.0145728, 0.238918, 0.0007669899999999999, 0.00115049, 0.0145728, 0.00230097, 1.41586, -0.00115049, 0.253107, -0.18868]
      time_from_start: 0
    - time_from_start: 0
      positions: [1.541994063945652, 0.4633979557054118, -2.678598897282544, 1.16444471261464, -0.1805698117692955, 1.58076573755282, 2.950397258804646, -0.4575482310493795, -0.532584601354785, 0.520345148696844, 0.09492462165374306, 1.011148877678439, 0.4614712943696482, 1.066513461499475]
    - time_from_start: 0
      positions: [-1.301102906107792, -0.3844872721083988, 0.3590876258776883, 1.763212437100932, 2.776775494110645, 1.241757136761471, 2.907161924651833, 0.7413275350814494, 0.8055015420106415, 1.236972111111589, 0.407793651809932, -0.9970310735486245, -0.9682967991843708, -0.4411185698596671]