joint_trajectory:
  points:
    - time_from_start: 0
      positions: [-0.00345146, 0.0118884, 0.00421845, 1.39861, 0.0145728, 0.238918, 0.0007669899999999999, 0.00115049, 0.0145728, 0.00230097, 1.41586, -0.00115049, 0.253107, -0.18868]
    - time_from_start: 0
      positions: [-0.06450230036565108, -0.6398720441232433, 0.01949855088134944, 0.1857036811709404, -0.5744809562526645, 0.1626114100554825, -2.512267926214728, -0.9484868439710751, -0.4247215463221072, 2.746966302115359, 0.8628740199366582, 0.5882388704218902, 1.964553398524532, -0.8293093796530737]
    - time_from_start: 0
      positions: [-0.4392741257428982, 0.7457147060435851, -2.498467236010707, 1.647033768628829, -2.980583445977233, 0.8513087136966331, -0.5581814419240702, 0.1529601389134717, -0.1391489029412611, 0.7035143242840045, 1.313700098747874, -0.5266221438779657, -0.8546149519457437, -0.4065057525899317]
  joint_names: [left_s0, left_s1, left_e0, left_e1, left_w0, left_w1, left_w2, right_s0, right_s1, right_e0, right_e1, right_w0, right_w1, right_w2]