joint_trajectory:
  joint_names: [left_s0, left_s1, left_e0, left_e1, left_w0, left_w1, left_w2, right_s0, right_s1, right_e0, right_e1, right_w0, right_w1, right_w2]
  points:
    - time_from_start: 0
      positions: [-0.00345146, 0.0118884, 0.00421845, 1.39861, 0.0145728, 0.238918, 0.0007669899999999999, 0.00115049, 0.0145728, 0.00230097, 1.41586, -0.00115049, 0.253107, -0.18868]
    - time_from_start: 0
      positions: [0.3335877586857823, -0.9427380864261647, -0.120272793822497, 0.3728610592102631, 2.375123966375366, 1.463031082379, 1.411877041681204, 0.4662629161448524, 0.905385713024065, -0.8303027256003195, 0.01180679707042872, 1.69281245614728, -0.4182530298479632, -1.273825660864357]
    - positions: [-0.7482704470124412, 0.6139104998440978, 0.3665033858968795, 0.3496515882705832, -0.2164380926524729, -0.943917110354989, -0.1836558854772888, -0.1381717893924091, -0.1852927074090153, 1.524723823891618, 1.896916649645743, -3.059, 0.9597505766707167, 1.708996299051402]
      time_from_start: 0