joint_trajectory:
  joint_names: [left_s0, left_s1, left_e0, left_e1, left_w0, left_w1, left_w2, right_s0, right_s1, right_e0, right_e1, right_w0, right_w1, right_w2]
  points:
    - time_from_start: 0
      positions: [-0.00345146, 0.0118884, 0.00421845, 1.39861, 0.0145728, 0.238918, 0.0007669899999999999, 0.00115049, 0.0145728, 0.00230097, 1.41586, -0.00115049, 0.253107, -0.18868]
    - time_from_start: 0
      positions: [-0.3403118909921832, 0.3917447623973715, 1.596034607960034, 0.8425408010594545, -2.085609510757495, -0.8083160158563308, 2.252108135883231, 0.2268709203983899, -0.9539840556820853, -1.016273206487731, 0.1571665706634521, -2.740978608165868, 1.407992835678593, -0.2409524686802178]
    - positions: [-0.7603430442053751, 0.8045118551797896, -1.941382388944283, 1.156072124056779, 0.9028256828158383, -0.9987521364407326, 1.495020908494735, 1.352457295213442, 0.004478461548134923, 1.707805139079934, 0.4478222830800037, 3.053629824554613, 1.021601951155524, 1.5113474101575]
      time_from_start: 0