joint_trajectory:
  joint_names: [left_s0, left_s1, left_e0, left_e1, left_w0, left_w1, left_w2, right_s0, right_s1, right_e0, right_e1, right_w0, right_w1, right_w2]
  points:
    - positions: [-0.00345146, 0.0118884, 0.00421845, 1.39861, 0.0145728, 0.238918, 0.0007669899999999999, 0.00115049, 0.0145728, 0.00230097, 1.41586, -0.00115049, 0.253107, -0.18868]
      time_from_start: 0
    - positions: [0.01590130147656987, 0.7002605607551522, -2.174285190755711, 0.1321396083161235, -1.074244908904657, 0.09187883473473923, 1.905263472774066, 1.547762434394798, -0.7079536102754063, -0.1620021196303538, 0.2334622176047415, -2.566123507733923, -0.04284466907806506, -2.920408558770083]
      time_from_start: 0
    - time_from_start: 0
      positions: [-0.248495000218301, -0.06525475914631121, -1.596287233245658, 1.71776238026427, 3.058100291038218, 1.172851781959002, -1.544486640509594, 1.48165677428018, 0.6892718109530224, 3.04894732072834, 0.4540124614622312, -1.738200873891657, -0.7690769485744728, -1.240464901285865]