joint_trajectory:
  joint_names: [left_s0, left_s1, left_e0, left_e1, left_w0, left_w1, left_w2, right_s0, right_s1, right_e0, right_e1, right_w0, right_w1, right_w2]
  points:
    - positions: [-0.00345146, 0.0118884, 0.00421845, 1.39861, 0.0145728, 0.238918, 0.0007669899999999999, 0.00115049, 0.0145728, 0.00230097, 1.41586, -0.00115049, 0.253107, -0.18868]
      time_from_start: 0
    - time_from_start: 0
      positions: [-1.24175246451186, -0.6490437530050983, -0.748706880512823, 0.5399442822132259, -1.143476571648847, 0.1312800375586616, 2.227516023008153, -1.114235944494788, -0.3509992224141023, -0.7369325055105578, 0.5612631740188225, -1.321575325056911, 0.4322446214700628, -2.765900245155208]
    - positions: [-0.7048685030692322, 0.0397149292877817, -0.9434085185641811, 1.271116219446056, -3.058999915571435, 1.224841107454071, -2.222341247622658, 0.8832271807950115, -1.062072402525039, 0.09674626646624294, 1.843017069621153, -2.8825749456931, 0.8070910569642117, 2.902538263688381]
      time_from_start: 0