joint_trajectory:
  points:
    - time_from_start: 0
      positions: [-0.00345146, 0.0118884, 0.00421845, 1.39861, 0.0145728, 0.238918, 0.0007669899999999999, 0.00115049, 0.0145728, 0.00230097, 1.41586, -0.00115049, 0.253107, -0.18868]
    - time_from_start: 0
      positions: [-0.02671249203033632, 0.1055966613264756, 0.5841985123183933, 1.190573889129795, 1.529509597997182, 0.4326775221129546, 1.261190159675666, -1.161691059442055, -1.127456525096204, -0.1954285538755842, 0.7245443208497017, -1.913839196363464, 0.1144840320561114, -2.544965308400337]
    - positions: [-1.115716903190656, 0.3853326404943813, -2.579403105896541, 0.816545413654203, 0.6931275370423615, -0.8109017746094135, 2.029056296988129, 0.8259085222505369, 0.7442231220627922, 2.169429323940168, 0.8224619513903346, 2.036711172867706, 0.7178590155579616, 1.83046406660962]
      time_from_start: 0
  joint_names: [left_s0, left_s1, left_e0, left_e1, left_w0, left_w1, left_w2, right_s0, right_s1, right_e0, right_e1, right_w0, right_w1, right_w2]