joint_trajectory:
  joint_names: [left_s0, left_s1, left_e0, left_e1, left_w0, left_w1, left_w2, right_s0, right_s1, right_e0, right_e1, right_w0, right_w1, right_w2]
  points:
    - positions: [-0.00345146, 0.0118884, 0.00421845, 1.39861, 0.0145728, 0.238918, 0.0007669899999999999, 0.00115049, 0.0145728, 0.00230097, 1.41586, -0.00115049, 0.253107, -0.18868]
      time_from_start: 0
    - positions: [-0.9308070352998206, 0.1559764196686446, 2.687906675029265, 0.1205258637266233, -1.615479126546532, -0.6674219275981037, 0.693731366243679, -1.055371665298635, -0.8971958523062056, 1.273365864023756, 0.2134374771621078, 1.328675132227596, 0.6869662612302796, 0.008623415863607153]
      time_from_start: 0
    - time_from_start: 0
      positions: [-0.9618186635147015, 0.3040495394440405, -1.310080316039445, 0.670964367434872, -2.851288684163875, 0.9486823746985205, -2.063756367568486, 0.8642586572909238, 0.8357173197917596, 2.982596247460163, 1.567995099006164, -0.2756789520662885, -0.7717554086228735, -2.824293799242475]