joint_trajectory:
  points:
    - positions: [-0.00345146, 0.0118884, 0.00421845, 1.39861, 0.0145728, 0.238918, 0.0007669899999999999, 0.00115049, 0.0145728, 0.00230097, 1.41586, -0.00115049, 0.253107, -0.18868]
      time_from_start: 0
    - positions: [1.566991418319187, 0.5266784176928923, 1.532867490729899, 1.94864059602376, -1.693675085046794, -1.366400761608331, 1.172713263333775, -0.6712519082430186, 0.3035706883748062, 0.6984594267943542, 0.8870797768123446, -1.390995939289685, 0.3005171750363387, 0.09508368012309054]
      time_from_start: 0
    - time_from_start: 0
      positions: [-0.1618602595854117, -0.126716342016123, 1.107791868334755, 1.738305285030976, -2.782195647278801, 1.783981702047066, 1.750302348215599, 1.099802916740302, -0.5877163695883936, -0.578035167248808, 2.478958435821347, -0.2252475328361614, 0.1453469632211168, -1.471913173573092]
    - positions: [-0.2141876106720357, 0.3282611160666433, -1.93806743016685, 1.556498742460224, -3.059, 0.9059777358920793, -1.142699284766534, 0.3522667321206555, -0.2443463302066865, 0.3174246856064099, 1.28444267663855, 2.717770751455086, 0.9617621238644982, 3.059]
      time_from_start: 0
  joint_names: [left_s0, left_s1, left_e0, left_e1, left_w0, left_w1, left_w2, right_s0, right_s1, right_e0, right_e1, right_w0, right_w1, right_w2]