joint_trajectory:
  points:
    - positions: [-0.00345146, 0.0118884, 0.00421845, 1.39861, 0.0145728, 0.238918, 0.0007669899999999999, 0.00115049, 0.0145728, 0.00230097, 1.41586, -0.00115049, 0.253107, -0.18868]
      time_from_start: 0
    - time_from_start: 0
      positions: [0.07789486118076971, -0.6702543753818606, -1.388037764028203, 0.6049462618995457, -1.306247807874344, 0.07264398213937429, -2.231964053695556, -1.37018859363336, -0.9096024898425674, -1.548599460276708, 1.174883648036048, 2.653192626599688, -0.5976698484825481, 0.6153417014144362]
    - time_from_start: 0
      positions: [0.1699791572533823, 1.046985338253536, -1.659224950148153, 1.647135522467993, 0.8664630244011358, -0.5869562409157868, 1.774315541094065, 0.8538111272504617, -1.205681340700226, 0.02688717044756198, 2.101484717027001, -3.030747831853392, 0.9041928457120177, 3.059]
  joint_names: [left_s0, left_s1, left_e0, left_e1, left_w0, left_w1, left_w2, right_s0, right_s1, right_e0, right_e1, right_w0, right_w1, right_w2]