joint_trajectory:
  joint_names: [left_s0, left_s1, left_e0, left_e1, left_w0, left_w1, left_w2, right_s0, right_s1, right_e0, right_e1, right_w0, right_w1, right_w2]
  points:
    - positions: [-0.00345146, 0.0118884, 0.00421845, 1.39861, 0.0145728, 0.238918, 0.0007669899999999999, 0.00115049, 0.0145728, 0.00230097, 1.41586, -0.00115049, 0.253107, -0.18868]
      time_from_start: 0
    - positions: [0.7098042540796983, 0.8489446617932992, 0.2891279239147719, 0.3404441085904836, 1.872354269428644, 0.583061227736974, -2.791407716087066, -0.6247276387239371, 0.0463716523908082, -0.4751489602205607, 0.9932913280250504, -0.8546203167070634, 0.9354628860124117, -0.8990539184561932]
      time_from_start: 0
    - positions: [-1.524220101537528, 0.6918421396417544, 1.213982188467566, 1.000522920994088, -0.6910055706556886, 1.064956104564082, -2.911188621256501, -0.9181088040142729, -0.0369764472097156, -1.886720287859016, 1.80110242080409, -2.497907275485806, 0.08426638471115844, 0.3466058826595546]
      time_from_start: 0
    - time_from_start: 0
      positions: [-0.9132139042105308, 0.6667047937585823, -0.3633966621672033, 0.2208790567742622, 0.1174060558285968, -0.9055379411023067, 0.2177832540622905, 1.171967977687598, 0.544342665817156, 1.880773157669831, 0.6548844287224667, 2.43118612092897, 1.049557995730902, 1.86078922199484]