joint_trajectory:
  points:
    - time_from_start: 0
      positions: [-0.00345146, 0.0118884, 0.00421845, 1.39861, 0.0145728, 0.238918, 0.0007669899999999999, 0.00115049, 0.0145728, 0.00230097, 1.41586, -0.00115049, 0.253107, -0.18868]
    - time_from_start: 0
      positions: [-1.146362338995245, -0.7180296534141524, 1.239761209377711, 1.334694431579672, 0.4429921682602727, 1.666837647590678, 1.305837717846967, -0.2130405019168773, -1.257588349670172, 2.459817827557686, 0.5912816147524862, -1.176403855638113, 0.7415215318803678, 1.454605245423037]
    - positions: [-0.648667375635372, 0.5506531803077445, -2.314977787612297, 1.398200077509306, 0.357288570203621, -0.9434553959025427, 2.214544263804716, 1.502097606251577, 0.6964991807616805, -2.816211422642265, 0.4478056939728642, 0.9043757152644821, 0.6218682318973237, 2.055530582388057]
      time_from_start: 0
  joint_names: [left_s0, left_s1, left_e0, left_e1, left_w0, left_w1, left_w2, right_s0, right_s1, right_e0, right_e1, right_w0, right_w1, right_w2]