joint_trajectory:
  points:
    - time_from_start: 0
      positions: [-0.00345146, 0.0118884, 0.00421845, 1.39861, 0.0145728, 0.238918, 0.0007669899999999999, 0.00115049, 0.0145728, 0.00230097, 1.41586, -0.00115049, 0.253107, -0.18868]
    - positions: [0.6568779654846275, -0.1425445998581125, -0.854641261973442, 1.477298073098063, 0.115161392544862, -1.374423583205139, -1.167087517937645, 1.053772191252355, 0.07383378500444815, 1.862949470615721, 2.163851285831071, -2.976595091822557, 1.601812202786951, 0.8254688232722693]
      time_from_start: 0
    - positions: [-1.083363981948574, 0.9426962870523173, -2.383976852840902, 1.056781298567709, -1.960584431662656, 0.9417413769996277, -1.612302828370599, -0.08373232492502301, -0.5820943672125005, 1.277987185763027, 1.878402567508517, 0.1548889823419696, -0.8918029738972443, -1.042240680915264]
      time_from_start: 0
  joint_names: [left_s0, left_s1, left_e0, left_e1, left_w0, left_w1, left_w2, right_s0, right_s1, right_e0, right_e1, right_w0, right_w1, right_w2]