joint_trajectory:
  points:
    - positions: [-0.00345146, 0.0118884, 0.00421845, 1.39861, 0.0145728, 0.238918, 0.0007669899999999999, 0.00115049, 0.0145728, 0.00230097, 1.41586, -0.00115049, 0.253107, -0.18868]
      time_from_start: 0
    - positions: [-1.409453209082112, -0.2243571858382782, 1.120768805800721, 1.885180906634778, 1.058162474629469, 0.2530920140507935, -0.3360076767392455, -1.097919326938701, -0.002343676452524868, -0.3757896730865888, 1.648483645380474, -2.986902498940472, 1.807116369623087, 2.907908869668842]
      time_from_start: 0
    - time_from_start: 0
      positions: [-1.232359323090268, -0.2606717687028768, 0.5923957297266762, 1.647576777099985, -0.2406357648835368, -1.197650361943989, -0.4964088350647934, 0.1603563608649295, -0.7923155259511109, 1.049171276457143, 1.905180872265186, -2.887193652512867, 0.9611190441603202, 2.332520542919751]
  joint_names: [left_s0, left_s1, left_e0, left_e1, left_w0, left_w1, left_w2, right_s0, right_s1, right_e0, right_e1, right_w0, right_w1, right_w2]