joint_trajectory:
  points:
    - time_from_start: 0
      positions: [-0.00345146, 0.0118884, 0.00421845, 1.39861, 0.0145728, 0.238918, 0.0007669899999999999, 0.00115049, 0.0145728, 0.00230097, 1.41586, -0.00115049, 0.253107, -0.18868]
    - positions: [-1.406860455901805, -0.008727485482115327, -0.8972653633624832, 0.6040647728350013, 2.047521659458988, 0.0599290378677344, -1.242996312739793, 0.9784843838114714, -1.127613630935084, 0.003907451568041509, 1.509115504333749, 2.951228663587477, 1.927115553394517, -0.904142562038265]
      time_from_start: 0
    - time_from_start: 0
      positions: [-0.3257416372485848, 0.8321912193455246, -2.335425732993113, 1.927281942970611, 0.2102249590963261, -1.029463828098216, 2.514022687822551, 0.4230071733009123, 0.3566301508346663, 1.239571389353762, 1.473693519465068, 2.678554636173923, 1.251492278798503, 1.929753444324813]
  joint_names: [left_s0, left_s1, left_e0, left_e1, left_w0, left_w1, left_w2, right_s0, right_s1, right_e0, right_e1, right_w0, right_w1, right_w2]