joint_trajectory:
  joint_names: [left_s0, left_s1, left_e0, left_e1, left_w0, left_w1, left_w2, right_s0, right_s1, right_e0, right_e1, right_w0, right_w1, right_w2]
  points:
    - time_from_start: 0
      positions: [-0.00345146, 0.0118884, 0.00421845, 1.39861, 0.0145728, 0.238918, 0.0007669899999999999, 0.00115049, 0.0145728, 0.00230097, 1.41586, -0.00115049, 0.253107, -0.18868]
    - positions: [-0.1853203113319644, 0.1290841552810744, -2.986506888376976, 0.429190934238024, -0.3275344770811497, 0.3112358822957599, -2.207355536763556, -1.001791151657891, 0.1502194574330935, 0.7787350198402345, 1.226793121536262, -2.034509067234118, 0.7177805615856285, -2.965047829445452]
      time_from_start: 0
    - time_from_start: 0
      positions: [-1.217630137806288, -0.5345797274916981, -0.4231803277734677, 0.8667259288026251, -0.9291153205387349, -0.7939155839887805, 1.192520082908836, 1.066485302904644, 0.2672817842875018, 1.210912044961842, 0.4759696087367107, -0.1882777560847662, -0.848662018089569, -1.012692025452199]