joint_trajectory:
  joint_names: [left_s0, left_s1, left_e0, left_e1, left_w0, left_w1, left_w2, right_s0, right_s1, right_e0, right_e1, right_w0, right_w1, right_w2]
  points:
    - time_from_start: 0
      positions: [-0.00345146, 0.0118884, 0.00421845, 1.39861, 0.0145728, 0.238918, 0.0007669899999999999, 0.00115049, 0.0145728, 0.00230097, 1.41586, -0.00115049, 0.253107, -0.18868]
    - positions: [0.4307223607087836, -0.2581354074729605, 1.663890320336201, 2.568347758032381, -1.814302834697999, -0.5127626315316094, 2.706164941673633, -0.9496635287524119, 0.07248503368301318, 0.8792866735903146, -0.03515480946004391, 1.516310614034533, 1.657883961492128, 2.182997203066479]
      time_from_start: 0
    - positions: [-0.6168814945130638, -0.3858909880141725, 0.2229233429410939, 1.870952215145342, 2.66005745519884, -0.1324775586977798, -0.5108983686757274, 0.4977582817142583, -1.026803540091962, -0.9124368983563054, 0.8042268192470072, 0.3628211604519747, 0.4591848834862544, 1.542760554729961]
      time_from_start: 0
    - positions: [-0.3737589071871453, -0.237860174516763, -0.5828204999837017, 1.476697155742372, 0.2490491149129266, -1.060557889884004, 0.4555466111120079, 1.190384478540321, 0.01259114899030179, 1.708659758739357, 0.609502993683256, 3.052020548511211, 1.011009681115393, 1.494557608749019]
      time_from_start: 0