joint_trajectory:
  joint_names: [left_s0, left_s1, left_e0, left_e1, left_w0, left_w1, left_w2, right_s0, right_s1, right_e0, right_e1, right_w0, right_w1, right_w2]
  points:
    - positions: [-0.00345146, 0.0118884, 0.00421845, 1.39861, 0.0145728, 0.238918, 0.0007669899999999999, 0.00115049, 0.0145728, 0.00230097, 1.41586, -0.00115049, 0.253107, -0.18868]
      time_from_start: 0
    - positions: [0.6996326639177788, 0.1248459988324906, -0.1056965760087918, 0.808481244442053, 2.552951589895413, 1.882670964519095, -0.3092106113280169, -1.239258227266045, -1.213819535272661, 0.4376772875323551, 1.483211673970334, -2.215470396948978, 0.4383172505820632, 2.149531234690454]
      time_from_start: 0
    - time_from_start: 0
      positions: [-1.636111957209897, 0.03822029407159053, 0.1147052005419839, 0.4618635554801447, -1.27427263679771, -0.9068866303879279, 0.9304315009903698, 0.4837111925901255, 0.2451837825702272, 1.834704091931579, 1.69332062903406, -0.1400392661895787, -1.335437449331891, -1.85859005804821]