joint_trajectory:
  joint_names: [torso_lift_joint, shoulder_pan_joint, shoulder_lift_joint, upperarm_roll_joint, elbow_flex_joint, forearm_roll_joint, wrist_flex_joint, wrist_roll_joint]
  points:
    - positions: [0.07767940964756732, -0.3442068744197615, 0.2771988879861153, 2.2303319685902, 1.098283685351202, 3.14159264242087, 0.6622772079037424, 0.8610723853594042]
      time_from_start: 0
    - time_from_start: 0
      positions: [0.2859097514479367, -1.026072584431272, 0.5925209568879393, 1.181854808326116, 1.822331192697399, 2.408700178338345, -0.544300733247113, 1.523926765280966]
    - positions: [0.159639308883973, -1.228617450782853, 0.7272506547443605, 1.08729449108102, 1.631533546943074, 2.35447185663854, -0.4061814446758588, 2.204373950711986]
      time_from_start: 0
    - positions: [1.059568806221979e-17, -0.1523857144701724, 0.687610576785853, 2.302365089522361, 0.4367879853867971, 1.148594913460481, 0.4078650750942986, 2.698675673542346]
      time_from_start: 0
  header:
    frame_id: base_link