joint_trajectory:
  header:
    frame_id: base_link
  joint_names: [torso_lift_joint, shoulder_pan_joint, shoulder_lift_joint, upperarm_roll_joint, elbow_flex_joint, forearm_roll_joint, wrist_flex_joint, wrist_roll_joint]
  points:
    - time_from_start: 0
      positions: [0.004502537955866987, 0.4087849263334393, -0.09763216814474647, -1.787731565334127, 1.051776718228823, 2.87924723472896, 0.6859552874253159, -1.196873421175349]
    - time_from_start: 0
      positions: [0.02227597065527404, 0.6050797566133448, 0.1483069187770573, -1.857002784715343, 2.028775214535019, 1.352937950695051, 0.3222092869636954, -2.374484361699331]
    - time_from_start: 0
      positions: [0.119561209455516, 0.412485694275604, 0.4860532808217916, -1.366862379419798, 1.881478105838289, 1.121317955237914, 0.3291554992424341, -3.027164966833079]
    - time_from_start: 0
      positions: [1.280942259235259e-16, 0.00280841640984148, 0.7542071332102337, 0.008898785927090572, -0.4579229067999963, 3.128060278727566, 0.2926916111687237, 3.138214113986553]