joint_trajectory:
  points:
    - time_from_start: 0
      positions: [0.08386565273283103, -0.3799147603754874, 0.2228288550701947, 2.081962838798571, 1.09469128613096, -3.141572276847558, 0.6548234131013971, 1.016575739384159]
    - time_from_start: 0
      positions: [0.2964759591397925, -1.232728940244835, 0.7327636851846195, 1.558630285966173, 1.821707262104235, -2.060781207111758, 0.2247344851701592, 0.1506048666950479]
    - positions: [0.07313642249445894, -1.374334899768657, 0.5590932616646709, 0.8551494384423255, 1.916176123693776, -3.021214639677287, -1.009442801180783, -0.5992176332056569]
      time_from_start: 0
    - positions: [6.908795050313714e-17, 0.1656974821263266, 0.6549855463502403, 1.007287137004152, -0.4458463243140411, -1.407856880234152, -0.435159977288524, 0.5601485007648361]
      time_from_start: 0
  header:
    frame_id: base_link
  joint_names: [torso_lift_joint, shoulder_pan_joint, shoulder_lift_joint, upperarm_roll_joint, elbow_flex_joint, forearm_roll_joint, wrist_flex_joint, wrist_roll_joint]