joint_trajectory:
  joint_names: [left_s0, left_s1, left_e0, left_e1, left_w0, left_w1, left_w2]
  points:
    - time_from_start: 0
      positions: [-0.00345146, 0.0118884, 0.00421845, 1.39861, 0.0145728, 0.238918, 0.0007669899999999999]
    - time_from_start: 0
      positions: [-1.666143397338221, -0.2705988215643731, 0.462422615910864, 2.233967129939698, 0.3876009847095483, 1.691570952443807, -2.790965039653314]
    - positions: [-0.1885339268683008, -0.9228466875641606, 2.096360321553924, 2.238336570726708, 1.259930646897759, 0.9234792495235276, 1.815870461988263]
      time_from_start: 0
    - positions: [-0.1491218498142095, 0.9787423999891421, 2.581549963709361, 0.7799214683650846, -0.8314771629343111, 0.5860328714359812, -2.073889149651021]
      time_from_start: 0