joint_trajectory:
  points:
    - time_from_start: 0
      positions: [-0.00345146, 0.0118884, 0.00421845, 1.39861, 0.0145728, 0.238918, 0.0007669899999999999]
    - positions: [-0.6977911057326127, 0.3960868320954032, -0.2248374074610897, 1.433016962906346, -1.863404256711714, 2.069178398044202, 2.245621560677886]
      time_from_start: 0
    - positions: [0.8067281338271184, -0.2738051041313445, -2.153007661446126, 2.192928464527242, 0.9147954073138536, 1.129271692966008, -1.048761618145276]
      time_from_start: 0
    - positions: [0.3700642848618286, -1.093188308895092, -0.2709342418067683, 0.8724833751816653, -2.637518185081592, -0.2445834775153217, 2.772905778836065]
      time_from_start: 0
  joint_names: [left_s0, left_s1, left_e0, left_e1, left_w0, left_w1, left_w2]