joint_trajectory:
  points:
    - time_from_start: 0
      positions: [0, 0, 0, 0, 0, 0, 0, 0, 0, 0, 0, 0, 0, 0, 0, 0, 0, 0, 0, 0, 0, 0, 0, 0, 0, 0, 0, 0, 0, 0, 0]
    - positions: [-0.1145030807587217, -0.6110943966379085, -0.4908603943996173, -0.3810893070784462, 1.185101020270674, 0.6065476218864493, 0.4727298335253528, 0.003649882370746196, -0.3619001697881923, 0.1244742410393888, 0.3826381140189723, 0.3142677626421918, 0.602164108779332, 0.177531465700645, 0.6672004374082898, 0.07766686973263814, -0.1585261721033366, 0.4248502455666038, 0.1076993241776867, -0.2141027819023152, 0.462100851735732, 0.406297125857785, 0.4272040822843454, 0.1878467140125318, 0.5464757412136952, 0.4214590858557214, 0.2994123332002447, -0.1639066313622642, 0.2754848319101718, 0.6921251262061762, 0.251859937147765]
      time_from_start: 0
    - time_from_start: 0
      positions: [0.2223966806236066, -0.09120713518870738, 2.187841210458097, 0.3974577825609193, -1.477414704077211, 0.783342784795265, 1.757481028076747, 0.09710856825816061, 0.4394734529876076, -0.3447862192029851, 0.8038759642009428, 0.4268316826115124, 1.491841040179925, 0.2586538943094201, 0.5487487246675882, -0.2110593638384715, 0.3302819403851405, 1.32778061175975, 0.0715483255752659, 0.1442194337055986, 0.4039243922481354, 0.5629262880919631, 0.6249047885565187, -0.1370351809796198, 1.206472964197867, 1.398452192354136, 0.2874929414512277, 0.3697942968263061, 1.022141329748834, 0.3942455631203682, 1.024954553765183]
    - positions: [-0.001928357130350945, -1.535425238366874, -0.2949520218491281, -1.21799413064606, 2.135037367017899, 1.509344424830163, 0.09607624149258251, 0.1725051524189071, -0.7810050710176919, 0.4309289101910951, 0.3412216157037626, 0.04953906627906026, 0.7508872678496338, 0.3153823745657448, 1.172411850907294, 0.248642358955143, -0.4111876664983543, 0.5030473503680288, 0.02132267057761462, -0.4358440523356288, 0.3837353876400489, 0.1192920913272228, 0.6001818275559366, 0.4363323129985823, 0.4805373708429148, 0.4864762682130723, 0.1702286943681214, -0.4329176211365369, 0.1724449326568193, 0.9520460713603213, 0.03090329414453182]
      time_from_start: 0
  joint_names: [kuka_arm_0_joint, kuka_arm_1_joint, kuka_arm_2_joint, kuka_arm_3_joint, kuka_arm_4_joint, kuka_arm_5_joint, kuka_arm_6_joint, WRJ2, WRJ1, FFJ4, FFJ3, FFJ2, FFJ1, KTHJ5, THJ4, THJ3, THJ2, THJ1, LFJ5, LFJ4, LFJ3, LFJ2, LFJ1, MFJ4, MFJ3, MFJ2, MFJ1, RFJ4, RFJ3, RFJ2, RFJ1]