joint_trajectory:
  points:
    - time_from_start: 0
      positions: [0, 0, 0, 0, 0, 0, 0, 0, 0, 0, 0, 0, 0, 0, 0, 0, 0, 0, 0, 0, 0, 0, 0, 0, 0, 0, 0, 0, 0, 0, 0]
    - positions: [0.4668638003359367, -1.131720789715699, 0.3432611844842053, -1.046770495174022, 2.959854063622918, -0.1172076309269299, -2.376302006201602, -0.1320743756678806, -0.000569740598014512, 0.08016234007370432, 0.3833337515253645, 0.7761745749898348, 1.515119851024335, 0.7358159464071505, 0.151893023006618, -0.1819832008088939, 0.1884004830454942, 1.227876846482046, 0.578419967443526, -0.09763918173050024, 0.1436488229553354, 0.1505651496309386, 0.04123787406570838, 0.3677203454982261, 0.1140850219958799, 0.8228797780488669, 0.1363740319768278, -0.03438103581608049, 0.7443525500462931, 0.7119755978506627, 0.4571483180381145]
      time_from_start: 0
    - time_from_start: 0
      positions: [1.001138604742894, -1.296578239473112, -2.842909971107982, -1.504217221894922, -1.349247977836494, 1.601601210512078, 2.111004465652025, 0.09451172411872716, -0.5099398541978842, 0.3334945501814071, 0.2032514149372489, 0.4240145900322133, 0.5324033522081709, 0.2607005475059226, 1.137401060116019, 0.08591520033151775, -0.4561806761053482, 0.6428504185504129, 0.01291590068430164, -0.4011873661238901, 0.435899543722695, 0.1667372361797629, 0.5746424860651776, 0.3016767344019298, 0.1597942017718473, 0.3902666855903673, 0.6942441039593292, -0.3293725515522021, 0.276873339990557, 0.2946511517678821, 0.5608652324153544]
    - time_from_start: 0
      positions: [0.8413798593611497, -1.478394010571567, -2.96705972839, -1.480782637995915, -2.306738730757587, 1.70439510239, 2.558956644718353, 0.1745329251994329, -0.7853981633974483, 0.4363323129985822, 0.2001362445854225, 0.3115079844770524, 0.4562025760026271, 0.4445845173583913, 1.223640099115472, 0.137154814215593, -0.5237000000000001, 0.640850034446521, 0.007614919269041316, -0.4363323129985823, 0.3344778016575478, 0.1017898987823062, 0.5326036656096194, 0.4322796405714937, 0.06523579993018211, 0.2099158871516108, 0.6919716282826274, -0.4363158894619613, 0.1979990837979821, 0.1607290628823462, 0.6108020835348565]
  joint_names: [kuka_arm_0_joint, kuka_arm_1_joint, kuka_arm_2_joint, kuka_arm_3_joint, kuka_arm_4_joint, kuka_arm_5_joint, kuka_arm_6_joint, WRJ2, WRJ1, FFJ4, FFJ3, FFJ2, FFJ1, KTHJ5, THJ4, THJ3, THJ2, THJ1, LFJ5, LFJ4, LFJ3, LFJ2, LFJ1, MFJ4, MFJ3, MFJ2, MFJ1, RFJ4, RFJ3, RFJ2, RFJ1]