joint_trajectory:
  points:
    - time_from_start: 0
      positions: [0, 0, 0, 0, 0, 0, 0, 0, 0, 0, 0, 0, 0, 0, 0, 0, 0, 0, 0, 0, 0, 0, 0, 0, 0, 0, 0, 0, 0, 0, 0]
    - positions: [-1.693416653918238, 0.0812818111263701, 1.14252388853006, 0.5284983640857506, 1.286236202662634, -0.01124714534544596, 0.3964123604101663, 0.03608736817613175, -0.3740805389363612, 0.1952135172721139, 0.1287826738898722, 0.364118118915353, 0.4227468370540062, -0.02449576359767397, 0.7087956328333136, 0.116004062306833, -0.220922002433117, 0.5665534314995138, 0.03021749162962621, -0.2504211044439566, 0.321982467428922, 0.5081306854572647, 0.09430253319128988, 0.2165191216639783, 0.1419929980235316, 0.5930791383411316, 0.1675657355746717, -0.1944610775396025, 0.2421896440737484, 0.5050369227568815, 0.1769438114843171]
      time_from_start: 0
    - positions: [-2.756360119937929, -0.02485124563678628, 2.319638168993702, 1.22055545316909, 1.914332375699668, -0.2113510961453063, 0.7488922800611051, 0.1250701475312941, -0.7570791183880939, 0.3968186049933358, 0.1705102218488833, 0.4186206060722755, 0.6508370212814265, 0.06509473745926453, 1.205418391510085, 0.2175547285580943, -0.4565658602491873, 0.961597681197945, 0.01318386417895272, -0.4296555222922283, 0.3244265501992727, 0.7910195440073778, 0.05772648692623221, 0.4000038897960317, 0.1722951703442895, 0.9727432265928215, 0.1354254594033964, -0.3702080012125559, 0.2154461349349331, 0.7995480851344345, 0.1722253710088036]
      time_from_start: 0
    - positions: [-2.925319937887502, 0.09673656186033419, 2.676261785274599, 1.409023807864051, 1.930249843939309, -0.2867881549553326, 0.9607144199061104, 0.1691450512188139, -0.7807810714092658, 0.4361518202372202, 0.1625055395877288, 0.3838538346930026, 0.5764367984865154, 0.03531873101330998, 1.207925110871052, 0.2615100141445474, -0.5234378036623348, 0.9373179278737347, 0.001031722358617622, -0.4363323129985824, 0.3142930087747798, 0.7772080578396167, 0.01364097232168871, 0.4362609206448009, 0.1168905043703782, 0.9951724674128852, 0.0001442139819713828, -0.4363323129985823, 0.1909861157373497, 0.8484963750311812, 0.07127018875679046]
      time_from_start: 0
  joint_names: [kuka_arm_0_joint, kuka_arm_1_joint, kuka_arm_2_joint, kuka_arm_3_joint, kuka_arm_4_joint, kuka_arm_5_joint, kuka_arm_6_joint, WRJ2, WRJ1, FFJ4, FFJ3, FFJ2, FFJ1, KTHJ5, THJ4, THJ3, THJ2, THJ1, LFJ5, LFJ4, LFJ3, LFJ2, LFJ1, MFJ4, MFJ3, MFJ2, MFJ1, RFJ4, RFJ3, RFJ2, RFJ1]