joint_trajectory:
  joint_names: [kuka_arm_0_joint, kuka_arm_1_joint, kuka_arm_2_joint, kuka_arm_3_joint, kuka_arm_4_joint, kuka_arm_5_joint, kuka_arm_6_joint, WRJ2, WRJ1, FFJ4, FFJ3, FFJ2, FFJ1, KTHJ5, THJ4, THJ3, THJ2, THJ1, LFJ5, LFJ4, LFJ3, LFJ2, LFJ1, MFJ4, MFJ3, MFJ2, MFJ1, RFJ4, RFJ3, RFJ2, RFJ1]
  points:
    - positions: [0, 0, 0, 0, 0, 0, 0, 0, 0, 0, 0, 0, 0, 0, 0, 0, 0, 0, 0, 0, 0, 0, 0, 0, 0, 0, 0, 0, 0, 0, 0]
      time_from_start: 0
    - positions: [2.660082567765546, -0.1359597553845879, -1.231334453706566, 1.831327463192505, -0.2809567694484584, 0.9622314189380983, 0.7595694253559908, -0.3979538089953634, -0.466289198872243, 0.04614120295922847, 0.7290822782714359, 0.04826119440798159, 0.2174954158608797, -0.01614076191516112, 0.4479676310642026, -0.06384658854026345, -0.4726608237482247, 0.6160489470577006, 0.004824130524082473, -0.3424267893938815, 0.5851392560956509, 0.6811040671176115, 0.8620211095198475, 0.4355482320729355, 0.2704738566697482, 0.8710720875107347, 0.83955463909388, -0.403941194865874, 0.5415948933644151, 0.5548544367268577, 0.7004671923842518]
      time_from_start: 0
    - time_from_start: 0
      positions: [2.937919421150817, 0.6682591943836425, -1.874211715291657, 1.317502838183513, 0.1036631421310499, 1.238233716909509, 1.419755028960033, -0.5153794269042681, -0.7850632827547307, 0.4363323129985823, 0.1917333619521057, 0.5386370901554637, 0.2321200153634945, 0.3004305075795541, 1.215140136205977, 0.1764145772076263, -0.5237000000000001, 0.79701002353336, 0.00125792594860742, -0.4363323129985823, 0.5599226045406839, 0.07812137873213701, 0.3339143775206223, 0.4363323129985822, 0.05986050860492438, 0.2659056758182469, 0.6503000296492691, -0.4363323129985823, 0.3999372511129558, 0.2230561437117752, 0.3622361362258975]