joint_trajectory:
  joint_names: [kuka_arm_0_joint, kuka_arm_1_joint, kuka_arm_2_joint, kuka_arm_3_joint, kuka_arm_4_joint, kuka_arm_5_joint, kuka_arm_6_joint, WRJ2, WRJ1, FFJ4, FFJ3, FFJ2, FFJ1, KTHJ5, THJ4, THJ3, THJ2, THJ1, LFJ5, LFJ4, LFJ3, LFJ2, LFJ1, MFJ4, MFJ3, MFJ2, MFJ1, RFJ4, RFJ3, RFJ2, RFJ1]
  points:
    - positions: [0, 0, 0, 0, 0, 0, 0, 0, 0, 0, 0, 0, 0, 0, 0, 0, 0, 0, 0, 0, 0, 0, 0, 0, 0, 0, 0, 0, 0, 0, 0]
      time_from_start: 0
    - time_from_start: 0
      positions: [-1.651229771474011, -0.142124141571955, 0.5154773364670628, -1.205168360798773, -2.285958656112737, -1.240920558354897, 0.6381761783529809, -0.1530724593940982, -0.0662885833976381, -0.1333743465356154, 0.2886707953135652, 1.007997624903943, 0.8403236022541085, -0.07013579262653369, 0.2088707109983079, 0.2418662011606619, 0.3972460998106283, 1.355696801915299, 0.2300757815226601, -0.08736229112977212, 1.225041574180662, 0.2766248392883258, 1.506597006596538, -0.09151795476952568, 0.04678327570535668, 0.04835237237881215, 0.2815737287665644, 0.05243536235283641, 1.176152991489397, 1.326819967533242, 1.478731770926283]
    - positions: [-0.4331048546623406, 1.079549548291385, -1.194671917392639, -1.972560396053308, -1.704224552903402, 0.7343626615399064, 2.606454484086864, 0.1092790930260246, -0.7627197774846075, 0.4363210463006511, 0.007999568940419458, 1.024736845193409, 0.0156545464185374, 0.1452212549093859, 1.174025646994294, 0.2617999999999999, -0.009777373733307768, 0.3735864761675372, 0.04144719183266666, -0.4357683736166443, 2.601467365849013e-06, 0.8848743111353187, 0.1320380138213588, 0.435964510931427, 0.06423491630115875, 0.1495587242878306, 0.8457292685276573, -0.4358922958237678, 0.1722744600598549, 0.1773701138481491, 0.6963461381420226]
      time_from_start: 0