joint_trajectory:
  points:
    - positions: [0, 0, 0, 0, 0, 0, 0, 0, 0, 0, 0, 0, 0, 0, 0, 0, 0, 0, 0, 0, 0, 0, 0, 0, 0, 0, 0, 0, 0, 0, 0]
      time_from_start: 0
    - time_from_start: 0
      positions: [1.099405896390457, -0.1752696529240507, -2.016765359364936, -1.930928827307246, -1.465325786987847, 1.657169858567826, 1.452088668574886, 0.1491119268736827, -0.7053241272649142, 0.3946694231382681, 0.510892752720601, 0.1889374620284766, 0.6491600277500936, 0.2079135415948256, 1.065817940493133, 0.2470259567611816, 0.02131505690495973, 0.2234364876832899, 0.1255151989666779, -0.3727557007071933, 0.572602075782475, 0.3555951009908986, 0.3061727262628278, 0.4207172909153367, 0.638924950250459, 0.1690655751065269, 0.4668400546619059, -0.3611230106588904, 0.4956427047438214, 0.6420804476486297, 0.2369841223103141]
    - time_from_start: 0
      positions: [1.118556565473998, -0.2136894411022749, -2.120586653013466, -1.980388348715073, -1.569735238740919, 1.67723705732611, 1.58897067650263, 0.1576293559583121, -0.7272995719832565, 0.4072958789552611, 0.5142552704657447, 0.1474210999668232, 0.6481802838347293, 0.1962194311170727, 1.096632131634979, 0.2524392909446133, 0.01456224844437885, 0.2161780552105346, 0.1143618299150456, -0.3880056124957191, 0.5764789836669393, 0.3255140534483179, 0.3031551084548876, 0.4281011128792715, 0.6348077601233344, 0.1512763373577297, 0.4607005410402258, -0.3789542895449465, 0.474436013453879, 0.6243665084366046, 0.2335572055184135]
    - positions: [1.23121459719489, -0.3620776018612218, -2.500214831333649, -2.077523438973681, -1.952820733891405, 1.699603751134046, 1.996601519523534, 0.1701438707086831, -0.7850145235498263, 0.4363323129985823, 0.5372331873887984, 0.009190688871842915, 0.6456852246135567, 0.1362861054405141, 1.196518027744842, 0.2584490539508618, -0.004500367295314252, 0.2159844051788148, 0.07970832835235257, -0.4363323129985823, 0.5999766652035028, 0.2177021578878665, 0.3119543011832828, 0.4361452680441005, 0.621814375577701, 0.1224914910871175, 0.4446206965200415, -0.4362976974401422, 0.3970692249343137, 0.5594117952741806, 0.2404562209430912]
      time_from_start: 0
  joint_names: [kuka_arm_0_joint, kuka_arm_1_joint, kuka_arm_2_joint, kuka_arm_3_joint, kuka_arm_4_joint, kuka_arm_5_joint, kuka_arm_6_joint, WRJ2, WRJ1, FFJ4, FFJ3, FFJ2, FFJ1, KTHJ5, THJ4, THJ3, THJ2, THJ1, LFJ5, LFJ4, LFJ3, LFJ2, LFJ1, MFJ4, MFJ3, MFJ2, MFJ1, RFJ4, RFJ3, RFJ2, RFJ1]