joint_trajectory:
  joint_names: [kuka_arm_0_joint, kuka_arm_1_joint, kuka_arm_2_joint, kuka_arm_3_joint, kuka_arm_4_joint, kuka_arm_5_joint, kuka_arm_6_joint, WRJ2, WRJ1, FFJ4, FFJ3, FFJ2, FFJ1, KTHJ5, THJ4, THJ3, THJ2, THJ1, LFJ5, LFJ4, LFJ3, LFJ2, LFJ1, MFJ4, MFJ3, MFJ2, MFJ1, RFJ4, RFJ3, RFJ2, RFJ1]
  points:
    - positions: [0, 0, 0, 0, 0, 0, 0, 0, 0, 0, 0, 0, 0, 0, 0, 0, 0, 0, 0, 0, 0, 0, 0, 0, 0, 0, 0, 0, 0, 0, 0]
      time_from_start: 0
    - time_from_start: 0
      positions: [-1.374258023837589, -1.23774787606624, -0.9543265700311507, -1.730667180249295, 0.9126575028526487, 1.696667487351875, -0.1656843831110066, -0.4168721874094151, -0.4699991834172836, -0.2387980457415624, 0.3340708519851585, 1.51352484314586, 1.051880024027583, 0.3265334006007761, 0.9282886910068336, 0.04343335936013609, -0.4693566811307334, 0.3016888520398643, 0.02595557077402341, -0.1977131819349313, 0.3498985510894506, 1.461232607090209, 1.081588488201414, 0.24859478509127, 0.4114347741142341, 0.06993953058767594, 1.509836853366294, 0.1068347885358625, 1.079718351514148, 0.0378053068569454, 1.439971383737839]
    - positions: [-2.607965160068185, 1.55920537717676, -1.330901992135425, -1.460319021125063, -0.6152075611499576, 0.8181272151639055, 1.90212254922749, 0.1510332716495484, -0.532521338809355, 0.4360493325223469, 0.09249902614468998, 0.571006871360787, 0.4385685129251207, 0.3681057493392895, 1.155746046285183, 0.2370871405962196, -0.5170511838982074, 0.5787823451752494, 0.001390892565920764, -0.4363323129985823, 0.5408853181344636, 0.3511869517913334, 0.2086488646549207, 0.4363323129985822, 0.3516692001086933, 0.1014320478250032, 0.6583117724865697, -0.4363323129985822, 0.4741266579625802, 0.03640923184532818, 0.6061499892395992]
      time_from_start: 0