joint_trajectory:
  joint_names: [kuka_arm_0_joint, kuka_arm_1_joint, kuka_arm_2_joint, kuka_arm_3_joint, kuka_arm_4_joint, kuka_arm_5_joint, kuka_arm_6_joint, WRJ2, WRJ1, FFJ4, FFJ3, FFJ2, FFJ1, KTHJ5, THJ4, THJ3, THJ2, THJ1, LFJ5, LFJ4, LFJ3, LFJ2, LFJ1, MFJ4, MFJ3, MFJ2, MFJ1, RFJ4, RFJ3, RFJ2, RFJ1]
  points:
    - time_from_start: 0
      positions: [0, 0, 0, 0, 0, 0, 0, 0, 0, 0, 0, 0, 0, 0, 0, 0, 0, 0, 0, 0, 0, 0, 0, 0, 0, 0, 0, 0, 0, 0, 0]
    - time_from_start: 0
      positions: [-0.6670579220274864, 0.5302139221519058, 1.648956457007077, 1.531696813724504, 1.050350454872795, 1.193532724363572, 1.065404850494881, -0.2698228753122886, -0.4887159608499186, 0.2999419650299925, 0.6811854422662691, 0.4650842002886563, 0.5065528474110303, 0.04616359803494068, 1.128327121282219, 0.1662291278396738, -0.2806628580148495, 0.7796228850973055, 0.064385203597567, -0.3067347655395549, 0.3073389522532811, 0.9259279755253527, 0.3016175387854678, 0.2740813654696332, 0.4187213165461651, 0.8068725074291685, 0.3098821886965547, -0.3521932220810745, 0.655678209674581, 0.257520384182101, 0.48948349144159]
    - time_from_start: 0
      positions: [-0.7385841253383231, 0.5349618303719329, 1.69109960596608, 1.549142877345095, 1.069848128302503, 1.203212521276107, 1.204580961898451, -0.2727335407679373, -0.5257467815559747, 0.3177366183971907, 0.6698088584603906, 0.4362584703582129, 0.4854610679252516, 0.05550586977028606, 1.145088541745957, 0.1796704853679487, -0.3058354188698152, 0.7961579101767837, 0.05323761578423702, -0.3280353083105554, 0.2884196780222393, 0.9172278040132925, 0.2750931762334601, 0.2963887378829132, 0.3995134144097979, 0.8145736933877293, 0.2896437970393284, -0.3709943254981862, 0.6635319088263835, 0.2469696710501628, 0.4576230280463633]
    - positions: [-1.173667966201675, 0.4535103599908943, 2.09576803901137, 1.539541781195067, 1.232262882424778, 1.281808604236446, 1.690477994434192, -0.2736020786677641, -0.6624886232803078, 0.4360931497310035, 0.5272463951368983, 0.1994029928454376, 0.362614303826693, 0.1264902546061267, 1.18623037354384, 0.2588819024004089, -0.4533399750025378, 0.7842634703568884, 0.01013824896261753, -0.4363306505953827, 0.1921242324175474, 0.8699730190470057, 0.04164901338311309, 0.4363323129985822, 0.2186218519765396, 0.7865954727102538, 0.09052663035871912, -0.4360891851871693, 0.5967910568690815, 0.2026870912518321, 0.3027858579887863]
      time_from_start: 0