joint_trajectory:
  points:
    - time_from_start: 0
      positions: [0, 0, 0, 0, 0, 0, 0, 0, 0, 0, 0, 0, 0, 0, 0, 0, 0, 0, 0, 0, 0, 0, 0, 0, 0, 0, 0, 0, 0, 0, 0]
    - positions: [-1.097123746766554, -0.5326455473081874, -1.998764557165806, -1.038844663209129, -2.504730952252884, 1.313133026567056, 1.203621855544222, -0.4494062175939646, -0.7186196909411076, 0.4200008954763539, 0.06371711316986944, 0.4856229724791759, 0.4515640476495464, 0.3529204787223447, 1.171663397078388, 0.1746362837386933, -0.4851162630952826, 0.7211015970564052, 0.03882887953549488, -0.3869467955271654, 0.3064580365529794, 0.399493324021871, 0.3594525175768136, 0.4297092809655796, 0.4273565062890998, 0.192243475578357, 0.4689327906308406, -0.4136324215671274, 0.2371098299952726, 0.1890742719733801, 0.6541108077436417]
      time_from_start: 0
    - positions: [-1.122408799762583, -0.5886009875938369, -2.286487100751521, -1.208313290093099, -2.793861091684367, 1.318993935072988, 1.431047888485142, -0.4540233465877054, -0.7626085021420399, 0.4359161970768065, 0.04468236836793902, 0.5103542258408215, 0.4409505838383757, 0.3365596305611148, 1.216937315621743, 0.1745890490523402, -0.5236674050559561, 0.7469656569681342, 0.001300988972610034, -0.4360155797979895, 0.3176693982571091, 0.3406491420332326, 0.3301311489678699, 0.4363313181318887, 0.3707183372375358, 0.1786629611782164, 0.4583993905096228, -0.4360190603516444, 0.2178892067086112, 0.1103541343491184, 0.6579733794722478]
      time_from_start: 0
  joint_names: [kuka_arm_0_joint, kuka_arm_1_joint, kuka_arm_2_joint, kuka_arm_3_joint, kuka_arm_4_joint, kuka_arm_5_joint, kuka_arm_6_joint, WRJ2, WRJ1, FFJ4, FFJ3, FFJ2, FFJ1, KTHJ5, THJ4, THJ3, THJ2, THJ1, LFJ5, LFJ4, LFJ3, LFJ2, LFJ1, MFJ4, MFJ3, MFJ2, MFJ1, RFJ4, RFJ3, RFJ2, RFJ1]