joint_trajectory:
  points:
    - time_from_start: 0
      positions: [0, 0, 0, 0, 0, 0, 0, 0, 0, 0, 0, 0, 0, 0, 0, 0, 0, 0, 0, 0, 0, 0, 0, 0, 0, 0, 0, 0, 0, 0, 0]
    - positions: [0.1113051835109696, -0.1302063744162381, -0.5963213213850642, -0.8616910677929148, -0.07123379875066943, 0.3949068676144274, 0.6070976301261783, -0.0424277493248356, -0.1842073083690068, 0.09377516737848737, 0.4554445130902584, 0.4063679282204752, 0.3907363148910176, -0.03436318661100122, 0.5839563717846905, 0.03482527756167138, -0.1669382007126378, 0.4815361934487042, 0.1529504320335441, -0.1302496320465363, 0.4352582907049052, 0.4111971852810666, 0.3366416945785493, 0.06868864533518591, 0.3700956191999047, 0.3470600126333224, 0.5230472413016328, -0.1131136444741624, 0.3899553437780028, 0.2712816276150822, 0.4767778922179038]
      time_from_start: 0
    - positions: [-0.3350934932323042, -0.3268726952608267, -2.433993084719907, -1.858551655982401, -1.333977246029951, 1.430073924876957, 1.621054576535049, 0.04914379561752918, -0.5734461247353453, 0.3037516632491143, 0.4970045307251194, 0.5741074143726821, 0.4493618167639701, 0.1399268217884299, 1.020258330204689, 0.1592240965032232, -0.2651766595802563, 0.7799237761608195, 0.09088017623836171, -0.2900628436726658, 0.465201411737339, 0.5421286976161426, 0.305783633169325, 0.2787169534005336, 0.4491859342392452, 0.2520174319734202, 0.7300052604742377, -0.3630877182592041, 0.4544247624087585, 0.2022948515060107, 0.7983826388431616]
      time_from_start: 0
    - positions: [-0.3338210710824258, -0.7359457495861389, -2.805339803582316, -2.088942905790049, -2.414260662398426, 1.700133243136036, 2.432849103058358, 0.1320183651337784, -0.6904784522226416, 0.4363323129985822, 0.2248407271595197, 0.4427624515214439, 0.3918685632494777, 0.1359883832125109, 1.189008321439177, 0.2598668831255063, -0.380970188112581, 0.719684096301354, 0.01918051717249829, -0.4363157421154693, 0.2919010998747698, 0.5451192890378418, 0.2141691071057072, 0.4357663482524136, 0.3161590311016782, 0.0135677318993593, 0.752436234052272, -0.4363323129985823, 0.2535616372248026, 0.002855390116445847, 0.8280933381001214]
      time_from_start: 0
  joint_names: [kuka_arm_0_joint, kuka_arm_1_joint, kuka_arm_2_joint, kuka_arm_3_joint, kuka_arm_4_joint, kuka_arm_5_joint, kuka_arm_6_joint, WRJ2, WRJ1, FFJ4, FFJ3, FFJ2, FFJ1, KTHJ5, THJ4, THJ3, THJ2, THJ1, LFJ5, LFJ4, LFJ3, LFJ2, LFJ1, MFJ4, MFJ3, MFJ2, MFJ1, RFJ4, RFJ3, RFJ2, RFJ1]