joint_trajectory:
  points:
    - time_from_start: 0
      positions: [0, 0, 0, 0, 0, 0, 0, 0, 0, 0, 0, 0, 0, 0, 0, 0, 0, 0, 0, 0, 0, 0, 0, 0, 0, 0, 0, 0, 0, 0, 0]
    - positions: [-2.161829420941712, 1.104534569408685, 0.1314919333932892, 1.676983634000966, -0.008393172330191085, 0.9966825120222456, -0.6419063542510498, -0.2490082952138821, -0.6765703729873433, 0.2904521058815589, 0.3372050687689117, 0.6223303898226956, 0.47652681119232, 0.3283085894574573, 1.15279107892851, 0.1936799712055494, -0.4246046128874884, 0.5846759859956252, 0.03216702373377232, -0.2954730387608382, 0.4636283021159708, 0.2401031192789582, 0.3671711518249109, 0.3192952191451878, 0.5667645757350416, 0.2507789470638532, 0.4659465388186101, -0.3319696354885641, 0.4244366762399426, 0.2967110106269314, 0.4416744760297732]
      time_from_start: 0
    - time_from_start: 0
      positions: [-2.282196660758829, 1.22686180310368, 0.1561170928775516, 1.806149560430459, -0.005712247100399786, 1.102785837116676, -0.6161449181161225, -0.2594069594482319, -0.7115972749314532, 0.3301600678209731, 0.2983497086178412, 0.6350419614325489, 0.4659401265301405, 0.3358607490511497, 1.193626001141838, 0.2109704265967767, -0.4607610569399111, 0.597875748281061, 0.01377670801031765, -0.3351029260516848, 0.4559390063292572, 0.2262047007749695, 0.364055470864226, 0.3540261518450221, 0.572908745942263, 0.2372925620507977, 0.449252445266287, -0.3669403346260126, 0.4293994895226808, 0.285510941464673, 0.4508142863604461]
    - time_from_start: 0
      positions: [-2.51616236212431, 1.537044806585189, 0.04092504346695287, 1.883222548777836, 0.138711216054738, 1.358812842558247, -0.3520290127158064, -0.2440716590490341, -0.7179056448338621, 0.4356683201032331, 0.1379064581262354, 0.5435618061511889, 0.3884640696042996, 0.3817312423812167, 1.183434612846365, 0.2355922578420873, -0.5237000000000001, 0.6132831542990048, 0.01011990276944981, -0.436073351749563, 0.4653446710597768, 0.2041100245126877, 0.3891237833721272, 0.4362885266941977, 0.4846417069285051, 0.2647173556636666, 0.3255512227489031, -0.4363269740451766, 0.3898750548117525, 0.2704534597477173, 0.4068229603846725]
  joint_names: [kuka_arm_0_joint, kuka_arm_1_joint, kuka_arm_2_joint, kuka_arm_3_joint, kuka_arm_4_joint, kuka_arm_5_joint, kuka_arm_6_joint, WRJ2, WRJ1, FFJ4, FFJ3, FFJ2, FFJ1, KTHJ5, THJ4, THJ3, THJ2, THJ1, LFJ5, LFJ4, LFJ3, LFJ2, LFJ1, MFJ4, MFJ3, MFJ2, MFJ1, RFJ4, RFJ3, RFJ2, RFJ1]