joint_trajectory:
  points:
    - positions: [0, 0, 0, 0, 0, 0, 0, 0, 0, 0, 0, 0, 0, 0, 0, 0, 0, 0, 0, 0, 0, 0, 0, 0, 0, 0, 0, 0, 0, 0, 0]
      time_from_start: 0
    - positions: [-1.722315186109125, -0.546715881292432, 1.267720054579903, -1.259709685540569, -0.3413918780254919, 0.7673775451835159, 0.6844144616480377, -0.02561768267412438, -0.3583960319961637, 0.178306686247493, 0.3833451054638234, 0.5048951472520189, 0.4011543540034781, 0.1463423521976488, 0.8898560377664504, 0.1453645043509064, -0.3879014744874221, 0.6239317987913736, 0.1027516524609512, -0.2727349236169853, 0.4864513374525742, 0.3079382307909033, 0.5904682911031739, 0.2660687676986719, 0.6537622850093372, 0.2713548583223834, 0.5489169193436969, -0.2690908910955774, 0.6643677117370986, 0.4869080602381416, 0.285839232984067]
      time_from_start: 0
    - time_from_start: 0
      positions: [-2.602838024752362, -0.9812316368563248, 1.5210441993016, -1.606709677743435, -0.8685002489983338, 1.040934299114041, 1.331443775826471, 0.03707545220979651, -0.4916053382862142, 0.3619600044997844, 0.3783613586372621, 0.5417215376564575, 0.3683429580417014, 0.1623550939983502, 1.142810159979367, 0.2093237868568985, -0.5128042813949569, 0.7548404810287139, 0.05638205120677613, -0.4053163678947639, 0.5501478691222597, 0.2262838003193963, 0.5702062479090519, 0.3687850422466741, 0.692563689409682, 0.1271636231147208, 0.4865920131183863, -0.3916497993146068, 0.667336561247637, 0.4140091268004134, 0.1204933016281648]
    - positions: [-2.839731561541314, -1.093048537670609, 1.654007353128508, -1.636902114742006, -0.9375878911224415, 1.013066700342383, 1.692189171264103, 0.07522335419272484, -0.4811819711767113, 0.4360860553243371, 0.3039626618266646, 0.5514062034989629, 0.2804985582236726, 0.1684287682462937, 1.223087758646702, 0.2434850533031802, -0.5236241297663926, 0.7843924481794818, 0.001420023798642973, -0.4363315886594768, 0.4675201932306702, 0.1814409927543801, 0.4806921125335176, 0.436298062454049, 0.6189983182093676, 0.02052828809124534, 0.4831538792421174, -0.4363323129985823, 0.6582947969080407, 0.3516750658479284, 0.113199692225379]
      time_from_start: 0
  joint_names: [kuka_arm_0_joint, kuka_arm_1_joint, kuka_arm_2_joint, kuka_arm_3_joint, kuka_arm_4_joint, kuka_arm_5_joint, kuka_arm_6_joint, WRJ2, WRJ1, FFJ4, FFJ3, FFJ2, FFJ1, KTHJ5, THJ4, THJ3, THJ2, THJ1, LFJ5, LFJ4, LFJ3, LFJ2, LFJ1, MFJ4, MFJ3, MFJ2, MFJ1, RFJ4, RFJ3, RFJ2, RFJ1]