joint_trajectory:
  points:
    - positions: [0, 0, 0, 0, 0, 0, 0, 0, 0, 0, 0, 0, 0, 0, 0, 0, 0, 0, 0, 0, 0, 0, 0, 0, 0, 0, 0, 0, 0, 0, 0]
      time_from_start: 0
    - time_from_start: 0
      positions: [1.197101025581351, 0.8261370927919476, -0.2219397264582028, 0.7718114297438019, 1.415861295706563, 0.1071491207705324, -0.7553703398992488, 0.02877878924351596, 0.02128445481662766, -0.2810605147144613, 0.1004060917107131, 1.076824793180124, 1.20169011153287, 0.9084742433759383, 0.2388319419012405, 0.02374009541487321, -0.3405946554180235, 0.6567449987302534, 0.584095968168882, 0.2787097729871089, 1.547286916168756, 1.222613234767729, 0.8384844121358921, 0.311670391948237, 1.421654772366083, 0.5791891164525625, 0.234946029278724, -0.1976364992233282, 1.122687356522689, 0.5222370046486831, 1.505706530190339]
    - positions: [-1.481756813357102, 1.31214168276681, -0.2489929260068798, -1.903565717719667, -1.947427817182285, 1.527718124330276, 2.964407207155518, 0.1634201836771753, -0.785109136846155, 0.4363323129985823, 0.5091612126582428, 0.2776010567555183, 0.3975638143901727, 0.220216559412688, 1.214382076507693, 0.241432100269055, -0.5147170636428078, 0.6548046237156713, 0.004696465152146125, -0.4363200116128664, 0.774414468254105, 0.07406847582030415, 0.3302526789893429, 0.4355687370451878, 0.5308954969069523, 0.3628351057726923, 0.293639928048573, -0.435854932896045, 0.1905776342338725, 0.7496572750353591, 0.2443666913296262]
      time_from_start: 0
  joint_names: [kuka_arm_0_joint, kuka_arm_1_joint, kuka_arm_2_joint, kuka_arm_3_joint, kuka_arm_4_joint, kuka_arm_5_joint, kuka_arm_6_joint, WRJ2, WRJ1, FFJ4, FFJ3, FFJ2, FFJ1, KTHJ5, THJ4, THJ3, THJ2, THJ1, LFJ5, LFJ4, LFJ3, LFJ2, LFJ1, MFJ4, MFJ3, MFJ2, MFJ1, RFJ4, RFJ3, RFJ2, RFJ1]