joint_trajectory:
  points:
    - time_from_start: 0
      positions: [0, 0, 0, 0, 0, 0, 0, 0, 0, 0, 0, 0, 0, 0, 0, 0, 0, 0, 0, 0, 0, 0, 0, 0, 0, 0, 0, 0, 0, 0, 0]
    - time_from_start: 0
      positions: [1.75537720851279, -0.9193613542877702, 1.955740214235556, -0.919651401936596, 1.999867114312029, 0.8048552029871816, -0.646858434606977, 0.06848018682386059, 0.01323094742429021, 0.2626576314874916, 1.256791411431582, 1.199677638036706, 1.280496771883494, 0.7270593709219246, 0.0003162120061460882, 0.1167820102307945, 0.05544005402945917, 1.076390590748983, 0.3115704043827187, -0.06930271617122374, 0.9561135016649707, 1.098254634298957, 0.09751084663214334, 0.03526810321679197, 0.6995959275363133, 1.019524924902221, 0.9271175290664152, 0.0246655451078478, 0.8643454902678053, 0.5953900198565962, 0.8779412105040827]
    - time_from_start: 0
      positions: [1.581928724654871, -0.03368336034991248, -2.337267908462693, -1.480280820016556, 2.197686788190055, 0.4859070543786543, -1.042762292743487, -0.1317315765762241, 0.4372595007244346, -0.04752254554921759, 0.7168502687402565, 1.216750993233285, 0.4868050369708334, -0.09704444405715917, 1.100992201477522, -0.08890806487435474, -0.4817976872245782, 0.7939310352273751, 0.410711917887558, 0.3277351009300706, 0.5505903392787896, 1.180886556249926, 0.7723645548014985, -0.4152225237736681, 0.1772123231354483, 0.6135474569638203, 1.217514306948363, 0.04478079751583547, 0.06400747421373573, 0.9181256262890285, 0.02180087152230902]
    - positions: [-0.1530142338811312, 0.08798658780456514, 2.851592368042137, -1.808123649397192, -2.599183297405775, 0.4284413768637829, 2.268399696727551, 0.1268273597175698, -0.6993600936734914, 0.4326208387741609, 0.08042375150927591, 0.3711499677491659, 0.5070181097661237, 0.4785559594303155, 1.300687287117578, 0.0656450610217191, -0.5188093933699917, 0.6288988077567393, 0.006142971646701283, -0.4363323129985822, 0.2267828091863097, 0.230474827233335, 0.5041571593755972, 0.4363060934380288, 0.3055291623094426, 0.2884278402751999, 0.3479354457262088, -0.4360113910890024, 0.3684759329457832, 0.00824303830592006, 0.5884023288268555]
      time_from_start: 0
  joint_names: [kuka_arm_0_joint, kuka_arm_1_joint, kuka_arm_2_joint, kuka_arm_3_joint, kuka_arm_4_joint, kuka_arm_5_joint, kuka_arm_6_joint, WRJ2, WRJ1, FFJ4, FFJ3, FFJ2, FFJ1, KTHJ5, THJ4, THJ3, THJ2, THJ1, LFJ5, LFJ4, LFJ3, LFJ2, LFJ1, MFJ4, MFJ3, MFJ2, MFJ1, RFJ4, RFJ3, RFJ2, RFJ1]