joint_trajectory:
  points:
    - positions: [0, 0, 0, 0, 0, 0, 0, 0, 0, 0, 0, 0, 0, 0, 0, 0, 0, 0, 0, 0, 0, 0, 0, 0, 0, 0, 0, 0, 0, 0, 0]
      time_from_start: 0
    - positions: [-0.09125761341122965, 1.062775626030436, -0.1199755221080112, -0.8265143397910526, -0.1682878287565622, 1.042933917253926, 1.757141460380735, 0.03469322085699873, -0.2488765669575712, 0.2041342743654809, 0.3870276688414136, 0.4116484070533877, 0.4494384765543762, 0.1001100338163021, 0.9250361257966579, 0.1396003446580455, -0.3344216686328126, 0.5505597684711967, 0.1531234725119454, -0.2916437511127331, 0.534939670337204, 0.4537109462934024, 0.376315377868107, 0.2587048490155738, 0.5706826078785683, 0.2874827764763589, 0.4325958131024148, -0.2520461769291535, 0.4402577780669032, 0.3450877700936006, 0.5700361516373634]
      time_from_start: 0
    - positions: [-0.2770424390011377, 1.321013697899784, -0.4520718734567939, -1.183762103452226, -0.4050432851673459, 1.414878479156119, 2.255853343827024, 0.05992564610710012, -0.3319043310057055, 0.249078616847079, 0.3373497874981842, 0.3892359120761454, 0.4924899710162234, 0.1472499842370313, 1.067388385214181, 0.1721621722959777, -0.4507853763952884, 0.6015592627969738, 0.1348111255535047, -0.3736517413851597, 0.5492357343041281, 0.4017016298756098, 0.3855788682245082, 0.3385745872459993, 0.6344564173147523, 0.2712452533015363, 0.4482771387140754, -0.3328259546694159, 0.4245193976627152, 0.316367421428599, 0.5798568632145189]
      time_from_start: 0
    - positions: [-0.57087620017874, 1.57079632679, -0.2090130411144256, -1.206367438589225, -1.443057610888822, 1.684988948836326, 2.577306433127039, 0.1558439985511211, -0.3167725537193845, 0.4363235195462353, 0.3002892856005702, 0.3345498429595496, 0.3786133442402665, 0.4157707839200404, 1.147213068792016, 0.2235909884245554, -0.5236999999999998, 0.6316306709314012, 0.0342468625119405, -0.4362867902301961, 0.2484901401371134, 0.4530845961474714, 0.2720316856310173, 0.4363323129985824, 0.6116764971062145, 0.1187444516728135, 0.280871102605023, -0.4363323129985822, 0.4086723673731356, 0.0838606613115658, 0.5079428622815116]
      time_from_start: 0
  joint_names: [kuka_arm_0_joint, kuka_arm_1_joint, kuka_arm_2_joint, kuka_arm_3_joint, kuka_arm_4_joint, kuka_arm_5_joint, kuka_arm_6_joint, WRJ2, WRJ1, FFJ4, FFJ3, FFJ2, FFJ1, KTHJ5, THJ4, THJ3, THJ2, THJ1, LFJ5, LFJ4, LFJ3, LFJ2, LFJ1, MFJ4, MFJ3, MFJ2, MFJ1, RFJ4, RFJ3, RFJ2, RFJ1]