joint_trajectory:
  points:
    - time_from_start: 0
      positions: [0, 0, 0, 0, 0, 0, 0, 0, 0, 0, 0, 0, 0, 0, 0, 0, 0, 0, 0, 0, 0, 0, 0, 0, 0, 0, 0, 0, 0, 0, 0]
    - time_from_start: 0
      positions: [-2.820765827947473, 0.7093639543263579, 0.9226602830655984, 2.025211391322194, 1.742320660132826, 1.007408654985881, 1.697189341157668, -0.3825411191857965, -0.7503116287545306, -0.1818762580159871, 0.8270358798183082, 0.4940198463668144, 0.7202442290443914, 0.6269466073121646, 0.5157841817670306, -0.07447051758039741, -0.3787457914515651, 1.422559314986916, 0.6675278760624161, -0.2795073536237891, 0.3026142486395876, 0.8446857709260874, 0.6356203849198767, 0.04629176311852118, 0.7908032197383775, 0.08126602585504215, 0.2091796907828267, -0.1535589749497325, 0.1674149428666235, 0.1844744828408788, 0.5324151523730137]
    - time_from_start: 0
      positions: [-2.77893764184262, 0.8394810024794994, 1.280623753900464, 1.850509494073165, 1.543993878559977, 0.3730675554493546, 2.086803930603844, 0.07686841884007381, -0.6752471330769623, 0.4301759926951482, 0.1402676593863533, 0.8493116234854675, 0.1194990649218348, 0.1562076909313527, 1.144756158062253, 0.2483711620689984, -0.5019549886248603, 0.833264074399807, 0.01435198540617204, -0.4153006014370146, 0.386872907863557, 0.3775074742698907, 0.3673392255746685, 0.4233981044731806, 0.668647526766035, 0.08167910940451302, 0.4147806373245618, -0.4329321676984477, 0.6013790246787916, 0.2383867171984098, 0.2786753284162786]
    - time_from_start: 0
      positions: [-2.913942749615481, 0.8922881424860678, 1.368712000626749, 1.848272409602752, 1.508923660709739, 0.3339853360557476, 2.158087643507231, 0.09110331362918153, -0.7212401158028703, 0.4363323129985822, 0.1425038645908655, 0.8701254367252329, 0.08371062770746825, 0.1633344087917809, 1.171147814296985, 0.2547018579955562, -0.5236823392204655, 0.8271669502480348, 0.004606835512191473, -0.4352751217511017, 0.3564393635304756, 0.3892420684179931, 0.3451260326749458, 0.4362921551506379, 0.6412623488063636, 0.03001692206246744, 0.4248713407303214, -0.436266382225686, 0.5749219666857506, 0.2360036872157408, 0.2853948258651532]
  joint_names: [kuka_arm_0_joint, kuka_arm_1_joint, kuka_arm_2_joint, kuka_arm_3_joint, kuka_arm_4_joint, kuka_arm_5_joint, kuka_arm_6_joint, WRJ2, WRJ1, FFJ4, FFJ3, FFJ2, FFJ1, KTHJ5, THJ4, THJ3, THJ2, THJ1, LFJ5, LFJ4, LFJ3, LFJ2, LFJ1, MFJ4, MFJ3, MFJ2, MFJ1, RFJ4, RFJ3, RFJ2, RFJ1]