joint_trajectory:
  points:
    - positions: [0, 0, 0, 0, 0, 0, 0, 0, 0, 0, 0, 0, 0, 0, 0, 0, 0, 0, 0, 0, 0, 0, 0, 0, 0, 0, 0, 0, 0, 0, 0]
      time_from_start: 0
    - time_from_start: 0
      positions: [-0.1710372427604913, -0.213361057192366, 1.712642555829219, -1.815886819789416, -1.159779582961271, 0.702437085614395, 1.866278305662426, 0.08029699903802673, -0.5055197131096827, 0.3248774424494723, 0.5235808772724487, 0.5566909340001075, 0.3629765038858388, 0.08904902971005674, 1.107791557867898, 0.1605446583328938, -0.318254788205495, 0.6890669307455628, 0.1524548616373616, -0.2837236549891293, 0.520406571920856, 0.3027818998861307, 0.6601441160113002, 0.3134151510486208, 0.3170581684713762, 0.6732268803144126, 0.3532792339973001, -0.325252174002448, 0.2689411900626885, 0.3488451397969016, 0.7418012351869279]
    - time_from_start: 0
      positions: [0.1626522761399372, -0.5390748931548189, 1.98516852877512, -2.039586196184957, -2.18695518594141, 0.856089331203139, 2.587540382005932, 0.152780939538234, -0.6370091107256755, 0.4261448869581453, 0.5319301296039423, 0.5020944809091408, 0.1436090817935923, 0.1885830954727758, 1.177193703049685, 0.2392255154980114, -0.3991949768151158, 0.6987117874837986, 0.07371052626831803, -0.4017649862356875, 0.4393421542226695, 0.1035747832530406, 0.6073308973596547, 0.430161599834004, 0.1563809990097632, 0.6751937540523966, 0.3022968676365608, -0.421910007470478, 0.2014308641496865, 0.2125461680391515, 0.7431253936164942]
    - positions: [0.06302355107870129, -0.602285941043573, 2.042206249262481, -2.09439510239, -2.380540871850219, 0.8813530988218377, 2.819097349718289, 0.1698096162617091, -0.6373659896676143, 0.436316126481633, 0.5125520419584165, 0.5075392892045455, 0.07776826253562184, 0.1977909262443455, 1.172837365496278, 0.2615423356361571, -0.4052978086897158, 0.6622609592730193, 0.05044067165577067, -0.4363323129985823, 0.3959705238751238, 0.07599087403958373, 0.5782429648543308, 0.4361445297798272, 0.1242850224103116, 0.6850728734558201, 0.2940434323579253, -0.4344296807666811, 0.1741654222215582, 0.2143525478255157, 0.7148085276403285]
      time_from_start: 0
  joint_names: [kuka_arm_0_joint, kuka_arm_1_joint, kuka_arm_2_joint, kuka_arm_3_joint, kuka_arm_4_joint, kuka_arm_5_joint, kuka_arm_6_joint, WRJ2, WRJ1, FFJ4, FFJ3, FFJ2, FFJ1, KTHJ5, THJ4, THJ3, THJ2, THJ1, LFJ5, LFJ4, LFJ3, LFJ2, LFJ1, MFJ4, MFJ3, MFJ2, MFJ1, RFJ4, RFJ3, RFJ2, RFJ1]