joint_trajectory:
  points:
    - positions: [0, 0, 0, 0, 0, 0, 0, 0, 0, 0, 0, 0, 0, 0, 0, 0, 0, 0, 0, 0, 0, 0, 0, 0, 0, 0, 0, 0, 0, 0, 0]
      time_from_start: 0
    - time_from_start: 0
      positions: [-1.30976635732977, -0.4443303086845822, -1.884310547464321, -1.55749388629117, 0.4174221640325865, -1.252115933647418, -1.394195930119019, -0.4550583341528752, -0.7619811163798739, 0.2001313704746473, 0.4934113813481987, 0.355312833323482, 0.5330767344308043, 0.2250448805151347, 1.03046124020686, 0.162000034143408, -0.2508871619015988, 0.7340263736280664, 0.09103953929019426, -0.2410624903908161, 0.4629333604177977, 0.3906250493056734, 0.7412991279236153, 0.373967768468528, 0.2733279277207364, 0.6807558910515447, 0.5450453912783507, -0.2874322998062345, 0.2738248982831316, 0.318273253860617, 0.4897283730165863]
    - positions: [-1.58244018307623, -0.5059835720925449, -1.832805679269779, -1.592746899041743, 0.2930571767100366, -1.288455951631705, -1.551972296546115, -0.4584567736925941, -0.7758564989622004, 0.2848703661243196, 0.4464281550545726, 0.2760367359836671, 0.4951817780921002, 0.143176843990303, 1.045552597274096, 0.1681305923304935, -0.3426532175348182, 0.7923257635306574, 0.09902763148011244, -0.3387837665906671, 0.3321422301851438, 0.2190478849003057, 0.6414769775695153, 0.3710078314039998, 0.2695918009744421, 0.6368975579427696, 0.4436323627961471, -0.3081404094836172, 0.238381693401334, 0.31808200812943, 0.4793335497944921]
      time_from_start: 0
    - positions: [-1.520537831910121, -0.6296455532672227, -2.045871821472543, -1.69211972059306, 0.1248886752289106, -1.49439510239, -1.427949841153527, -0.4724814891030298, -0.7853981633974481, 0.4363323129985822, 0.2867282459748167, 0.1609960270290369, 0.4837913775608996, 0.3266283994073674, 1.110544264679204, 0.2422679766379181, -0.5236999999999998, 0.8113704628549502, 0.04858287497645807, -0.4363323129985822, 0.3184221651099765, 0.1208087211856497, 0.443811447765617, 0.4359767481566127, 0.1938894407794202, 0.4972292682014376, 0.2459447850575673, -0.4363323129985824, 0.1498551595837684, 0.3412723159858079, 0.4390155801017858]
      time_from_start: 0
  joint_names: [kuka_arm_0_joint, kuka_arm_1_joint, kuka_arm_2_joint, kuka_arm_3_joint, kuka_arm_4_joint, kuka_arm_5_joint, kuka_arm_6_joint, WRJ2, WRJ1, FFJ4, FFJ3, FFJ2, FFJ1, KTHJ5, THJ4, THJ3, THJ2, THJ1, LFJ5, LFJ4, LFJ3, LFJ2, LFJ1, MFJ4, MFJ3, MFJ2, MFJ1, RFJ4, RFJ3, RFJ2, RFJ1]