joint_trajectory:
  joint_names: [kuka_arm_0_joint, kuka_arm_1_joint, kuka_arm_2_joint, kuka_arm_3_joint, kuka_arm_4_joint, kuka_arm_5_joint, kuka_arm_6_joint, WRJ2, WRJ1, FFJ4, FFJ3, FFJ2, FFJ1, KTHJ5, THJ4, THJ3, THJ2, THJ1, LFJ5, LFJ4, LFJ3, LFJ2, LFJ1, MFJ4, MFJ3, MFJ2, MFJ1, RFJ4, RFJ3, RFJ2, RFJ1]
  points:
    - time_from_start: 0
      positions: [0, 0, 0, 0, 0, 0, 0, 0, 0, 0, 0, 0, 0, 0, 0, 0, 0, 0, 0, 0, 0, 0, 0, 0, 0, 0, 0, 0, 0, 0, 0]
    - positions: [-2.198540163896578, 1.159900680046869, 0.9031209645331058, 0.6972310448781944, 0.9829225647348223, 0.09925498267064303, 2.756939595075452, -0.314419913440653, -0.3102860978728642, 0.03170028212018272, 0.8372285821798232, 0.7273540808947327, 0.4970828326708178, -0.2181931446581148, 0.01224188437778503, 0.002731370384152998, 0.3606639872036874, 0.743882301255595, 0.05410003223651096, -0.007660353319384305, 1.448878711563769, 0.5067584945809434, 0.02323278744163589, 0.4130215287791063, 1.145836604393139, 0.305962372902839, 1.23970140164413, 0.1134354726745022, 0.2051228481893315, 0.8320163330687426, 0.5980099503357802]
      time_from_start: 0
    - time_from_start: 0
      positions: [-0.3670268046351409, -1.161646877076017, -0.2696799199735436, 1.261899945214256, 0.8717732357700148, 1.644266548574475, 2.273134445039332, -0.4018703495273331, -0.703072539982622, 0.4357208452496813, 0.4043664508898748, 0.1282355716813335, 0.437017334249745, 0.31458071196248, 1.132993827649919, 0.2616693904162369, -0.4426915021511028, 0.7111952734886272, 0.003257899011809679, -0.4363223725876502, 0.2061096127549434, 0.1675032607771164, 0.5812650319934728, 0.4361647190059147, 0.599809959029366, 0.0989395817261654, 0.2527786326378433, -0.4360566070586789, 0.07260339033583711, 0.591046294067982, 0.3184067181195439]