joint_trajectory:
  joint_names: [kuka_arm_0_joint, kuka_arm_1_joint, kuka_arm_2_joint, kuka_arm_3_joint, kuka_arm_4_joint, kuka_arm_5_joint, kuka_arm_6_joint, WRJ2, WRJ1, FFJ4, FFJ3, FFJ2, FFJ1, KTHJ5, THJ4, THJ3, THJ2, THJ1, LFJ5, LFJ4, LFJ3, LFJ2, LFJ1, MFJ4, MFJ3, MFJ2, MFJ1, RFJ4, RFJ3, RFJ2, RFJ1]
  points:
    - positions: [0, 0, 0, 0, 0, 0, 0, 0, 0, 0, 0, 0, 0, 0, 0, 0, 0, 0, 0, 0, 0, 0, 0, 0, 0, 0, 0, 0, 0, 0, 0]
      time_from_start: 0
    - positions: [-1.011934389738653, 1.23843671561372, 0.2474640489308771, 1.395801041208302, -1.54865847022286, 0.7819459959491002, -0.3030804830440287, 0.1110593885718263, -0.6154497162291007, 0.3941195630667743, 0.03911675555279104, 0.317731475203346, 0.7867943486959794, 0.4139024332986321, 1.076887309477757, 0.1628745681826605, -0.2759211775453543, 0.3046719328031555, 0.08783129367157258, -0.3597175741912172, 0.101842299048726, 0.172688557038216, 0.8354693064157253, 0.4121338267905456, 0.4122137114165303, 0.134492950684009, 0.8039002936314166, -0.3710893962295067, 0.3204556001474343, 0.0262598928228671, 0.7906922307215694]
      time_from_start: 0
    - time_from_start: 0
      positions: [-1.200828925037064, 1.379571837701109, 0.4708723664567588, 1.392685498672403, -1.612065023231075, 0.8473060466108843, -0.288519396393486, 0.1296457395690466, -0.7218590231971943, 0.4271955957682378, 0.02043714202506649, 0.3323944061694281, 0.7354105835134633, 0.4841952724829077, 1.138242316892751, 0.1894109516129577, -0.3009147460433644, 0.2877196255754604, 0.03913761354563282, -0.4193006567044686, 0.08939589020634586, 0.1214393863103225, 0.8393625829882887, 0.4305190738940508, 0.330460836381696, 0.03010862689976113, 0.7736014106675755, -0.4219385765951444, 0.3318507962344626, 0.006302017130934643, 0.7469063809598322]
    - positions: [-1.255986431386675, 1.418976902776969, 0.5370765442566131, 1.388816259370913, -1.629405790879245, 0.8654236480332753, -0.2840005302539091, 0.1348121152751023, -0.7521171444024506, 0.4363323129985822, 0.01548283934782209, 0.3369440870188832, 0.7198047173055947, 0.5041354505300828, 1.154982417628155, 0.1969761044016776, -0.3078682733472565, 0.2832249080868085, 0.02507948089973578, -0.4363323129985823, 0.08631696439666524, 0.106813595740884, 0.83996636318878, 0.4352229984829965, 0.3062490980963709, 4.162764977529057e-05, 0.7644340287936969, -0.4363323129985823, 0.3354361873260703, 0.001025707209494222, 0.7333918045022899]
      time_from_start: 0