joint_trajectory:
  points:
    - positions: [0, 0, 0, 0, 0, 0, 0, 0, 0, 0, 0, 0, 0, 0, 0, 0, 0, 0, 0, 0, 0, 0, 0, 0, 0, 0, 0, 0, 0, 0, 0]
      time_from_start: 0
    - time_from_start: 0
      positions: [-0.3082761173520155, 0.7989642825982977, 1.748262478682501, 1.595220946446208, -0.787993339978828, -0.6387543737424963, -0.564180546869461, -0.1076112263059449, -0.5554307736539859, 0.3019294221084214, 0.2499157227210803, 1.027077749293946, 0.2069315778148593, 0.2590842676492682, 1.146041944979609, 0.0687987102886659, -0.2944910554462921, 0.6988101186699158, 0.08221148382863047, -0.3029184524018239, 0.2092121569529805, 0.5066395533524364, 0.5597897123044723, 0.2914085784721314, 0.5418577049751808, 0.3702964992963214, 0.471173378638893, -0.3543699355760159, 0.4122783270054816, 0.4477577712718797, 0.3793633341219202]
    - time_from_start: 0
      positions: [-0.5473188095613859, 0.9779770011643665, 1.689902410958146, 1.651521375612746, -0.9913984326063725, -0.8333285324452233, -0.7266448022646621, -0.1120036868839217, -0.5775541356677349, 0.3226022068293621, 0.189986638659831, 1.019350214332636, 0.18918864674482, 0.2706685944295634, 1.149241342333845, 0.09874204401469117, -0.2994980199341545, 0.6927705798040773, 0.02562026641180623, -0.330692951474531, 0.1446911768105682, 0.4379680127770883, 0.5257921465924295, 0.3452460136265782, 0.4856406372523273, 0.3177797723868945, 0.4595480458401933, -0.4265231948434075, 0.3403544962009522, 0.4183663236210937, 0.3146532590177366]
    - time_from_start: 0
      positions: [-0.9049369885020315, 1.073576056327642, 1.903895812874109, 1.602159020570823, -1.525369544394567, -0.942804938524239, -0.8987879161397327, -0.1284128567109413, -0.5680683478658671, 0.4362611337357686, 0.0242929340836954, 0.9511949323163301, 0.05755081869293665, 0.263790546276027, 1.266320849668291, 0.144646082300152, -0.3932818725098394, 0.6456152365356943, 0.01751679967633632, -0.4363323129985824, 0.1405588475303327, 0.428518342447976, 0.4483531631797757, 0.4362019416225673, 0.4092109409968727, 0.2878866799933075, 0.3293407760465094, -0.4361445738935272, 0.2433516695555822, 0.4531210772997921, 0.3210998588247047]
  joint_names: [kuka_arm_0_joint, kuka_arm_1_joint, kuka_arm_2_joint, kuka_arm_3_joint, kuka_arm_4_joint, kuka_arm_5_joint, kuka_arm_6_joint, WRJ2, WRJ1, FFJ4, FFJ3, FFJ2, FFJ1, KTHJ5, THJ4, THJ3, THJ2, THJ1, LFJ5, LFJ4, LFJ3, LFJ2, LFJ1, MFJ4, MFJ3, MFJ2, MFJ1, RFJ4, RFJ3, RFJ2, RFJ1]