joint_trajectory:
  points:
    - time_from_start: 0
      positions: [0, 0, 0, 0, 0, 0, 0, 0, 0, 0, 0, 0, 0, 0, 0, 0, 0, 0, 0, 0, 0, 0, 0, 0, 0, 0, 0, 0, 0, 0, 0]
    - time_from_start: 0
      positions: [2.955712159012157, -1.341637419665267, -1.555279109702554, 1.02812359420435, 1.202162250425807, 1.02389639329195, 0.3661670088818259, -0.5063667815245145, -0.3212197606688856, -0.3020659493195709, 0.06836817772881272, 0.1477858057001165, 0.9193970293737805, -0.3422369605223649, 1.251335617265664, 0.232455916917324, -0.2281131247016602, 0.7180434059000108, 0.5396114266402816, 0.1418185955677201, 1.419102782362607, 0.3956326961914526, 0.2394680783944924, -0.2672008534166352, 1.374149727624723, 0.3265364464440916, 1.531999192196594, 0.3827978606991587, 1.346550154951825, 0.1783013745788089, 0.683689230855741]
    - positions: [-2.890359642272019, 0.3771964706462722, 0.7054703845837446, -1.381523960164498, 2.865177350321463, 0.6898774583830929, 2.965952660455144, -0.1894977337992988, -0.3922650528076853, 0.4362756668753596, 0.1920846953187251, 0.0893302848112069, 0.7114966952484632, 0.6281845145208348, 1.138306419336515, 0.225364647614687, -0.5235912150903769, 0.4367124545632112, 0.008701513611164018, -0.4350121106974355, 0.003721025830943014, 0.8815252384215654, 0.1047200559341839, 0.4363255214653959, 0.005395827510525799, 0.8236504832654811, 0.1792202062848388, -0.4363311524606403, 0.4048795674794572, 0.08666823548203108, 0.4951526932860814]
      time_from_start: 0
  joint_names: [kuka_arm_0_joint, kuka_arm_1_joint, kuka_arm_2_joint, kuka_arm_3_joint, kuka_arm_4_joint, kuka_arm_5_joint, kuka_arm_6_joint, WRJ2, WRJ1, FFJ4, FFJ3, FFJ2, FFJ1, KTHJ5, THJ4, THJ3, THJ2, THJ1, LFJ5, LFJ4, LFJ3, LFJ2, LFJ1, MFJ4, MFJ3, MFJ2, MFJ1, RFJ4, RFJ3, RFJ2, RFJ1]