joint_trajectory:
  joint_names: [kuka_arm_0_joint, kuka_arm_1_joint, kuka_arm_2_joint, kuka_arm_3_joint, kuka_arm_4_joint, kuka_arm_5_joint, kuka_arm_6_joint, WRJ2, WRJ1, FFJ4, FFJ3, FFJ2, FFJ1, KTHJ5, THJ4, THJ3, THJ2, THJ1, LFJ5, LFJ4, LFJ3, LFJ2, LFJ1, MFJ4, MFJ3, MFJ2, MFJ1, RFJ4, RFJ3, RFJ2, RFJ1]
  points:
    - time_from_start: 0
      positions: [0, 0, 0, 0, 0, 0, 0, 0, 0, 0, 0, 0, 0, 0, 0, 0, 0, 0, 0, 0, 0, 0, 0, 0, 0, 0, 0, 0, 0, 0, 0]
    - time_from_start: 0
      positions: [-2.664498665091766, 1.021895665346463, -0.3958773256247128, -2.04971742622306, -0.9623950372879271, 1.455298793846157, -2.627961938893248, -0.01480873366668127, -0.3835038672024136, 0.3205519556499098, 0.2430060683814098, 0.1715401649286687, 0.7686697989549347, 0.482270442114883, 1.197899343806599, 0.1026078099723232, -0.5098659146633868, 0.6891733419510804, 0.04898146832929796, -0.3845149535831908, 0.06207582162941604, 0.1575892975579287, 0.8405198906712537, 0.3599368349661876, 0.1076263549216046, 0.1625551212179417, 0.5672789199034636, -0.3670880880341885, 0.1273862050508565, 0.3617779081757508, 0.5105086605828227]
    - positions: [-2.799889181446121, 1.271897426095796, -0.4910211591249007, -2.077532054447106, -1.372894696062253, 1.443681484198604, -2.842495898445847, 0.008655297475675644, -0.3457253246416025, 0.3926566782088763, 0.1737589888403988, 0.06737106886383087, 0.7456221714341201, 0.4870758357557003, 1.210008133669567, 0.1278039745517777, -0.5166148651321385, 0.7017577108186697, 0.03031847882743347, -0.4175145620457473, 0.02271728490690604, 0.0667829785188099, 0.8268269025746819, 0.3983975322357166, 0.06748527052722772, 0.1590558517467599, 0.6260587191062834, -0.4109294898696038, 0.09022264146575065, 0.3660724165064896, 0.4586901376636202]
      time_from_start: 0
    - positions: [-2.873780275815457, 1.419503553830647, -0.5501597981812294, -2.092634579998673, -1.618512180057865, 1.434697274144981, -2.96251431038993, 0.02237242858216257, -0.3230512745988314, 0.4351613281410797, 0.1335322049617038, 0.00668542966464839, 0.7321968177119936, 0.4890200604052639, 1.216736413008777, 0.1425391279754557, -0.5196835265715906, 0.708824234721222, 0.01944876589341846, -0.4363323129985823, 0.0006526693054678489, 0.01404387136257293, 0.8179463280958831, 0.4207705095546495, 0.04442095334844486, 0.1585654280613323, 0.6616202529297415, -0.4363323129985822, 0.06903964848454984, 0.3695941563022849, 0.427883655823471]
      time_from_start: 0