joint_trajectory:
  points:
    - time_from_start: 0
      positions: [0, 0, 0, 0, 0, 0, 0, 0, 0, 0, 0, 0, 0, 0, 0, 0, 0, 0, 0, 0, 0, 0, 0, 0, 0, 0, 0, 0, 0, 0, 0]
    - positions: [0.4835285677212251, 0.2508351516603687, 0.04307512116431086, -1.239604467930205, 1.03028553384865, 0.9544658185856911, -1.724132490942989, 0.03303440981383444, -0.5557855735318746, 0.258392119115688, 0.106857476980232, 0.4124394132342533, 0.2832715087684439, 0.4120961215163464, 0.9018622995732396, -0.02847619807803055, -0.3165179674479096, 0.5389676443853116, 0.05177582976919477, -0.2708888019371505, 0.2196693220081732, 0.5361540311885937, 0.2230365864443465, 0.2485702372396325, 0.1599033493553525, 0.2242135905941391, 0.659956694484404, -0.281499658546249, 0.1134013384247473, 0.1867309584679881, 0.5453742944343321]
      time_from_start: 0
    - positions: [0.6294862125275051, 0.2690830578704995, 0.3528969350058243, -1.934706096131188, 1.482773461187895, 1.36738205582117, -2.684065761057612, 0.1022819587117713, -0.7816645393507869, 0.3460800262041671, 0.007221140811675819, 0.4486444512100679, 0.3039520956110089, 0.6375771491209905, 1.169406190703997, -0.042951018438332, -0.4426320161156482, 0.6323205528273175, 0.01589382938107025, -0.3494840690284096, 0.1360613848183812, 0.6426072208195912, 0.2456560761764478, 0.3332485418358619, 0.04217026320638977, 0.1723278863825101, 0.7339158590199193, -0.3820618294573718, 0.06253640082056321, 0.174165531972534, 0.6312586745695483]
      time_from_start: 0
    - positions: [0.9885858458898766, 0.4693263938722866, 0.3883864994391057, -2.09439510239, 1.885353238625654, 1.336688117833297, -2.952850312174863, 0.1593811803774333, -0.7853981633974481, 0.4363323129985822, 1.318846510063988e-16, 0.4206865752274326, 0.2866313787362093, 0.675218186601108, 1.303494995466841, -0.02303582735686797, -0.5237000000000001, 0.6906783855639956, 0.0107668788734493, -0.4363323129985823, 1.849964407421559e-17, 0.5961358064507472, 0.0836208082949345, 0.4313531840436096, 0.008021270734117507, 0.02642942377114016, 0.6629260108115483, -0.4363323129985823, 0.05942708644550621, 0.02885909610235141, 0.6108656381227318]
      time_from_start: 0
  joint_names: [kuka_arm_0_joint, kuka_arm_1_joint, kuka_arm_2_joint, kuka_arm_3_joint, kuka_arm_4_joint, kuka_arm_5_joint, kuka_arm_6_joint, WRJ2, WRJ1, FFJ4, FFJ3, FFJ2, FFJ1, KTHJ5, THJ4, THJ3, THJ2, THJ1, LFJ5, LFJ4, LFJ3, LFJ2, LFJ1, MFJ4, MFJ3, MFJ2, MFJ1, RFJ4, RFJ3, RFJ2, RFJ1]