joint_trajectory:
  points:
    - positions: [0, 0, 0, 0, 0, 0, 0, 0, 0, 0, 0, 0, 0, 0, 0, 0, 0, 0, 0, 0, 0, 0, 0, 0, 0, 0, 0, 0, 0, 0, 0]
      time_from_start: 0
    - positions: [-2.400607796062609, -1.419090082039302, -2.594001750607534, -1.830747930073135, -1.655925705999168, -0.5292809076259763, -2.906812825498327, 0.03821522755603279, -0.5833646100705958, 0.1424246510345852, 1.153460625369905, 0.3182930204666228, 0.440751283401571, 0.5996310616862028, 0.1580138259131927, 0.0514463875291869, 0.5172999504974112, 0.2435617002248764, 0.4031130989256124, -0.01485866387537266, 0.7533411945393877, 0.943737286397395, 0.7687268937926133, 0.07745069178298619, 0.9447313549586233, 1.446193226262535, 0.1410801973789208, -0.174874357031598, 0.789763231160437, 0.009284401178261131, 0.2585301189420779]
      time_from_start: 0
    - positions: [-2.584215822628799, 0.2747258216723398, 0.5192174587546763, -1.083798364939082, -1.387751576435358, 0.9830976897909078, -1.669306422425111, 0.1487924887199498, 0.05403946011343885, -0.3767826743710752, 1.264504495958203, 0.05927917047234926, 0.1334324427506956, -0.4015099398815073, 1.262632988015888, 0.03505934336371719, 0.269653503273474, 0.06449710311065428, 0.4120670546646029, -0.2088890196439068, 0.2271048735888546, 0.4463790842677633, 0.7757192753847801, -0.326288557780504, 0.822245980494371, 0.5615550152472349, 0.8276607058794007, 0.1926846027982355, 1.334572784549166, 0.1990738373666265, 1.091266235866991]
      time_from_start: 0
    - time_from_start: 0
      positions: [2.96705972839, -1.56838543641083, 1.251536217112433, -1.87289187019013, 0.2467455471231405, -0.1982285257921463, 0.9499913641834858, -0.06668993487158623, -0.7532105842436514, 0.4363323129985823, 0.1399350167070708, 0.6436453527426464, 0.2790057648513898, 0.4536553622185815, 1.120024459829472, 0.2556282207921834, -0.5236999999999999, 0.5590753685956148, 0.004063425565449053, -0.4363323129985822, 0.4953637595195962, 0.07279235919488145, 0.450245085983227, 0.4363323129985824, 0.07311873136563295, 0.3979877425769394, 0.5895393617848462, -0.4257986460251005, 0.1428620537662398, 0.2204502317912068, 0.7108875699792911]
  joint_names: [kuka_arm_0_joint, kuka_arm_1_joint, kuka_arm_2_joint, kuka_arm_3_joint, kuka_arm_4_joint, kuka_arm_5_joint, kuka_arm_6_joint, WRJ2, WRJ1, FFJ4, FFJ3, FFJ2, FFJ1, KTHJ5, THJ4, THJ3, THJ2, THJ1, LFJ5, LFJ4, LFJ3, LFJ2, LFJ1, MFJ4, MFJ3, MFJ2, MFJ1, RFJ4, RFJ3, RFJ2, RFJ1]