joint_trajectory:
  joint_names: [kuka_arm_0_joint, kuka_arm_1_joint, kuka_arm_2_joint, kuka_arm_3_joint, kuka_arm_4_joint, kuka_arm_5_joint, kuka_arm_6_joint, WRJ2, WRJ1, FFJ4, FFJ3, FFJ2, FFJ1, KTHJ5, THJ4, THJ3, THJ2, THJ1, LFJ5, LFJ4, LFJ3, LFJ2, LFJ1, MFJ4, MFJ3, MFJ2, MFJ1, RFJ4, RFJ3, RFJ2, RFJ1]
  points:
    - time_from_start: 0
      positions: [0, 0, 0, 0, 0, 0, 0, 0, 0, 0, 0, 0, 0, 0, 0, 0, 0, 0, 0, 0, 0, 0, 0, 0, 0, 0, 0, 0, 0, 0, 0]
    - positions: [-1.654476171263403, 0.5916961312256053, 0.1261673148341189, 0.7566354667392892, 0.6794069352817207, -1.378920127308985, -1.081038461565583, -0.2677775297092636, 0.2456146985663235, 0.3293772014825307, 0.1956895647409552, 1.546936714427164, 1.295567365897037, -0.4429024125421419, 0.4394979631179012, -0.02255656339423731, 0.245981437025778, 0.1318536074715666, 0.4151664315933942, -0.3197850831259502, 1.482955886169053, 0.4430016606588096, 0.5720166170949111, 0.2658341026955055, 1.38409799554141, 0.9019241592958047, 0.3892651126474876, -0.1197802599317874, 0.1693191877718456, 1.39337043224416, 0.6062391615040024]
      time_from_start: 0
    - positions: [1.638675322423426, -1.227848900461977, 1.095078406227709, -1.721640714259409, -0.001698615379893907, -0.2647089204041441, 0.9795329551865465, -0.1201924692418075, -0.5381301735796952, 0.4361819077176835, 0.07233735652118289, 0.1005667088183538, 0.721827184629392, 0.6936361184147166, 1.070194135935792, 0.2506835499638949, -0.5179187812899038, 0.4746956767169445, 0.005332896122302865, -0.4363323129985823, 0.03288105799962267, 0.7856621113036455, 0.07131772473057796, 0.4363043349358802, 0.02893770951307786, 0.1599718088397715, 0.7129809752379817, -0.4361175371276581, 0.03989441876112039, 0.5577998872605904, 0.2881784874895987]
      time_from_start: 0