joint_trajectory:
  joint_names: [kuka_arm_0_joint, kuka_arm_1_joint, kuka_arm_2_joint, kuka_arm_3_joint, kuka_arm_4_joint, kuka_arm_5_joint, kuka_arm_6_joint, WRJ2, WRJ1, FFJ4, FFJ3, FFJ2, FFJ1, KTHJ5, THJ4, THJ3, THJ2, THJ1, LFJ5, LFJ4, LFJ3, LFJ2, LFJ1, MFJ4, MFJ3, MFJ2, MFJ1, RFJ4, RFJ3, RFJ2, RFJ1]
  points:
    - positions: [0, 0, 0, 0, 0, 0, 0, 0, 0, 0, 0, 0, 0, 0, 0, 0, 0, 0, 0, 0, 0, 0, 0, 0, 0, 0, 0, 0, 0, 0, 0]
      time_from_start: 0
    - time_from_start: 0
      positions: [-0.6340427777662874, 0.6640688705490412, 2.42064047202778, -0.221553217243311, 0.900578440950603, -0.9826601572543738, 0.1791348878001018, -0.1296388764900402, -0.4531092135762133, 0.2459676564862154, 0.005111138065114392, 1.221815945511719, 1.472130950329916, 0.4298072305507958, 1.298334502533078, -0.1824341990265064, -0.3443330193362665, 1.42444119786541, 0.08044727331882563, 0.3045444610928681, 1.169193419126723, 1.2566946463495, 1.00485867157109, -0.01153030662006022, 1.090411160981121, 0.3573908150808671, 0.1740336446278823, -0.1437338143918907, 0.2588414374183125, 0.2071640424246868, 0.6496986968422419]
    - positions: [-2.96705972839, 1.558667995120844, -0.6847205953504267, -1.660358755929343, -1.367701058853899, 1.370792460927592, 2.739796858401917, -0.1468572260310577, -0.6399356240153846, 0.4363323129985822, 0.3821595961677439, 0.1032445205987337, 0.551639590014679, 0.4571028892029323, 1.119860864781257, 0.2611502609627712, -0.5236999999999998, 0.5897842651705751, 0.03225166409208191, -0.4363323129985823, 0.2308490863926474, 0.3068916768689705, 0.4481224816752396, 0.4363323129985824, 0.2673193812048489, 0.1871198713361516, 0.5833260406468671, -0.4363323129985823, 0.3315878436557058, 1.841746545362688e-16, 0.6997910759249021]
      time_from_start: 0