joint_trajectory:
  points:
    - time_from_start: 0
      positions: [0, 0, 0, 0, 0, 0, 0, 0, 0, 0, 0, 0, 0, 0, 0, 0, 0, 0, 0, 0, 0, 0, 0, 0, 0, 0, 0, 0, 0, 0, 0]
    - time_from_start: 0
      positions: [0.788044390641752, -1.360542230166448, -2.500582375500992, 2.048944469104949, 2.894099266685668, -0.05793518048864432, -0.9562025964266083, -0.3262717492987759, -0.09877454050465517, -0.4240688111395848, 1.12838448324801, 0.2891773577624944, 1.292155749138087, 0.06709242981020358, 0.4562471186954062, 0.1133629739679396, 0.06702749968525024, 0.2287420631013811, 0.2980140908113367, -0.3406266465242138, 0.116930846775896, 0.02195879572334254, 0.02776179602443683, -0.3395638381650908, 1.227172074078813, 0.06138039152806235, 1.546451529965856, -0.07924429213173528, 0.3075283780646634, 0.3019059808521264, 0.1852528869943249]
    - time_from_start: 0
      positions: [-2.960605281890683, -0.3695610192986849, 1.50696951609598, 1.577023986610948, -0.8298730599070514, 0.2606298119518013, -2.751290828520699, -0.463413603948449, -0.6621347552547473, -0.3804280012738901, 1.38318694026659, 0.2561887031955783, 0.9400418053800745, -0.3401802083104849, 1.11830510177929, 0.1203110013803467, -0.4699134632133879, 0.07351718735299073, 0.4686585651268968, -0.02866980058687552, 0.2136556781302076, 1.039813269696011, 0.335713444199998, 0.03994867324163837, 0.04025710196690251, 1.271506970587928, 0.8741730290413543, -0.274371537780612, 1.417800424662756, 0.6930798157484083, 1.200687993264911]
    - time_from_start: 0
      positions: [0.6438359398158474, -1.570769077457699, 0.6586591774211007, 1.88674343294851, -0.5501244212701154, 1.703791000792479, 2.119346705041441, 0.143520706209013, -0.6396411558681403, 0.4349166566845417, 0.1230346236337822, 0.6845154340900392, 0.1152595952994559, 0.3536163968670831, 1.190762841501213, 0.1841297673515972, -0.5233752075554788, 0.7855835068725665, 0.007637464934768192, -0.4361087578379377, 0.281605614040403, 0.5785233070681215, 0.04761086770957557, 0.4363323129985823, 0.2956473082285435, 0.2439418702917059, 0.3845685686686142, -0.4362752962856224, 0.5164932571658053, 0.2896223386608421, 0.1036388657061863]
  joint_names: [kuka_arm_0_joint, kuka_arm_1_joint, kuka_arm_2_joint, kuka_arm_3_joint, kuka_arm_4_joint, kuka_arm_5_joint, kuka_arm_6_joint, WRJ2, WRJ1, FFJ4, FFJ3, FFJ2, FFJ1, KTHJ5, THJ4, THJ3, THJ2, THJ1, LFJ5, LFJ4, LFJ3, LFJ2, LFJ1, MFJ4, MFJ3, MFJ2, MFJ1, RFJ4, RFJ3, RFJ2, RFJ1]