joint_trajectory:
  points:
    - time_from_start: 0
      positions: [0, 0, 0, 0, 0, 0, 0, 0, 0, 0, 0, 0, 0, 0, 0, 0, 0, 0, 0, 0, 0, 0, 0, 0, 0, 0, 0, 0, 0, 0, 0]
    - time_from_start: 0
      positions: [0.1983368788121633, 1.327250427886499, 0.2161972277350026, 0.4533069028970598, 0.1693939074917132, 0.5072254330005865, -1.087147546590955, -0.04348912249079867, 0.01374528503899253, -0.01993019591234024, 0.8845842487218397, 1.243442306999271, 0.005881184494922402, -1.011577462462708, 0.3652870376051869, -0.2555457389708608, -0.1044242552443873, 1.35481275087106, 0.1712457809471568, -0.1231899038238082, 1.108448906885583, 0.9474937871907195, 1.021421850545354, -0.02883655699326665, 1.168742100121762, 1.539870203118625, 1.201593609044583, 0.1780398949588001, 0.8137580774991681, 0.5042083189616149, 1.107616814077009]
    - time_from_start: 0
      positions: [0.8125398929529767, -0.6561583644826232, 1.662029815356448, -1.795819811928251, 1.409795806006508, -1.103171100319973, -1.121491751941246, -0.1767484648140243, -0.4286219495215795, 0.4363213473157529, 0.06933065490133064, 0.2062164293273469, 0.6009023034511093, 0.4697937394764249, 1.089555144089735, 0.2570816736532829, -0.521570665403706, 0.7366142584541355, 0.02213038818524755, -0.4359370341031852, 0.0001504070328080552, 0.03378285326850615, 0.8213631639591823, 0.4332237736584729, 0.05410748324705143, 0.05502064878628506, 0.7506243487080363, -0.4356985946136014, 0.1931346550858219, 0.09911318611589903, 0.5795104925024028]
  joint_names: [kuka_arm_0_joint, kuka_arm_1_joint, kuka_arm_2_joint, kuka_arm_3_joint, kuka_arm_4_joint, kuka_arm_5_joint, kuka_arm_6_joint, WRJ2, WRJ1, FFJ4, FFJ3, FFJ2, FFJ1, KTHJ5, THJ4, THJ3, THJ2, THJ1, LFJ5, LFJ4, LFJ3, LFJ2, LFJ1, MFJ4, MFJ3, MFJ2, MFJ1, RFJ4, RFJ3, RFJ2, RFJ1]