joint_trajectory:
  points:
    - positions: [0, 0, 0, 0, 0, 0, 0, 0, 0, 0, 0, 0, 0, 0, 0, 0, 0, 0, 0, 0, 0, 0, 0, 0, 0, 0, 0, 0, 0, 0, 0]
      time_from_start: 0
    - time_from_start: 0
      positions: [0.9139897083075277, -0.2963128010394684, 2.767027091912883, -1.21871615254723, 1.503357676769645, 1.475787260944236, -2.549562605702589, 0.1681768362904362, 0.5495964325749054, -0.1006773462251035, 0.5572338028399781, 0.4869863985824148, 0.9423984976486168, -0.5299888859046623, 0.6518267447210382, 0.225161378870625, -0.1619552687148564, 0.8162133292206563, 0.3979622002912789, -0.3813186461188546, 1.249972646031226, 1.273272809627921, 0.5064317009915368, -0.3381110804582503, 0.9893547513477722, 1.367416847950423, 1.219896422173016, -0.09140362447070188, 0.1762608781553774, 0.1621227506856633, 0.4661542896986695]
    - positions: [-1.619481592673988, 1.230268863826084, 0.06856762195609865, -1.739098522103237, -1.443602249160326, 1.634351003290204, 2.32814567763459, 0.1250278036387635, -0.6433448557506269, 0.3519373097308918, 0.44712723606801, 0.2623508205308747, 0.4041607456679799, 0.2340010099519986, 1.094878199659578, 0.1812403355908681, -0.5020934246262385, 0.5961470902789769, 0.06497705957677362, -0.3728310472570857, 0.7417234371577595, 0.05906273065903484, 0.3912266801622617, 0.402145913980201, 0.4676250663718718, 0.4937633075403816, 0.3352594540457243, -0.4085452142722502, 0.2162672476721488, 0.7488379078630977, 0.2456358391320611]
      time_from_start: 0
    - time_from_start: 0
      positions: [-1.715626892333921, 1.350770748401722, -0.04517705325907331, -1.794592916817414, -1.94108310950635, 1.690921223962282, 2.839572522797253, 0.1648890528090829, -0.7529043775085352, 0.4363321230239768, 0.4518804277112263, 0.2571145831071853, 0.382572137780432, 0.3696996557663505, 1.185421228571965, 0.212378990037284, -0.5236842054983353, 0.6103498576835101, 0.000756141984792633, -0.4362830446033482, 0.7386574053602271, 0.03654403384209703, 0.30401954055671, 0.4362817019154259, 0.4514104916398032, 0.3765220880638778, 0.26586089186411, -0.4363046418176119, 0.2114679391301132, 0.6777602380190272, 0.2025723295428083]
  joint_names: [kuka_arm_0_joint, kuka_arm_1_joint, kuka_arm_2_joint, kuka_arm_3_joint, kuka_arm_4_joint, kuka_arm_5_joint, kuka_arm_6_joint, WRJ2, WRJ1, FFJ4, FFJ3, FFJ2, FFJ1, KTHJ5, THJ4, THJ3, THJ2, THJ1, LFJ5, LFJ4, LFJ3, LFJ2, LFJ1, MFJ4, MFJ3, MFJ2, MFJ1, RFJ4, RFJ3, RFJ2, RFJ1]