joint_trajectory:
  joint_names: [kuka_arm_0_joint, kuka_arm_1_joint, kuka_arm_2_joint, kuka_arm_3_joint, kuka_arm_4_joint, kuka_arm_5_joint, kuka_arm_6_joint, WRJ2, WRJ1, FFJ4, FFJ3, FFJ2, FFJ1, KTHJ5, THJ4, THJ3, THJ2, THJ1, LFJ5, LFJ4, LFJ3, LFJ2, LFJ1, MFJ4, MFJ3, MFJ2, MFJ1, RFJ4, RFJ3, RFJ2, RFJ1]
  points:
    - time_from_start: 0
      positions: [0, 0, 0, 0, 0, 0, 0, 0, 0, 0, 0, 0, 0, 0, 0, 0, 0, 0, 0, 0, 0, 0, 0, 0, 0, 0, 0, 0, 0, 0, 0]
    - time_from_start: 0
      positions: [-1.63203459647467, 0.8489770358062251, -2.362594208703816, -1.720544157491786, -0.1532822520598427, -0.002075357300895531, 0.5708364871461789, -0.2928807955457021, -0.4826208122757517, 0.4259418076915272, 0.0363785300330626, 0.8591487235005477, 0.225092331390817, 0.2178932919510771, 1.206607740509558, 0.241923315395388, -0.4376246829207008, 1.045539152564508, 0.006272241878028067, -0.1819185655518972, 0.2801885015925432, 0.5750229843203608, 0.07771859636151313, 0.421226052482102, 0.9590483190720189, 0.370529756657161, 0.142208650011856, -0.073285423399926, 0.2733366697592183, 0.5079276301419992, 0.1653608324090878]
    - positions: [-2.136786611651444, 1.253181584107206, -2.121878612715709, -1.601623544938728, 0.08271781697983135, 0.2310397071497252, 0.7025757421690455, -0.07837330280149957, -0.691818701200868, 0.4217407415648148, 0.1873911974912885, 0.9082423185989048, 0.02499465738620502, 0.1989086735176747, 1.18881188308518, 0.2326747170305808, -0.519595588010226, 0.7485567018544879, 0.07268353594897572, -0.4338981329658744, 0.3023497705520503, 0.5805745823724437, 0.1702511275957455, 0.4296740034263298, 0.6388923024556791, 0.0340799542244358, 0.4430717768378478, -0.4198167740516332, 0.6438175792912684, 0.3035552902486754, 0.1873477250675173]
      time_from_start: 0
    - positions: [-2.156645723601628, 1.26425516283915, -2.118012034434039, -1.599765893237701, 0.08211152994919463, 0.2241128724206864, 0.6962178019654357, -0.07922586100293984, -0.6916774492961113, 0.4229495744111718, 0.1844682462635113, 0.9097319775857765, 0.017872147506547, 0.2015499630014574, 1.188577000896398, 0.2343061184971751, -0.5236999999999998, 0.7494267779894389, 0.07242192652786282, -0.4360733846130221, 0.3028430201784509, 0.5794592920784237, 0.1656876897871342, 0.4316717759991856, 0.6415608572300262, 0.03096691942609874, 0.4386329775953007, -0.4206478763373309, 0.6463576876367095, 0.3012349601557152, 0.1872571159458207]
      time_from_start: 0