joint_trajectory:
  joint_names: [kuka_arm_0_joint, kuka_arm_1_joint, kuka_arm_2_joint, kuka_arm_3_joint, kuka_arm_4_joint, kuka_arm_5_joint, kuka_arm_6_joint, WRJ2, WRJ1, FFJ4, FFJ3, FFJ2, FFJ1, KTHJ5, THJ4, THJ3, THJ2, THJ1, LFJ5, LFJ4, LFJ3, LFJ2, LFJ1, MFJ4, MFJ3, MFJ2, MFJ1, RFJ4, RFJ3, RFJ2, RFJ1]
  points:
    - positions: [0, 0, 0, 0, 0, 0, 0, 0, 0, 0, 0, 0, 0, 0, 0, 0, 0, 0, 0, 0, 0, 0, 0, 0, 0, 0, 0, 0, 0, 0, 0]
      time_from_start: 0
    - positions: [-0.2753633195976688, 0.3399261230806838, 1.231361076121714, -0.3331288302705155, -0.6904911603873605, 1.477818853767313, 0.9955166112677278, -0.4043111168380258, 0.5553837745323562, 0.05721769986750086, 0.7882953362338687, 1.520246165035874, 1.273287691527811, -0.3633424526453018, 1.047538160461234, 0.01396077581299471, 0.1585710874496028, 1.005805938453646, 0.214343377958554, -0.2232612177449162, 0.07897725378795277, 0.4487939447192438, 0.0332499964699974, 0.1926739102893575, 1.188668694167182, 0.6050284153915707, 0.8232677687930947, -0.1825766274239808, 1.061915847225586, 1.365948468066511, 1.500037627177792]
      time_from_start: 0
    - positions: [-2.188047119417768, 0.8111573186654712, 2.606135763982081, 1.907876825358913, -0.131732495202819, 1.381952837876997, -2.908692188519879, 0.1690291815869699, -0.4564078155771819, 0.4362404747283327, 0.1695798632596627, 0.3242782617950993, 0.5255010506694296, 0.3201105743332107, 1.154107235959763, 0.2378037336268634, -0.5232848032807988, 0.7553633989875286, 0.04819091506094131, -0.4363322469484691, 0.01112013026958272, 0.5303422907340326, 0.438615512875399, 0.4355967542743434, 0.1981399059850259, 0.3862044740672477, 0.3951837743381467, -0.4363279733335196, 0.2225809917547634, 0.6059871921439701, 0.1758034031647765]
      time_from_start: 0