joint_trajectory:
  points:
    - time_from_start: 0
      positions: [0, 0, 0, 0, 0, 0, 0, 0, 0, 0, 0, 0, 0, 0, 0, 0, 0, 0, 0, 0, 0, 0, 0, 0, 0, 0, 0, 0, 0, 0, 0]
    - time_from_start: 0
      positions: [-1.906409754021066, -0.2946593898244354, 0.3688287352645397, -1.852889316148803, 1.34322870759068, -1.42488562805269, -1.875471159945844, -0.05875671481835033, -0.6160287612395478, 0.1634867434972778, 0.4556034761740311, 0.1836154933197284, 0.6958632007216385, 0.2051008957465236, 1.10016446666772, -0.03529087206791455, -0.5011222636231379, 0.53043882300075, 0.009306420077015832, -0.3353343471330584, 0.6267427936364511, 0.08427197006516658, 0.1251180154052567, 0.1420276550341623, 0.7358590141676797, 0.5467823092181017, 0.5825828169384235, -0.3494509237616563, 0.3589922643361863, 0.5743236029796296, 0.2935269177948256]
    - time_from_start: 0
      positions: [-2.777932043873604, 0.007948767559899112, 0.9530253792333275, -1.634870524664892, 1.324574733320599, -1.471969846381716, -1.709230814211559, 0.1664083426013757, -0.4906055388323018, 0.4360306854077621, 0.4808782776929603, 0.09381276839567705, 0.494296738206053, 0.2671852504841316, 1.308845895975191, 0.08382949426712259, -0.5236999999999998, 0.7521902884177759, 2.059806285958711e-16, -0.4363182545747241, 0.8419578621269104, 0.02626474017902156, 0.1954806871410882, 0.4359736358029729, 0.4594617183708355, 0.128040039529135, 0.4706589318750109, -0.4363323129985822, 0.1472044201872823, 0.8233568517928617, 0.1127752802060112]
  joint_names: [kuka_arm_0_joint, kuka_arm_1_joint, kuka_arm_2_joint, kuka_arm_3_joint, kuka_arm_4_joint, kuka_arm_5_joint, kuka_arm_6_joint, WRJ2, WRJ1, FFJ4, FFJ3, FFJ2, FFJ1, KTHJ5, THJ4, THJ3, THJ2, THJ1, LFJ5, LFJ4, LFJ3, LFJ2, LFJ1, MFJ4, MFJ3, MFJ2, MFJ1, RFJ4, RFJ3, RFJ2, RFJ1]