joint_trajectory:
  points:
    - positions: [0, 0, 0, 0, 0, 0, 0, 0, 0, 0, 0, 0, 0, 0, 0, 0, 0, 0, 0, 0, 0, 0, 0, 0, 0, 0, 0, 0, 0, 0, 0]
      time_from_start: 0
    - positions: [1.402110732296596, 0.06592931079165165, 2.347993553898082, -0.412743314228454, -0.8500411840437052, -1.082828970741606, -1.196809682276209, -0.4241230852784157, -0.217002148668931, 0.1091039565288336, 1.238050406427843, 1.501442996985652, 0.1787457582548856, -0.1253374998900108, 1.249068276072387, 0.2497316667542792, 0.288371063007135, 0.137535818744218, 0.6047588994762433, -0.3840886506181209, 0.6581108258011523, 0.2991975511437376, 0.7802009987979641, -0.2433254240647246, 0.7748771008762626, 0.09105351123536791, 0.7342725097836158, -0.2588608478631979, 1.284011945687438, 1.2721233063865, 0.09413759343690407]
      time_from_start: 0
    - time_from_start: 0
      positions: [0.823010243401928, 0.5979559189194408, 1.436059002241157, -0.7622240186106124, -1.185113277969261, 0.4924327612074582, 2.840048090386432, -0.1215861228256064, 0.5140018018572496, -0.2816252927286215, 1.384352296785506, 0.699286570833223, 0.8972509428318814, 0.8654392387471161, 0.6716897052440326, -0.2483617382974364, -0.07127306268508549, 1.476798631761223, 0.1234528833417702, -0.3220489663273598, 0.3920332476999864, 0.6463267306491829, 0.3254690147355654, -0.1234559700176442, 0.6302098963926805, 1.495130102073974, 0.5973881073820985, 0.08701211080367338, 0.519526949638308, 0.6735123713830125, 1.415669294978372]
    - time_from_start: 0
      positions: [-0.7854784382094628, -0.01759361595055313, -2.293132118572982, -1.719318311886224, 2.226771358083384, 0.6484619565069866, -2.522937872313694, 0.1023878710263692, -0.6935114791526016, 0.4363323129985822, 0.06653749005803652, 0.3257863051444371, 0.6315453977011912, 0.2251365151803557, 1.227131775124578, 0.1718777531084196, -0.5236999999999998, 0.8210831448838855, 2.146123922394224e-16, -0.4363323129985822, 0.1565356848476821, 0.8338891149434569, 0.01727408164021759, 0.4363323129985822, 0.3474921104127776, 0.5932367964810075, 0.1139733623851096, -0.4363323129985823, 0.1928657921767888, 0.6713940288121971, 0.1612580030706219]
  joint_names: [kuka_arm_0_joint, kuka_arm_1_joint, kuka_arm_2_joint, kuka_arm_3_joint, kuka_arm_4_joint, kuka_arm_5_joint, kuka_arm_6_joint, WRJ2, WRJ1, FFJ4, FFJ3, FFJ2, FFJ1, KTHJ5, THJ4, THJ3, THJ2, THJ1, LFJ5, LFJ4, LFJ3, LFJ2, LFJ1, MFJ4, MFJ3, MFJ2, MFJ1, RFJ4, RFJ3, RFJ2, RFJ1]