joint_trajectory:
  joint_names: [kuka_arm_0_joint, kuka_arm_1_joint, kuka_arm_2_joint, kuka_arm_3_joint, kuka_arm_4_joint, kuka_arm_5_joint, kuka_arm_6_joint, WRJ2, WRJ1, FFJ4, FFJ3, FFJ2, FFJ1, KTHJ5, THJ4, THJ3, THJ2, THJ1, LFJ5, LFJ4, LFJ3, LFJ2, LFJ1, MFJ4, MFJ3, MFJ2, MFJ1, RFJ4, RFJ3, RFJ2, RFJ1]
  points:
    - positions: [0, 0, 0, 0, 0, 0, 0, 0, 0, 0, 0, 0, 0, 0, 0, 0, 0, 0, 0, 0, 0, 0, 0, 0, 0, 0, 0, 0, 0, 0, 0]
      time_from_start: 0
    - time_from_start: 0
      positions: [2.870861585811709, 0.167351552889706, 2.826158444787562, 1.615089428385606, -0.8857710764018972, 0.9442676252954538, -2.322692759838346, 0.06698774357358903, -0.6086416791413377, 0.3896382951768586, 0.357462910712101, 0.06715680410504304, 0.4773598716382144, 0.4619321164332921, 1.079225159894236, 0.1925669551517462, -0.3400325768719092, 0.6853609844220754, 0.05358808590074237, -0.3267249337415077, 0.144629827896935, 0.7377865623006301, 0.09282651774233786, 0.3058623353882823, 0.03854318026733378, 0.2228757627066639, 0.533783625947238, -0.3428328499435737, 0.3827134511873553, 0.3255174096743504, 0.2261252182208255]
    - positions: [2.921115754350084, 0.2126970532157186, 2.872257612799579, 1.645063653470865, -0.8957998604779268, 0.9532760130233734, -2.365925580521294, 0.08715686850297866, -0.6084223187626332, 0.3995680645984845, 0.3429750618549284, 0.04819398267620891, 0.4625167842445672, 0.4871563874205346, 1.088092070894205, 0.1924124893090292, -0.3674252642968483, 0.6778877797644371, 0.04647038001787465, -0.3506138905988868, 0.1189146213222649, 0.7177499220522033, 0.08154014624413577, 0.3267095205438675, 0.02474473721475268, 0.2075429336227561, 0.5390007124007381, -0.3630015957560298, 0.3831173703554276, 0.2859743573012453, 0.215381468495372]
      time_from_start: 0
    - time_from_start: 0
      positions: [2.96705972839, 0.3581019013304521, 2.96705972839, 1.653631137258166, -0.9049983451466267, 0.9696467966089131, -2.542802639514211, 0.1638676790804319, -0.6075359666823164, 0.4207597405173206, 0.2978832385151093, 0.01776774932203621, 0.4073514666253751, 0.5927839517742514, 1.111399347597937, 0.1933057700841392, -0.4712693482736225, 0.6600386397310822, 0.01460060474504581, -0.43057727651596, 0.001678094422229041, 0.654357059169786, 0.07694062749923751, 0.4241405384187663, 0.003898875099547031, 0.1351181425062828, 0.569966185980225, -0.4347040949965177, 0.4043205721955734, 0.1426473555536346, 0.187792127328983]