joint_trajectory:
  points:
    - time_from_start: 0
      positions: [0, 0, 0, 0, 0, 0, 0, 0, 0, 0, 0, 0, 0, 0, 0, 0, 0, 0, 0, 0, 0, 0, 0, 0, 0, 0, 0, 0, 0, 0, 0]
    - time_from_start: 0
      positions: [-1.034631305584367, 0.8775633202895938, 0.9970855304939453, 1.431151932633534, -1.570755104032118, -0.4395602585561971, -0.5087808447346613, -0.3441156892806833, -0.4667991670884058, 0.2833703115734347, 0.1904253767833384, 0.9029324580288978, 0.1582339250050166, 0.2333814346452559, 1.043528305879485, 0.1807150704416272, -0.1790709469687886, 0.461394962990111, 0.06069184505203424, -0.382767700962395, 0.2984275931324288, 0.3511247834843303, 0.5299970186203826, 0.412104946757108, 0.1775160170503997, 0.2199081727622291, 0.6350862054930351, -0.3120950504320082, 0.4173110567616516, 0.2722033784395222, 0.6068162841893966]
    - positions: [-1.246269897106028, 1.003651138193638, 1.061454039771522, 1.461862641251325, -1.694311638126448, -0.4384483637132963, -0.5456954871802204, -0.3766252182692241, -0.5454107452633965, 0.3425400400536567, 0.1291160348501318, 0.9081663503589732, 0.1402773384061159, 0.2877648311241113, 1.091199720835802, 0.206355043609795, -0.1859050295633198, 0.4067527439684128, 0.03419258326875353, -0.4166120742768826, 0.2733989209615286, 0.3248123888399516, 0.5029291267303877, 0.4335382006774822, 0.1660652575832382, 0.1683375113007834, 0.6653454140182624, -0.3615260937310703, 0.4186611862614305, 0.2055081436525786, 0.583182888620577]
      time_from_start: 0
    - time_from_start: 0
      positions: [-1.468025524582407, 1.121780401439463, 1.189652153946811, 1.424838302999978, -1.80725004969296, -0.3417746163978237, -0.6142825547885531, -0.4120586106459589, -0.6318864173314892, 0.4363012887913791, 0.03417183117892397, 0.8635596823525272, 0.1136371303840209, 0.3906999334893648, 1.145512087027812, 0.2372023780967381, -0.1623062237593787, 0.2992658455683714, 0.006077838952930074, -0.4362419654723011, 0.2532082498498918, 0.3070795071413648, 0.447669338802756, 0.436321406988996, 0.1874454409199152, 0.1001881003801478, 0.7331514628449299, -0.4357011498985562, 0.421534282080571, 0.07306556485499312, 0.5101746561292365]
  joint_names: [kuka_arm_0_joint, kuka_arm_1_joint, kuka_arm_2_joint, kuka_arm_3_joint, kuka_arm_4_joint, kuka_arm_5_joint, kuka_arm_6_joint, WRJ2, WRJ1, FFJ4, FFJ3, FFJ2, FFJ1, KTHJ5, THJ4, THJ3, THJ2, THJ1, LFJ5, LFJ4, LFJ3, LFJ2, LFJ1, MFJ4, MFJ3, MFJ2, MFJ1, RFJ4, RFJ3, RFJ2, RFJ1]