joint_trajectory:
  points:
    - positions: [0, 0, 0, 0, 0, 0, 0, 0, 0, 0, 0, 0, 0, 0, 0, 0, 0, 0, 0, 0, 0, 0, 0, 0, 0, 0, 0, 0, 0, 0, 0]
      time_from_start: 0
    - time_from_start: 0
      positions: [2.72992421313636, -1.279012941756018, -1.214182350633767, -1.133746858842837, 0.1460123841529732, 1.63192956022768, 0.396452791163044, -0.4480163121665858, -0.3712643292793758, 0.3278774660220529, 0.04858200187523024, 0.4744219818297781, 0.03828046338054893, 0.6680578072322532, 0.5436839127498678, 0.00621487052673475, 0.400858165592514, 0.5445247385199181, 0.2983975460218806, -0.3821280051398431, 1.021336327622981, 0.9167227401503369, 1.267439426346967, -0.3268648863456323, 1.479418501977099, 0.7562524486962283, 1.408243497572698, 0.3247773871770398, 0.2213102152123778, 1.323888984097455, 0.6431966916076457]
    - positions: [-1.373732085482413, -0.3639297617928542, 0.117255900022863, 1.70071855175038, 2.861332713053165, -1.197492539669272, 0.03660954747259083, -0.2706518123939761, -0.3748498268526346, 0.4362871536511068, 0.1536118732207872, 0.1249496490396885, 0.462721563851046, 0.4433897581622419, 1.155891061253226, 0.1668801130460248, -0.5237000000000001, 0.8499816635368762, 0.0006553718090770172, -0.4363323129985823, 0.3369194206078511, 0.0246586880155463, 0.3823155944348494, 0.4363323129985823, 0.1205718664786065, 0.1538568764417482, 0.5075774168597811, -0.4358251816650984, 0.1468916460249797, 0.0439409568019143, 0.5989771099417526]
      time_from_start: 0
  joint_names: [kuka_arm_0_joint, kuka_arm_1_joint, kuka_arm_2_joint, kuka_arm_3_joint, kuka_arm_4_joint, kuka_arm_5_joint, kuka_arm_6_joint, WRJ2, WRJ1, FFJ4, FFJ3, FFJ2, FFJ1, KTHJ5, THJ4, THJ3, THJ2, THJ1, LFJ5, LFJ4, LFJ3, LFJ2, LFJ1, MFJ4, MFJ3, MFJ2, MFJ1, RFJ4, RFJ3, RFJ2, RFJ1]