joint_trajectory:
  points:
    - time_from_start: 0
      positions: [0, 0, 0, 0, 0, 0, 0, 0, 0, 0, 0, 0, 0, 0, 0, 0, 0, 0, 0, 0, 0, 0, 0, 0, 0, 0, 0, 0, 0, 0, 0]
    - time_from_start: 0
      positions: [-0.5269202628277005, 0.07958615064809194, -0.6831556154775509, -1.342879705562166, 2.37189607754937, -0.9248637739147193, 2.816856870664761, -0.2966707329630267, -0.2650666147468693, 0.08062194870396294, 1.022169987948277, 0.06653580554030467, 0.6334720263306191, -0.2564606176209636, 0.2805825255787932, -0.03912371684694663, -0.3755864591099322, 1.423959329541307, 0.4366507208571033, 0.03695636269513131, 1.064655440014899, 1.307381676524745, 0.01555525219007112, -0.4177436769675961, 0.2363590501481392, 1.009455747537741, 0.6442487169601497, 0.2605442772736787, 0.1993430464774086, 1.564536003668147, 0.5229333298819933]
    - time_from_start: 0
      positions: [0.2436023181503658, -0.4309020935311798, -1.537914902232166, -2.007576300305882, 0.4158322604826729, -1.198363165097521, -1.260055862383727, -0.124487961140851, -0.7772538713007533, 0.4361994698077672, 9.971933955752354e-05, 0.8869089284618813, 0.2403336023821865, 0.2044150321736375, 1.150735800489062, 0.2484705085966347, -0.5236697948654783, 0.7756536397664133, 0.0005709316830023209, -0.4361171901423739, 0.3419674209505601, 0.06783041244750734, 0.709183764125762, 0.4073395176485348, 0.2520800756735089, 0.4510389298109078, 0.396047183106708, -0.4358471499337238, 0.4311620438089483, 0.0622436364170415, 0.6167074019531011]
  joint_names: [kuka_arm_0_joint, kuka_arm_1_joint, kuka_arm_2_joint, kuka_arm_3_joint, kuka_arm_4_joint, kuka_arm_5_joint, kuka_arm_6_joint, WRJ2, WRJ1, FFJ4, FFJ3, FFJ2, FFJ1, KTHJ5, THJ4, THJ3, THJ2, THJ1, LFJ5, LFJ4, LFJ3, LFJ2, LFJ1, MFJ4, MFJ3, MFJ2, MFJ1, RFJ4, RFJ3, RFJ2, RFJ1]