joint_trajectory:
  joint_names: [kuka_arm_0_joint, kuka_arm_1_joint, kuka_arm_2_joint, kuka_arm_3_joint, kuka_arm_4_joint, kuka_arm_5_joint, kuka_arm_6_joint, WRJ2, WRJ1, FFJ4, FFJ3, FFJ2, FFJ1, KTHJ5, THJ4, THJ3, THJ2, THJ1, LFJ5, LFJ4, LFJ3, LFJ2, LFJ1, MFJ4, MFJ3, MFJ2, MFJ1, RFJ4, RFJ3, RFJ2, RFJ1]
  points:
    - time_from_start: 0
      positions: [0, 0, 0, 0, 0, 0, 0, 0, 0, 0, 0, 0, 0, 0, 0, 0, 0, 0, 0, 0, 0, 0, 0, 0, 0, 0, 0, 0, 0, 0, 0]
    - positions: [-1.358763798372336, 1.390273856722227, -2.57176268314619, -2.006293162724048, -0.9090909054870133, 0.1250309924272148, -0.4631603455210676, -0.355060506866084, -0.05739445922007869, -0.0531367945925269, 1.219608786877566, 0.1715850053979517, 0.9418238283170486, -0.6064925897950306, 1.050703918625601, 0.05085003696670753, -0.05588181779147128, 0.3877812564030755, 0.02574101904597164, 0.406244166398569, 0.1153676580971036, 0.07165330693333433, 0.9980871006394295, -0.04328247742859925, 1.085066300906262, 0.7716353223231838, 1.566054213467675, -0.008702812691207817, 0.9377286254154228, 1.256369773205802, 1.55871877831738]
      time_from_start: 0
    - positions: [-1.099286378439488, 0.08092400529914706, -2.741334408059453, -1.72547244442374, -1.723058520665809, 1.243787867142226, 1.3746069355526, 0.1688053832650623, -0.7641939723277987, 0.4363270049155982, 0.2976278247177689, 0.1241307004120784, 0.7277700875303447, 0.2801520970827333, 1.191291731614796, 0.2263821567426592, -0.5233817153689106, 0.6634526500548454, 0.05693658824698968, -0.4348627034295092, 0.5433473378656115, 0.1821699207960744, 0.3588921401961264, 0.4314839453611107, 0.108577258095158, 0.4023978584047337, 0.6044115077521378, -0.4361630691584021, 0.3770851964492004, 0.6427018528869619, 0.1092044795254153]
      time_from_start: 0