joint_trajectory:
  joint_names: [kuka_arm_0_joint, kuka_arm_1_joint, kuka_arm_2_joint, kuka_arm_3_joint, kuka_arm_4_joint, kuka_arm_5_joint, kuka_arm_6_joint, WRJ2, WRJ1, FFJ4, FFJ3, FFJ2, FFJ1, KTHJ5, THJ4, THJ3, THJ2, THJ1, LFJ5, LFJ4, LFJ3, LFJ2, LFJ1, MFJ4, MFJ3, MFJ2, MFJ1, RFJ4, RFJ3, RFJ2, RFJ1]
  points:
    - time_from_start: 0
      positions: [-2.949516865697728, 1.298624906306261, 0.5962258832109337, -1.723735377447452, 1.408911697304067, 0.5237992090841704, -1.393157124338489, -0.2715046870152517, 0.5977549071848106, 0.4363323129985824, 0.3938754754743738, 0.9376483590262601, 0.1231717338870547, -0.3593322349865364, 1.308956592247173, 0.2607325368204124, -0.4301876281486894, 0.9100395440988104, 0.04337702688440034, -0.4363323129985824, 0.9612011137870115, 0.1120790032289521, 0.3439472613672065, 0.4357650326424433, 0.6253715990467082, 0.4023703312537452, 0.4236915443817459, -0.4363323129985824, 1.065613906373576, 0.2133323982768306, 0.1635296013873084]
    - time_from_start: 0
      positions: [-1.757233547847682, 1.173126442138669, 0.3949401387608922, -1.242951849142797, 0.8000872719360689, 0.3666388593622103, -1.195380702824635, -0.2415026753409847, 0.400065168462415, 0.2355543565435317, 0.6362759930023555, 0.9173505254276815, 0.3142201924000642, -0.264308664458534, 1.127962043811294, 0.2034562330939883, -0.4016472979106451, 0.901355576521455, 0.1205712756767411, -0.3731859648722988, 0.9225488577307678, 0.3173649072151834, 0.3603718004259323, 0.3263292734772351, 0.6747083550526175, 0.3663720126507595, 0.4511282254812674, -0.3651844780220543, 0.9811240209978291, 0.2722184876038071, 0.3870591507808164]
    - time_from_start: 0
      positions: [-1.308717765624416, 1.035067827120824, 0.5137014454830462, -0.9298460359666479, 0.9281023551730039, 0.2234476109518425, -0.8189588866240156, -0.206889985340649, 0.167921665624596, 0.1680279805201725, 0.6603350803454271, 0.8602543470298603, 0.4074162404212888, -0.0222833080697412, 0.9808014472272559, 0.1715515657273147, -0.3886147269540441, 0.8448543254565326, 0.1404435886074709, -0.3039108127533936, 0.7609091697481039, 0.3703446153239226, 0.3884671981129995, 0.2965626788224844, 0.5630594667629872, 0.3656693331260873, 0.5800546271250812, -0.2677068489258811, 0.8028969582758806, 0.3162205432155125, 0.4977516627568921]
    - time_from_start: 0
      positions: [-1.546458662707129, 0.9013081997441448, 1.576153058820118, 0.5067840593408585, 1.863095109756303, 0.08538029011231091, 0.9217068922055434, 0.00973369445061667, -0.4180663963761095, 0.2015200295158263, 0.4822285788883153, 0.5300485097207843, 0.2542716537745212, 0.6922206012538067, 0.8500133287777903, 0.2231707459922569, -0.4292696860345763, 0.3184728033513153, 0.06124859310009607, -0.2086438033923654, 0.2635479034295359, 0.273452974985068, 0.4304977826318837, 0.2042848103069898, 0.1832302441703139, 0.2601428689137309, 0.6497195498089009, -0.1902243217781583, 0.309980127021889, 0.2568524078632118, 0.4937601733954467]
    - time_from_start: 0
      positions: [-1.493949665488621, 0.9175455543566829, 2.090554358942894, 1.012934682096061, 2.369147050067913, -0.1069306727208138, 1.382658410957322, 0.1399909536787919, -0.7017042131375517, 0.2162418248992554, 0.2961061694478749, 0.4214894265523766, 0.08620609724361737, 1.044564697299413, 0.8650162807426206, 0.2377997473799243, -0.5236999999999999, 0.1852723830441893, 0.03518534876402448, -0.1812018352641048, 0.05022449683432692, 0.2239620404320039, 0.4916016645963237, 0.1907543906925372, 0.01238807686287103, 0.2237540336345509, 0.576363715690384, -0.1730643259866415, 0.05992339563148109, 0.2789317845614891, 0.450528975464867]