joint_trajectory:
  points:
    - time_from_start: 0
      positions: [1.212755497029731, 1.501448375413883, -2.661313013854591, 1.768813115270707, 1.148948851270163, -0.9621880383074428, 1.80674913308593, -0.2672262600625655, 0.502136844357308, 0.4360799352375713, 0.2715866817967802, 0.5038361220899608, 0.340342877288692, 0.6896660831172178, 1.097084034648109, 0.2604569466840655, -0.3739665346964011, 0.0961871548444055, 0.03031364701619113, -0.4361532488623019, 0.01280228136626794, 0.7397167443191418, 0.3471439771448049, 0.4329278928745678, 0.07399236874788612, 0.9433444350609775, 0.09298230371829459, -0.4359909652514105, 0.2019064212116639, 0.7999074953642741, 0.1421370290998783]
    - positions: [0.2030818320364073, 0.8865276844986261, -1.985621964735021, 1.492190115785374, 0.6148081144885915, -0.5251698196801513, 1.292428023064935, -0.2286506012311985, 0.2136060218412671, 0.3178419173166412, 0.4805727235913907, 0.5969130567479728, 0.5618113572295611, 0.3753432633329767, 1.029938296582619, 0.1471145351695489, -0.3108413158611092, 0.3343528814352932, 0.1782200621188276, -0.30857542267686, 0.3622090545452675, 0.7558835006992443, 0.5194283885598339, 0.3208017149371951, 0.4358013532869464, 0.7778403558520208, 0.1853407810748556, -0.2802518551242547, 0.4146447091256784, 0.9127157653902902, 0.4445277471130707]
      time_from_start: 0
    - positions: [-0.3026012762973777, -0.3724638431164889, 2.207554122867319, -1.115683177583362, 0.6281833715983054, -0.5180635734573225, -0.1403149587713288, -0.01546393298272125, -0.5680688308027144, 0.3439145568003921, 0.4086038785439703, 0.4998229722504977, 0.3610584834470713, 0.6302670537830255, 1.135490133363037, -0.02308973735317367, -0.4743072505533646, 0.2548163110098924, 0.05206671897847896, -0.3071334029522156, 0.3195040071956543, 0.2989068967881859, 0.6451658542622689, 0.3358994628436028, 0.6053459646139403, 0.1210331469698304, 0.6642399334420788, -0.3159381900785482, 0.366595982787458, 0.1002269238586559, 0.7399779419480388]
      time_from_start: 0
    - positions: [-0.5600028968225078, -0.5590659089515571, 2.914343591990159, -1.483458814875079, 0.5727869249304715, -0.7443477901053945, -0.6522457650609098, 0.02208067707663751, -0.7036683936024843, 0.3849105659733457, 0.2678854926364461, 0.4812385909057191, 0.2885035201548823, 0.9089834487323304, 1.285113026883974, -0.03869344651478148, -0.5236999999999999, 0.1106499272063347, 0.0280423888351427, -0.3483336834145522, 0.3210386168774891, 0.06703009962854721, 0.6170961126796652, 0.3467325630341702, 0.4087378674923504, 0.04116736347113585, 0.5828302040794968, -0.3376911585169479, 0.2357450328775401, 0.0759713196640756, 0.6971093499205612]
      time_from_start: 0
  joint_names: [kuka_arm_0_joint, kuka_arm_1_joint, kuka_arm_2_joint, kuka_arm_3_joint, kuka_arm_4_joint, kuka_arm_5_joint, kuka_arm_6_joint, WRJ2, WRJ1, FFJ4, FFJ3, FFJ2, FFJ1, KTHJ5, THJ4, THJ3, THJ2, THJ1, LFJ5, LFJ4, LFJ3, LFJ2, LFJ1, MFJ4, MFJ3, MFJ2, MFJ1, RFJ4, RFJ3, RFJ2, RFJ1]