joint_trajectory:
  points:
    - positions: [1.57, -1.5707, 0, -1.5707, -1.57, 3.14]
      time_from_start: 0
    - positions: [0.6895320937188224, -1.477709688610853, -0.8458732867878678, 0.2199608135533093, 0.8957357805858908, -0.593936883258067]
      time_from_start: 0
    - positions: [1.095570157579184, -2.390541222477975, -1.121503480294965, 0.4587102114059245, 2.257594722267437, -1.039747150973326]
      time_from_start: 0
    - time_from_start: 0
      positions: [1.252125247117899, -2.519043190953265, -0.892961687995144, 0.263765942281225, 2.098091545868312, 0.005165985800325213]
  joint_names: [shoulder_pan_joint, shoulder_lift_joint, elbow_joint, wrist_1_joint, wrist_2_joint, wrist_3_joint]