joint_trajectory:
  points:
    - time_from_start: 0
      positions: [1.57, -1.5707, 0, -1.5707, -1.57, 3.14]
    - time_from_start: 0
      positions: [1.159011203815108, -2.067422924122063, -1.262194227448607, -0.2158079277484682, 1.705379711482403, -0.3379465112187546]
    - time_from_start: 0
      positions: [1.119391053794686, -2.598089981439986, -0.7326212330943429, 0.1779782993167902, 2.089042403696962, -0.01182285477436241]
  joint_names: [shoulder_pan_joint, shoulder_lift_joint, elbow_joint, wrist_1_joint, wrist_2_joint, wrist_3_joint]