joint_trajectory:
  joint_names: [shoulder_pan_joint, shoulder_lift_joint, elbow_joint, wrist_1_joint, wrist_2_joint, wrist_3_joint]
  points:
    - time_from_start: 0
      positions: [1.57, -1.5707, 0, -1.5707, -1.57, 3.14]
    - positions: [1.166818362480058, -2.204925248042241, -1.126549391757447, 0.9709602332901245, -1.450157692893659, 2.844526100214947]
      time_from_start: 0
    - positions: [-1.074788514997559, -0.2140109116381201, -0.8818279863188058, -2.007840190354679, -1.97568577288753, 0.07789044418466369]
      time_from_start: 0
    - time_from_start: 0
      positions: [-1.140259444851416, -0.1424953972408108, -0.8589127453642853, -2.136295779209536, -1.993922465801246, -0.00563793194708508]