joint_trajectory:
  points:
    - time_from_start: 0
      positions: [1.57, -1.5707, 0, -1.5707, -1.57, 3.14]
    - positions: [0.05335785725569286, -1.518049250252755, 1.391685645670025, 0.01289667119496188, 0.3571374243896912, 2.692442059271264]
      time_from_start: 0
    - positions: [0.4290095278121696, -1.411690812672183, 1.498855072520819, 0.09570657974958281, 0.6699876045808644, 2.890086601340596]
      time_from_start: 0
    - time_from_start: 0
      positions: [0.783414596193345, -1.231056717968376, 1.411541059860969, -0.1769231800920998, 1.313049137725987, 3.134156598881172]
  joint_names: [shoulder_pan_joint, shoulder_lift_joint, elbow_joint, wrist_1_joint, wrist_2_joint, wrist_3_joint]