joint_trajectory:
  joint_names: [shoulder_pan_joint, shoulder_lift_joint, elbow_joint, wrist_1_joint, wrist_2_joint, wrist_3_joint]
  points:
    - time_from_start: 0
      positions: [1.57, -1.5707, 0, -1.5707, -1.57, 3.14]
    - time_from_start: 0
      positions: [-1.032938699574123, -0.2569250196561562, 1.544702535181784, -0.0845075179479348, 0.7598272373916577, 1.587490709417765]
    - time_from_start: 0
      positions: [-0.8612008346270561, 0.02987397147502663, 1.27714690909856, -0.9356029464488078, 1.509444064719049, 2.758996953769264]
    - time_from_start: 0
      positions: [-0.8261472555011588, 0.1141547720192673, 1.151994542488003, -1.270624915426504, 1.726919672798691, 3.137726115460414]