joint_trajectory:
  joint_names: [shoulder_pan_joint, shoulder_lift_joint, elbow_joint, wrist_1_joint, wrist_2_joint, wrist_3_joint]
  points:
    - positions: [1.57, -1.5707, 0, -1.5707, -1.57, 3.14]
      time_from_start: 0
    - time_from_start: 0
      positions: [1.665484860739197, -1.777541189798445, -1.528947926620618, 0.7632769876909707, 1.574779768227033, -0.6744600193982196]
    - positions: [1.795398557684649, -2.005005812329118, -1.805396677167026, 0.858798062999277, 1.794187451489775, -0.6867383810602918]
      time_from_start: 0
    - time_from_start: 0
      positions: [1.803881479686074, -2.187340970028207, -1.514812525558741, 0.5535105895015316, 1.709210771432885, 0.003814784810804024]