joint_trajectory:
  joint_names: [shoulder_pan_joint, shoulder_lift_joint, elbow_joint, wrist_1_joint, wrist_2_joint, wrist_3_joint]
  points:
    - positions: [1.57, -1.5707, 0, -1.5707, -1.57, 3.14]
      time_from_start: 0
    - time_from_start: 0
      positions: [-1.185177005089855, -0.3897912089559324, -0.7925376011293789, -1.677672468270018, -1.453732172441844, -0.04859538903777764]
    - positions: [-1.050788975458113, -0.2483104970373509, -0.5848650946238229, -2.314574658257473, -2.084804071965459, 0.00322410810770079]
      time_from_start: 0