joint_trajectory:
  points:
    - time_from_start: 0
      positions: [1.57, -1.5707, 0, -1.5707, -1.57, 3.14]
    - time_from_start: 0
      positions: [3.027171676449406, -1.91212660258486, -1.349032400722177, -3.062998355385488, -1.993377689469182, 2.502872422565568]
    - time_from_start: 0
      positions: [3.104271346774831, -2.09766972960959, -1.133542121254495, -3.058034169452981, -1.922267645052333, 3.134245110941251]
  joint_names: [shoulder_pan_joint, shoulder_lift_joint, elbow_joint, wrist_1_joint, wrist_2_joint, wrist_3_joint]