joint_trajectory:
  joint_names: [shoulder_pan_joint, shoulder_lift_joint, elbow_joint, wrist_1_joint, wrist_2_joint, wrist_3_joint]
  points:
    - time_from_start: 0
      positions: [1.57, -1.5707, 0, -1.5707, -1.57, 3.14]
    - positions: [-0.4357244424807063, -1.424639071320879, 1.475670899474523, 0.372324107014152, 0.06320791056121339, 2.214827965344905]
      time_from_start: 0
    - time_from_start: 0
      positions: [-0.4003892885193983, -1.315254870298368, 1.459637948013329, 0.1010671068965349, 0.4383069296262396, 2.718527689936209]
    - positions: [-0.2899804372839298, -1.219233194433146, 1.395937814473407, -0.1804487426434432, 0.7359610470460891, 3.138828222025309]
      time_from_start: 0