joint_trajectory:
  points:
    - positions: [1.57, -1.5707, 0, -1.5707, -1.57, 3.14]
      time_from_start: 0
    - time_from_start: 0
      positions: [-1.898344492342924, -1.021220520745377, 2.18971646897643, 0.7940201570308543, -0.7012776298978418, 2.555452801917711]
    - positions: [-1.522599738189188, -0.3391852399971478, 1.757901185422565, -0.4964366680899261, 0.7834422465688745, 2.917431196611108]
      time_from_start: 0
    - positions: [-1.15505667287809, 0.08070216838732748, 1.354376559775776, -1.441297844790802, 1.73164187545138, 3.134008270812791]
      time_from_start: 0
  joint_names: [shoulder_pan_joint, shoulder_lift_joint, elbow_joint, wrist_1_joint, wrist_2_joint, wrist_3_joint]