joint_trajectory:
  joint_names: [shoulder_pan_joint, shoulder_lift_joint, elbow_joint, wrist_1_joint, wrist_2_joint, wrist_3_joint]
  points:
    - time_from_start: 0
      positions: [1.57, -1.5707, 0, -1.5707, -1.57, 3.14]
    - time_from_start: 0
      positions: [-2.376957724735913, -1.670217620762932, -1.306398676503381, -1.155912776986621, 1.625359994792163, 0.4175387679888621]
    - positions: [-2.483391596701972, -1.839053678984602, -1.513432274711694, -0.3053798246017894, 1.6105738220008, -0.2933589896516731]
      time_from_start: 0
    - positions: [-2.508325038267868, -2.258997133404079, -1.377272564674872, 0.4850791080866969, 1.932347873074659, 0.004172479158342783]
      time_from_start: 0