joint_trajectory:
  points:
    - time_from_start: 0
      positions: [1.57, -1.5707, 0, -1.5707, -1.57, 3.14]
    - positions: [0.9522753210304422, -1.510140304004759, 1.797474461098496, -0.08492230354998972, 1.522401390865178, -1.45293167657434]
      time_from_start: 0
    - positions: [1.009422772406136, -1.295213322212109, 1.886892585213355, -0.370659568309111, 1.741970667261098, -2.389803774182221]
      time_from_start: 0
    - positions: [0.9634721521402047, -1.015613731109083, 1.801426089518243, -0.7869252678217162, 2.002916630045421, -3.135272787391046]
      time_from_start: 0
  joint_names: [shoulder_pan_joint, shoulder_lift_joint, elbow_joint, wrist_1_joint, wrist_2_joint, wrist_3_joint]