joint_trajectory:
  points:
    - time_from_start: 0
      positions: [1.57, -1.5707, 0, -1.5707, -1.57, 3.14]
    - positions: [0.07037475496750356, -1.425344966614763, -1.348576448467764, -0.1599774211480312, -0.6174377305802941, 1.401454104483081]
      time_from_start: 0
    - time_from_start: 0
      positions: [-1.497717271451273, -2.109117858795439, -0.9783708123108472, -0.04294680038104891, 1.088442411223027, -0.007726208884962813]
  joint_names: [shoulder_pan_joint, shoulder_lift_joint, elbow_joint, wrist_1_joint, wrist_2_joint, wrist_3_joint]