joint_trajectory:
  joint_names: [shoulder_pan_joint, shoulder_lift_joint, elbow_joint, wrist_1_joint, wrist_2_joint, wrist_3_joint]
  points:
    - time_from_start: 0
      positions: [1.57, -1.5707, 0, -1.5707, -1.57, 3.14]
    - time_from_start: 0
      positions: [0.8987116190996092, -0.4674105350735842, -0.8717258478958487, -1.482634408422907, -1.554223228193648, 0.04242775896257832]
    - positions: [0.9067368628541584, -0.3620493632876362, -0.841366324592997, -1.720435924411954, -1.736607963306808, -0.002529953343329648]
      time_from_start: 0
    - time_from_start: 0
      positions: [0.9207515622038064, -0.197838752246014, -0.69856444750999, -2.254111356092632, -2.120016461750592, -0.004740467998958743]