joint_trajectory:
  joint_names: [shoulder_pan_joint, shoulder_lift_joint, elbow_joint, wrist_1_joint, wrist_2_joint, wrist_3_joint]
  points:
    - time_from_start: 0
      positions: [1.57, -1.5707, 0, -1.5707, -1.57, 3.14]
    - time_from_start: 0
      positions: [-1.938827632381691, -2.567423837259864, 0.6859681918846721, 1.594460918131961, -1.197390693763267, -2.692136715779382]
    - positions: [-2.019887158949659, -2.592591030347132, 0.6898139192873036, 1.801878416005926, -1.220212077626759, -2.975296061029621]
      time_from_start: 0
    - positions: [-2.062702561418934, -2.606654602773749, 0.6823704304771094, 1.925194017162304, -1.234138457316406, -3.133838637824743]
      time_from_start: 0