joint_trajectory:
  joint_names: [shoulder_pan_joint, shoulder_lift_joint, elbow_joint, wrist_1_joint, wrist_2_joint, wrist_3_joint]
  points:
    - positions: [1.57, -1.5707, 0, -1.5707, -1.57, 3.14]
      time_from_start: 0
    - positions: [1.655235874645051, -2.424841075592308, -1.723972166515712, -2.245455679841756, -2.254876191990643, 1.59672452903876]
      time_from_start: 0
    - time_from_start: 0
      positions: [1.830363492710752, -2.567290642032459, -1.601567705528663, -2.279664671903609, -2.211800518600285, 2.070897893755212]
    - positions: [1.933283331923683, -2.777634504734869, -1.327108892412814, -2.167179984725825, -2.095005616090102, 3.140775277089561]
      time_from_start: 0