joint_trajectory:
  points:
    - time_from_start: 0
      positions: [1.57, -1.5707, 0, -1.5707, -1.57, 3.14]
    - positions: [-0.4921074697361767, -0.8511127635668638, -0.6758515007171877, -1.499743176825277, -0.5230112360603475, -0.7019716417099102]
      time_from_start: 0
    - time_from_start: 0
      positions: [-3.103088743476974, -2.014117082940953, -1.117167146758661, -0.01284750876724942, 0.8142898676299892, 0.006375885724576836]
  joint_names: [shoulder_pan_joint, shoulder_lift_joint, elbow_joint, wrist_1_joint, wrist_2_joint, wrist_3_joint]