joint_trajectory:
  joint_names: [shoulder_pan_joint, shoulder_lift_joint, elbow_joint, wrist_1_joint, wrist_2_joint, wrist_3_joint]
  points:
    - time_from_start: 0
      positions: [1.57, -1.5707, 0, -1.5707, -1.57, 3.14]
    - positions: [0.02796443938575301, -0.08359441893117089, 1.547983408564981, -1.557021896188802, 2.144122216281941, 2.625696764196375]
      time_from_start: 0
    - positions: [-0.1966141040913072, 0.1192478093965479, 1.109383344465503, -1.238559757204834, 1.967854842421978, 3.131666320238761]
      time_from_start: 0