joint_trajectory:
  points:
    - time_from_start: 0
      positions: [1.57, -1.5707, 0, -1.5707, -1.57, 3.14]
    - positions: [-0.8568679543161311, -1.422523008503516, 1.960019665878609, -0.1349238076965809, 1.858157321421382, -1.465825391938436]
      time_from_start: 0
    - time_from_start: 0
      positions: [-1.021742281454597, -1.230945766935768, 1.977304349025809, -0.5356240759761066, 1.77247156305094, -2.458261185605752]
    - positions: [-1.095415898178837, -1.09567900703942, 1.951026561748548, -0.8574017004736491, 1.718687459729367, -3.133586740973968]
      time_from_start: 0
  joint_names: [shoulder_pan_joint, shoulder_lift_joint, elbow_joint, wrist_1_joint, wrist_2_joint, wrist_3_joint]