joint_trajectory:
  joint_names: [shoulder_pan_joint, shoulder_lift_joint, elbow_joint, wrist_1_joint, wrist_2_joint, wrist_3_joint]
  points:
    - time_from_start: 0
      positions: [1.57, -1.5707, 0, -1.5707, -1.57, 3.14]
    - positions: [-1.334943272492527, -0.3724955097651486, -0.3065078588881108, 1.102952229145757, -0.1916655437149702, 2.177288341895931]
      time_from_start: 0
    - positions: [-1.299640957654939, -0.2556563235437347, -0.4485521020185501, 1.025157349019947, 0.1133320524036482, 2.394629785093733]
      time_from_start: 0
    - time_from_start: 0
      positions: [-1.127584252083466, -0.08466160854586104, -0.7756782061900525, 0.8592538642443985, 0.9892355409654436, 3.139425669453961]