joint_trajectory:
  points:
    - time_from_start: 0
      positions: [1.57, -1.5707, 0, -1.5707, -1.57, 3.14]
    - time_from_start: 0
      positions: [1.69911824785002, -1.360694665751454, -1.246852537474666, 0.4196660685089145, -0.9052445711961032, 0.9006677301792489]
    - positions: [0.5883101589780831, -0.1810032741908778, -1.458287096342254, -1.426170062183706, -1.673917543656318, 0.01072155467013166]
      time_from_start: 0
    - time_from_start: 0
      positions: [0.4965296314542902, -0.002785605159174132, -1.4692810607822, -1.660625427549497, -1.745287358583597, -0.004884165754771844]
  joint_names: [shoulder_pan_joint, shoulder_lift_joint, elbow_joint, wrist_1_joint, wrist_2_joint, wrist_3_joint]