joint_trajectory:
  points:
    - time_from_start: 0
      positions: [1.57, -1.5707, 0, -1.5707, -1.57, 3.14]
    - time_from_start: 0
      positions: [1.306975345592488, -0.6612127899881035, -1.197716377622181, -0.8604573198999728, -0.4509103971468853, 0.1191631640657548]
    - time_from_start: 0
      positions: [1.507895133594758, -0.08628915456000605, -1.04882866110224, -2.001723339426666, -1.776471857795533, -0.002801084524492805]
  joint_names: [shoulder_pan_joint, shoulder_lift_joint, elbow_joint, wrist_1_joint, wrist_2_joint, wrist_3_joint]