joint_trajectory:
  points:
    - positions: [1.57, -1.5707, 0, -1.5707, -1.57, 3.14]
      time_from_start: 0
    - time_from_start: 0
      positions: [-1.265578615329293, -1.856356764473524, -0.1916936348882176, 0.3282541043419553, -0.6231623277284714, -0.2743735679650021]
    - positions: [-1.556546379030162, -1.158923858890499, 1.303755033398018, 0.09059799270706187, 0.5121007761918389, -2.547223704027546]
      time_from_start: 0
    - time_from_start: 0
      positions: [-1.373224163582335, -1.017622202494159, 1.091073568426966, -0.07152132076893185, 0.8929741162875281, -3.134685783418231]
  joint_names: [shoulder_pan_joint, shoulder_lift_joint, elbow_joint, wrist_1_joint, wrist_2_joint, wrist_3_joint]