joint_trajectory:
  points:
    - time_from_start: 0
      positions: [1.57, -1.5707, 0, -1.5707, -1.57, 3.14]
    - positions: [-0.2663350902976406, -1.368471117625245, 1.913328549509147, -0.3760650844384338, 0.7075422193259764, 1.662302867344168]
      time_from_start: 0
    - time_from_start: 0
      positions: [-0.4336616297455353, -1.231909833146849, 2.002596652852932, -0.5435110027161434, 1.109816137772576, 2.333631676908418]
    - time_from_start: 0
      positions: [-0.2788337942884013, -1.036000387236051, 1.840584796871257, -0.8077408871176998, 1.663707386684622, 3.138812015766963]
  joint_names: [shoulder_pan_joint, shoulder_lift_joint, elbow_joint, wrist_1_joint, wrist_2_joint, wrist_3_joint]