joint_trajectory:
  points:
    - positions: [1.57, -1.5707, 0, -1.5707, -1.57, 3.14]
      time_from_start: 0
    - positions: [-1.637687503220984, -1.314027893138897, 2.195419618423354, -0.9339241038083516, 1.092633100492109, -0.2679347293991674]
      time_from_start: 0
    - time_from_start: 0
      positions: [-1.552243540725838, -0.8880640711525618, 1.591435004768753, -0.7075481442000732, 1.414254723529841, -3.13520749041498]
  joint_names: [shoulder_pan_joint, shoulder_lift_joint, elbow_joint, wrist_1_joint, wrist_2_joint, wrist_3_joint]