joint_trajectory:
  joint_names: [shoulder_pan_joint, shoulder_lift_joint, elbow_joint, wrist_1_joint, wrist_2_joint, wrist_3_joint]
  points:
    - time_from_start: 0
      positions: [1.57, -1.5707, 0, -1.5707, -1.57, 3.14]
    - time_from_start: 0
      positions: [0.0862417871839059, -0.2957273319861418, 1.187592463593641, 1.353101780322638, -1.312062423900189, 0.4705352045421866]
    - time_from_start: 0
      positions: [0.02945652406465658, -0.2684691762678335, 1.188092926445915, 1.393192005611537, -1.403826822099719, 0.4018618848688403]
    - positions: [0.1922349273968493, -0.4823425138865698, 1.356059454205554, 2.27504732915736, -1.889855032657841, 0.01130172692978693]
      time_from_start: 0