joint_trajectory:
  points:
    - positions: [1.57, -1.5707, 0, -1.5707, -1.57, 3.14]
      time_from_start: 0
    - time_from_start: 0
      positions: [0.1176997746802218, -0.9752426774023872, 1.454405936154294, -0.2297402172414083, 2.149750633739208, 2.133539671416082]
    - positions: [0.03624165894832703, -0.7106673373212667, 1.2220850553091, -0.507642995489367, 1.998094992011259, 3.140703890162113]
      time_from_start: 0
  joint_names: [shoulder_pan_joint, shoulder_lift_joint, elbow_joint, wrist_1_joint, wrist_2_joint, wrist_3_joint]