joint_trajectory:
  points:
    - positions: [1.57, -1.5707, 0, -1.5707, -1.57, 3.14]
      time_from_start: 0
    - time_from_start: 0
      positions: [1.845257664813843, -1.988399052407041, -1.622194393013858, 0.6448633252628163, 1.890032892902977, -0.9929967109375637]
    - positions: [1.961889931350919, -2.056193224261359, -1.666438018554586, 0.6175385876459799, 1.97596215682533, -0.5447364965546513]
      time_from_start: 0
    - positions: [2.097738124582634, -2.179663890744837, -1.521892198307955, 0.5692114026265951, 1.98143562209616, 0.00305581407479736]
      time_from_start: 0
  joint_names: [shoulder_pan_joint, shoulder_lift_joint, elbow_joint, wrist_1_joint, wrist_2_joint, wrist_3_joint]