joint_trajectory:
  points:
    - time_from_start: 0
      positions: [1.57, -1.5707, 0, -1.5707, -1.57, 3.14]
    - positions: [1.092887319227013, -2.061068985340131, -0.3853293103780177, 0.2306112564593574, 0.2598074283578166, 1.199803282201425]
      time_from_start: 0
    - time_from_start: 0
      positions: [2.978144734999441, -2.919001780492559, -1.732805659068501, 1.557783008577118, 1.663785494354795, -0.257111051242913]
    - time_from_start: 0
      positions: [3.004702598843732, -3.122670256704037, -1.237564315934518, 1.208905482465962, 1.725920592343743, -0.008135969770810065]
  joint_names: [shoulder_pan_joint, shoulder_lift_joint, elbow_joint, wrist_1_joint, wrist_2_joint, wrist_3_joint]