joint_trajectory:
  joint_names: [shoulder_pan_joint, shoulder_lift_joint, elbow_joint, wrist_1_joint, wrist_2_joint, wrist_3_joint]
  points:
    - time_from_start: 0
      positions: [1.57, -1.5707, 0, -1.5707, -1.57, 3.14]
    - time_from_start: 0
      positions: [0.2387051050303678, -2.899232570545457, 1.757723815500608, 2.335379968927231, -1.099673149354989, 0.5349194354355402]
    - time_from_start: 0
      positions: [-0.5509498206076214, -1.452147110814035, 2.045844126917991, 2.512036063601189, -0.4310967591336883, 0.1911799114284187]
    - positions: [-0.3463841946407357, -1.169719082804048, 1.843875446311341, 2.461764614265152, -0.8663168800525641, -0.004241598766854703]
      time_from_start: 0