joint_trajectory:
  points:
    - time_from_start: 0
      positions: [1.57, -1.5707, 0, -1.5707, -1.57, 3.14]
    - time_from_start: 0
      positions: [0.5108498778578074, -1.768021412092251, 1.495173371690234, 0.09037499316891831, 0.5582141659886641, 1.695313744929908]
    - positions: [0.8753564585887857, -1.127521404189892, 1.690273663987356, -0.3550324234753647, 2.409524730579002, 2.471001226127329]
      time_from_start: 0
    - positions: [0.8958418501625408, -0.7642738755028732, 1.327722702720776, -0.5655800544800919, 2.033705021008694, 3.140535969317477]
      time_from_start: 0
  joint_names: [shoulder_pan_joint, shoulder_lift_joint, elbow_joint, wrist_1_joint, wrist_2_joint, wrist_3_joint]