joint_trajectory:
  points:
    - positions: [1.57, -1.5707, 0, -1.5707, -1.57, 3.14]
      time_from_start: 0
    - time_from_start: 0
      positions: [0.4163819116093785, -0.4049680432541349, 1.570856010187811, 1.013258042295197, -1.024322973012434, 0.5726324958877784]
    - time_from_start: 0
      positions: [0.04435259120809033, -0.5382944660164458, 1.763270631030289, 1.552278086862168, -1.342325617480111, 0.2071653997772457]
    - positions: [0.1149000357094271, -0.6283518988926969, 1.814923421331288, 1.946951927306936, -1.59793969832884, 0.006818654403995874]
      time_from_start: 0
  joint_names: [shoulder_pan_joint, shoulder_lift_joint, elbow_joint, wrist_1_joint, wrist_2_joint, wrist_3_joint]