joint_trajectory:
  points:
    - positions: [1.57, -1.5707, 0, -1.5707, -1.57, 3.14]
      time_from_start: 0
    - time_from_start: 0
      positions: [0.6208071579154832, -0.2955259789894176, -1.019319300527671, -1.627024071791225, -1.631639368391678, 0.2824999434233965]
    - positions: [0.554630940518851, -0.127419667534624, -0.9307571313522556, -2.090949202407973, -1.681075956617535, -0.01055836460658351]
      time_from_start: 0
  joint_names: [shoulder_pan_joint, shoulder_lift_joint, elbow_joint, wrist_1_joint, wrist_2_joint, wrist_3_joint]