joint_trajectory:
  points:
    - time_from_start: 0
      positions: [1.57, -1.5707, 0, -1.5707, -1.57, 3.14]
    - time_from_start: 0
      positions: [-1.091081184830289, -2.447318006983469, -1.543294565792537, 0.5974372386651288, 0.4944093166855326, -0.3204295738004897]
    - time_from_start: 0
      positions: [-1.301067163947672, -2.674136405817352, -1.337258802183241, 0.8643977268501304, 0.9855202049275237, -0.002740080202896392]
  joint_names: [shoulder_pan_joint, shoulder_lift_joint, elbow_joint, wrist_1_joint, wrist_2_joint, wrist_3_joint]