joint_trajectory:
  points:
    - positions: [1.57, -1.5707, 0, -1.5707, -1.57, 3.14]
      time_from_start: 0
    - time_from_start: 0
      positions: [0.350416385969588, -1.64516988432608, 0.8669741418062398, 0.8940480785865035, 0.2915891486878492, 2.235447857870307]
    - positions: [0.5053875355445321, -1.557616987961199, 0.9320727665180051, 0.7146116696990614, 0.7688326263085334, 2.596569335473866]
      time_from_start: 0
    - positions: [0.7140475084965516, -1.39958914633827, 0.9690946981146534, 0.437813055881758, 1.505307991372793, 3.139196558311747]
      time_from_start: 0
  joint_names: [shoulder_pan_joint, shoulder_lift_joint, elbow_joint, wrist_1_joint, wrist_2_joint, wrist_3_joint]