joint_trajectory:
  points:
    - time_from_start: 0
      positions: [1.57, -1.5707, 0, -1.5707, -1.57, 3.14]
    - positions: [-0.1837209569117487, -0.193214050135917, -1.123748456784412, -1.731417582961884, -1.267000231184497, 0.03448449410058023]
      time_from_start: 0
    - time_from_start: 0
      positions: [-0.06764081659780015, -0.103044076435962, -0.9849153117114513, -2.058983407958308, -1.635660451082748, -0.008648573619328989]
  joint_names: [shoulder_pan_joint, shoulder_lift_joint, elbow_joint, wrist_1_joint, wrist_2_joint, wrist_3_joint]