joint_trajectory:
  points:
    - positions: [1.57, -1.5707, 0, -1.5707, -1.57, 3.14]
      time_from_start: 0
    - positions: [0.1037221742150296, -1.504081992790049, -0.4271941347525186, -1.690296905535616, -2.217286244209821, -0.383856791994357]
      time_from_start: 0
    - positions: [-1.926938583765176, -2.068838344247479, -1.016499216011736, -0.04850151884394539, 0.8714998233612061, -0.01295871552840708]
      time_from_start: 0
  joint_names: [shoulder_pan_joint, shoulder_lift_joint, elbow_joint, wrist_1_joint, wrist_2_joint, wrist_3_joint]