joint_trajectory:
  points:
    - positions: [1.57, -1.5707, 0, -1.5707, -1.57, 3.14]
      time_from_start: 0
    - time_from_start: 0
      positions: [-1.201640130840073, -2.268483693117069, -1.92377689942509, 0.8412933665879978, 0.6555462896251858, -0.6436096024465965]
    - positions: [-1.513973058553864, -2.590710392384914, -1.56477841105285, 1.020125194655977, 0.9600832912134966, -0.005606624863665237]
      time_from_start: 0
  joint_names: [shoulder_pan_joint, shoulder_lift_joint, elbow_joint, wrist_1_joint, wrist_2_joint, wrist_3_joint]