joint_trajectory:
  joint_names: [shoulder_pan_joint, shoulder_lift_joint, elbow_joint, wrist_1_joint, wrist_2_joint, wrist_3_joint]
  points:
    - positions: [1.57, -1.5707, 0, -1.5707, -1.57, 3.14]
      time_from_start: 0
    - positions: [-0.4116459869107386, -1.290866050864542, 1.322784875017081, 0.1347209271017623, 0.2832751053597285, -2.069757121412899]
      time_from_start: 0
    - positions: [-0.1860266803748831, -1.016243487771794, 1.105269745321764, -0.08949295934378675, 0.8664719180909092, -3.140925802915661]
      time_from_start: 0