joint_trajectory:
  points:
    - time_from_start: 0
      positions: [1.57, -1.5707, 0, -1.5707, -1.57, 3.14]
    - time_from_start: 0
      positions: [2.896411041995519, -3.093112817994371, 1.702542769111187, -1.55292558983767, 1.185647864997967, 0.2926034029526031]
    - time_from_start: 0
      positions: [2.754064859873405, -3.133957749694335, 1.402662843139106, -1.40664423493471, 1.310334974530877, -0.008893025267191159]
  joint_names: [shoulder_pan_joint, shoulder_lift_joint, elbow_joint, wrist_1_joint, wrist_2_joint, wrist_3_joint]