joint_trajectory:
  points:
    - positions: [1.57, -1.5707, 0, -1.5707, -1.57, 3.14]
      time_from_start: 0
    - positions: [1.504357093896072, -0.1758991230254312, -1.319153997611932, -1.579685154837956, -1.299099445213003, -0.3454391711395305]
      time_from_start: 0
    - time_from_start: 0
      positions: [1.643219833972984, -0.08548270986917622, -1.065069309703866, -1.984028297638074, -1.721204897583347, 0.007120484813648778]
  joint_names: [shoulder_pan_joint, shoulder_lift_joint, elbow_joint, wrist_1_joint, wrist_2_joint, wrist_3_joint]