joint_trajectory:
  points:
    - positions: [1.57, -1.5707, 0, -1.5707, -1.57, 3.14]
      time_from_start: 0
    - positions: [0.009356693126338494, -0.4443974809749749, 1.130050664149717, 0.8258631413064139, -0.4269455907203422, 0.4694829066969818]
      time_from_start: 0
    - time_from_start: 0
      positions: [-0.1836178455245912, -0.5656993663973943, 1.577076390285205, 1.776380380101648, -1.188274347236436, 0.1746835477004267]
    - positions: [-0.03069365573678739, -0.4707864278142366, 1.324854250925272, 2.292866316839057, -1.730922398161348, -0.006246226957924354]
      time_from_start: 0
  joint_names: [shoulder_pan_joint, shoulder_lift_joint, elbow_joint, wrist_1_joint, wrist_2_joint, wrist_3_joint]