joint_trajectory:
  joint_names: [shoulder_pan_joint, shoulder_lift_joint, elbow_joint, wrist_1_joint, wrist_2_joint, wrist_3_joint]
  points:
    - time_from_start: 0
      positions: [1.57, -1.5707, 0, -1.5707, -1.57, 3.14]
    - time_from_start: 0
      positions: [0.3806951722609667, -0.9199350663124832, -1.266877817087645, -0.7454222163159698, -2.428944240229248, 0.8953817571337687]
    - positions: [-0.4144014539674065, -0.06923815976775892, -1.167102109694535, -1.924407260615707, -1.905511908047215, -0.01954667971401743]
      time_from_start: 0
    - time_from_start: 0
      positions: [-0.4241702189758449, -0.06452241739868503, -1.140558753985871, -1.946187100769789, -1.891888788269152, -0.008572256001774137]