joint_trajectory:
  joint_names: [shoulder_pan_joint, shoulder_lift_joint, elbow_joint, wrist_1_joint, wrist_2_joint, wrist_3_joint]
  points:
    - time_from_start: 0
      positions: [1.57, -1.5707, 0, -1.5707, -1.57, 3.14]
    - time_from_start: 0
      positions: [-0.6428761092883681, -1.026282770484641, 1.932470317209954, 0.2363122034711932, 0.3897588895328039, 2.273528751098286]
    - positions: [-1.219003004914498, -0.3305206915677696, 1.165419575329633, -0.6253107370768805, 0.7071708569329861, 2.989900423353379]
      time_from_start: 0
    - time_from_start: 0
      positions: [-1.198587445601817, -0.272095080272288, 1.073640550822812, -0.7994004472423606, 0.8931489023164685, 3.136917091896909]