joint_trajectory:
  joint_names: [shoulder_pan_joint, shoulder_lift_joint, elbow_joint, wrist_1_joint, wrist_2_joint, wrist_3_joint]
  points:
    - positions: [1.57, -1.5707, 0, -1.5707, -1.57, 3.14]
      time_from_start: 0
    - positions: [-1.606249855679743, -2.486790530884483, -1.559419742052554, 0.9030005321425553, 0.3023738172795297, 0.5363907924435121]
      time_from_start: 0
    - positions: [-1.972846893653771, -2.586505897221308, -1.517609024495164, 0.9660238924230791, 0.812967772235349, 0.103224965879965]
      time_from_start: 0
    - positions: [-2.068648243949839, -2.614735780570511, -1.487584489783256, 0.9690172040629735, 0.9625272195519016, 0.001778855165324145]
      time_from_start: 0