joint_trajectory:
  points:
    - positions: [1.57, -1.5707, 0, -1.5707, -1.57, 3.14]
      time_from_start: 0
    - positions: [-2.165172708604301, -1.571121870883063, -2.055235515594821, 0.152731031155776, 0.8933621621771215, -0.6049572587754217]
      time_from_start: 0
    - time_from_start: 0
      positions: [-2.771340228309369, -2.043632098745482, -1.610792319693522, 0.4272549721822929, 1.659037830846729, -0.1553739506962586]
    - positions: [-2.874819640894995, -2.228323593822017, -1.437471859058813, 0.533900459680381, 1.915922191045588, 0.00511921630669965]
      time_from_start: 0
  joint_names: [shoulder_pan_joint, shoulder_lift_joint, elbow_joint, wrist_1_joint, wrist_2_joint, wrist_3_joint]