joint_trajectory:
  joint_names: [shoulder_pan_joint, shoulder_lift_joint, elbow_joint, wrist_1_joint, wrist_2_joint, wrist_3_joint]
  points:
    - positions: [1.57, -1.5707, 0, -1.5707, -1.57, 3.14]
      time_from_start: 0
    - positions: [-2.49980362714412, -2.145732580015521, -2.216915166910967, 0.3650766016752212, 1.542781926831696, -0.5573619844072348]
      time_from_start: 0
    - time_from_start: 0
      positions: [-2.814287293940406, -2.435706960020326, -2.150464285763217, 0.6556455226947757, 1.621815156443565, -0.6334603857979044]
    - positions: [-2.852555486033868, -3.133479921100858, -1.202418004641425, 1.202253084346628, 1.753583456967342, 0.005545074830787915]
      time_from_start: 0