joint_trajectory:
  points:
    - time_from_start: 0
      positions: [1.57, -1.5707, 0, -1.5707, -1.57, 3.14]
    - time_from_start: 0
      positions: [2.848684772915448, -1.527991540749995, -1.662144882452472, -0.196893569540469, 1.304502828302177, -0.2049038943018711]
    - time_from_start: 0
      positions: [2.973731719177332, -1.994741254918406, -1.088999127874161, -0.1348035295199772, 0.9708401110594579, -0.05565495666116719]
    - time_from_start: 0
      positions: [3.020828593578852, -2.181984203312673, -0.8592022510812393, -0.1089621286832551, 0.8353883570620411, 0.004010301514796322]
  joint_names: [shoulder_pan_joint, shoulder_lift_joint, elbow_joint, wrist_1_joint, wrist_2_joint, wrist_3_joint]