joint_trajectory:
  points:
    - positions: [1.57, -1.5707, 0, -1.5707, -1.57, 3.14]
      time_from_start: 0
    - time_from_start: 0
      positions: [-2.708730065520817, -2.5204091843855, -1.534699333777047, 0.6861421198490512, 0.4490037706594979, 0.5068015727074839]
    - positions: [-2.971876725278065, -2.60576061070706, -1.454700206955803, 0.8506203354268427, 0.9454241385994138, 0.1750461719299666]
      time_from_start: 0
    - positions: [-3.080718065284067, -2.650269027894522, -1.409182589939116, 0.9258662869541096, 1.19498799235922, -0.005300166278717933]
      time_from_start: 0
  joint_names: [shoulder_pan_joint, shoulder_lift_joint, elbow_joint, wrist_1_joint, wrist_2_joint, wrist_3_joint]