joint_trajectory:
  joint_names: [shoulder_pan_joint, shoulder_lift_joint, elbow_joint, wrist_1_joint, wrist_2_joint, wrist_3_joint]
  points:
    - time_from_start: 0
      positions: [1.57, -1.5707, 0, -1.5707, -1.57, 3.14]
    - positions: [-0.4183146460164155, -1.044921124567269, 2.036126979750032, -1.111765587672999, 1.515903402871572, 2.630944495983929]
      time_from_start: 0
    - time_from_start: 0
      positions: [-0.5793481884702982, -0.9182640561029699, 1.631448679138322, -0.7074228442883735, 1.630086675683512, 3.133870602823067]