joint_trajectory:
  joint_names: [shoulder_pan_joint, shoulder_lift_joint, elbow_joint, wrist_1_joint, wrist_2_joint, wrist_3_joint]
  points:
    - positions: [1.57, -1.5707, 0, -1.5707, -1.57, 3.14]
      time_from_start: 0
    - time_from_start: 0
      positions: [-0.1864465139637108, -0.434814713194994, 2.016474231621915, 2.066719568529503, -1.173444303730379, -1.54451377133018]
    - positions: [0.07693280257779433, -0.05895985441063135, 1.220272604606134, 2.119217418630492, -1.044773388176501, -0.3864939573847714]
      time_from_start: 0
    - positions: [0.1652198614833168, 0.05773219097138207, 0.9525561666892636, 2.143095910756531, -1.003403625767179, -0.01293240340427231]
      time_from_start: 0