joint_trajectory:
  points:
    - positions: [2.630812228031816, -1.388063620103861, -1.539722882424388, -0.7226450140083234, -2.469149895916489, 2.869093532558792, -1.373803422868593]
      time_from_start: 0
    - time_from_start: 0
      positions: [-0.4009717440786552, 0.9951911412788533, -1.7652507029687, -1.652247701971259, -0.3324472986606749, 1.245208246036068, -0.08941288458009711]
    - positions: [-0.3690568297120148, 1.707825482859505, 1.125951773532354, -0.5942361498876592, 2.38667436632276, 2.733992955569127, 0.3109235153295589]
      time_from_start: 0
  joint_names: [panda_joint1, panda_joint2, panda_joint3, panda_joint4, panda_joint5, panda_joint6, panda_joint7]