joint_trajectory:
  points:
    - positions: [0.09322941126792328, 1.052319888695909, -0.7022898466607035, -0.6329719819416086, -0.9861070026763762, 3.444958526836059, -0.7670025868092015]
      time_from_start: 0
    - positions: [-1.309804765350581, 0.149040004406333, 0.1014191297857139, -1.811913175337847, 0.04712684750935436, 1.691155476582776, -0.5320084736873734]
      time_from_start: 0
    - time_from_start: 0
      positions: [-0.2559887394378072, 1.108028179970123, -0.8597552034341513, -1.54956490219236, 1.319934730979629, 1.584047524249188, 0.6606225826921461]
    - time_from_start: 0
      positions: [-0.367231618839975, 1.741828514936868, 1.20985717666744, -0.5770541420886541, 2.369112307715961, 2.740071285430403, 0.2435399868526348]
  joint_names: [panda_joint1, panda_joint2, panda_joint3, panda_joint4, panda_joint5, panda_joint6, panda_joint7]