joint_trajectory:
  joint_names: [panda_joint1, panda_joint2, panda_joint3, panda_joint4, panda_joint5, panda_joint6, panda_joint7]
  points:
    - positions: [-2.563128790334976, -1.399446317509126, 1.5044510873325, -0.8369684254008428, 2.542678049457548, 2.833107490803407, 2.8973]
      time_from_start: 0
    - time_from_start: 0
      positions: [-0.4526553903541992, 1.038281082708389, -2.071331577821635, -3.056511772970809, 0.8089030225437601, 1.338944617421366, 0.1366611082578078]
    - time_from_start: 0
      positions: [-0.3767216971038967, 1.68997978145497, 1.056075962577378, -0.6333370249878306, 2.444716030817673, 2.68492065792547, 0.308342492896695]