joint_trajectory:
  joint_names: [panda_joint1, panda_joint2, panda_joint3, panda_joint4, panda_joint5, panda_joint6, panda_joint7]
  points:
    - time_from_start: 0
      positions: [-2.609124327697562, -1.367594991677261, 1.586283346483756, -0.7548322271756573, 2.456763901974685, 2.86436272096021, 2.8973]
    - positions: [-0.7620549592966201, 1.597639291281857, -0.6498953496697282, -1.390392993299497, 1.517441888126833, 3.059043734117521, 0.3216218723515925]
      time_from_start: 0
    - positions: [-0.2982136450139762, 1.762799965958976, 1.217315619392051, -0.4509652908766958, 2.247550959514971, 2.790595139397339, 0.3643458178467108]
      time_from_start: 0