joint_trajectory:
  points:
    - positions: [2.591082290020331, -1.337357401078427, -1.609127764241943, -0.7865530304197094, -2.468873963390483, 2.86780806368158, -1.274081255339872]
      time_from_start: 0
    - time_from_start: 0
      positions: [-1.911327210500324, 0.9786589395185934, -0.2124542857136111, -0.4991654409566197, 0.05319794016513057, 1.403870951081626, 1.076907964330167]
    - time_from_start: 0
      positions: [2.781433558899907, -1.698165869686425, -2.076504578744429, -0.5959596439472435, 2.442206297509539, 2.71422482953227, 0.3187755282841174]
  joint_names: [panda_joint1, panda_joint2, panda_joint3, panda_joint4, panda_joint5, panda_joint6, panda_joint7]