joint_trajectory:
  joint_names: [panda_joint1, panda_joint2, panda_joint3, panda_joint4, panda_joint5, panda_joint6, panda_joint7]
  points:
    - positions: [0.01831335875658345, 1.022731685418991, -0.4259964639854936, -0.6403439204255391, -1.002119352233101, 3.366087072257371, -0.9927930277078402]
      time_from_start: 0
    - time_from_start: 0
      positions: [1.421087807018075, -1.662610105928838, -2.094307787992858, -1.837260900091604, 1.834309790743592, 2.290302546094507, -0.3206282882271102]
    - time_from_start: 0
      positions: [2.8973, -1.695789311745114, -2.221144132163564, -0.4489110513132987, 2.490144638329232, 2.731762441735625, 0.4455392649272241]