joint_trajectory:
  joint_names: [panda_joint1, panda_joint2, panda_joint3, panda_joint4, panda_joint5, panda_joint6, panda_joint7]
  points:
    - positions: [-2.72755123813894, -1.100875055148079, 2.24825551538539, -0.6602197956712781, 2.22281651406116, 3.048842870228319, 2.467308269165567]
      time_from_start: 0
    - time_from_start: 0
      positions: [1.513166835234927, -1.409520267356705, -2.06991243167206, -1.34700032197524, 0.4954461255560169, 2.009199566731593, 0.504192001291567]
    - time_from_start: 0
      positions: [1.828157871655224, -1.568912913143703, -2.127006029816104, -1.185134699948419, 0.819427110834273, 2.169716411442045, 0.4950511789995456]
    - positions: [2.84252496947072, -1.762799805239688, -1.902631542223274, -0.4512956017685964, 2.224915278276309, 2.799427503781721, 0.3710166697745552]
      time_from_start: 0