joint_trajectory:
  joint_names: [panda_joint1, panda_joint2, panda_joint3, panda_joint4, panda_joint5, panda_joint6, panda_joint7]
  points:
    - positions: [-0.5094405610623215, 1.533472430941561, 1.88960208206807, -0.790772313251965, -2.618170240041097, 2.784796993078761, -1.546072185415926]
      time_from_start: 0
    - positions: [1.397988585723095, -1.524354843452016, -1.9837455987949, -1.623188305202927, 0.1189241022027021, 2.925408670209301, 0.4578159241333132]
      time_from_start: 0
    - time_from_start: 0
      positions: [1.927091295432526, -1.625196566278344, -1.975650956923, -1.231687755050429, 0.9430086260177766, 2.873359773810128, 0.3700831471747075]
    - positions: [2.778223591343672, -1.75961533798706, -1.902892599544941, -0.5513291114639588, 2.272243293857954, 2.756474208883931, 0.2972217317825749]
      time_from_start: 0