joint_trajectory:
  joint_names: [panda_joint1, panda_joint2, panda_joint3, panda_joint4, panda_joint5, panda_joint6, panda_joint7]
  points:
    - time_from_start: 0
      positions: [0.5547807657025485, 1.420091977425005, -1.672121174674603, -0.8217636036185685, 2.576530522045785, 2.815008182124106, 2.8973]
    - positions: [1.348930245892638, -1.527666204525936, -1.972950388829789, -1.115285419581097, 0.3618109176677832, 1.956966853372037, -0.4532874680419357]
      time_from_start: 0
    - time_from_start: 0
      positions: [2.074011252624274, -1.624841838057695, -2.100141753788401, -1.064525238666893, 0.7522208956439176, 2.026794065662481, -0.4496946058039238]
    - positions: [2.800412887167003, -1.7628, -1.883287833392529, -0.5241831303339133, 2.285316910210511, 2.773339504621001, 0.2751196516785534]
      time_from_start: 0