joint_trajectory:
  joint_names: [panda_joint1, panda_joint2, panda_joint3, panda_joint4, panda_joint5, panda_joint6, panda_joint7]
  points:
    - time_from_start: 0
      positions: [-0.333440087316815, 1.06860582394685, 0.6757075011962228, -0.6145033416479418, -2.044889621343176, 3.105015865253164, -0.8953714339608738]
    - time_from_start: 0
      positions: [-1.463042804561564, 0.7604632926804786, 1.029120787828691, -1.194392744679188, 0.1456706496729378, 1.824312145989403, -0.1735172107359967]
    - time_from_start: 0
      positions: [-2.716220734615018, 1.296687902272493, -1.29091196993785, -1.695154141385248, -1.801209424178675, 1.24208796023624, -2.729799824052257]
    - positions: [-0.3699401813797611, 1.7628, 1.244751577545501, -0.5727720927723476, 2.318038909996801, 2.749957861599146, 0.2544752167452423]
      time_from_start: 0