joint_trajectory:
  joint_names: [panda_joint1, panda_joint2, panda_joint3, panda_joint4, panda_joint5, panda_joint6, panda_joint7]
  points:
    - time_from_start: 0
      positions: [-2.715184604592874, -1.749597319905912, 0.847958400454214, -0.8929067986562064, 2.782553463952127, 2.664268072800552, -2.886865332247086]
    - time_from_start: 0
      positions: [0.9172671750686978, 0.2361890490378337, -0.2964099605969645, -1.89823765231904, 0.9594609688923322, 2.471657176086332, 0.2681888980900082]
    - time_from_start: 0
      positions: [0.9117516896900362, 1.262472555913676, -0.07104113051838484, -1.453915691856147, 1.633316544639855, 2.508031029580685, 0.8000668763480416]
    - time_from_start: 0
      positions: [-0.350010536067731, 1.667601985690704, 0.9802023303808837, -0.6236265877812162, 2.488229976199476, 2.673391270947399, 0.3621857531230494]