joint_trajectory:
  points:
    - positions: [0.1693942866361811, 1.073387368552248, -0.1841964696534967, -0.5114969078669254, 1.531837427364466, 3.221204684971302, 2.558057180062734]
      time_from_start: 0
    - positions: [1.086639807975028, -1.289046695673584, -1.333728086961942, -1.808713861572997, -0.7141317119538072, 0.9087139384358465, 0.8799115146125351]
      time_from_start: 0
    - positions: [1.815077642516465, -1.639715716492306, -2.065155790229596, -1.322882783047117, 0.228176570290837, 1.545293822571692, 0.78371268111154]
      time_from_start: 0
    - positions: [2.82135115912659, -1.7628, -1.889594115138306, -0.4835093281385289, 2.253184216039702, 2.796134060035475, 0.323594468562614]
      time_from_start: 0
  joint_names: [panda_joint1, panda_joint2, panda_joint3, panda_joint4, panda_joint5, panda_joint6, panda_joint7]