joint_trajectory:
  points:
    - time_from_start: 0
      positions: [-2.721107233821717, -1.75800823485051, 0.8347669366226901, -0.8834533403839299, 2.819644480900385, 2.663459469875906, -2.892551082236893]
    - time_from_start: 0
      positions: [-0.4693210684745277, 0.7053444996723655, -0.6490208315844775, -1.643870950858387, 1.968711746342418, 2.215232373339353, -1.141798035815949]
    - time_from_start: 0
      positions: [-0.5447787473718775, 1.205480916041652, 0.001738220903447274, -1.298768393872621, 2.088795546163155, 2.301661295075641, -0.6440446144183829]
    - time_from_start: 0
      positions: [-0.4067031474399398, 1.753660836758752, 1.257915454240403, -0.6297535923811116, 2.320618617875362, 2.734449935724109, 0.2287605732521781]
  joint_names: [panda_joint1, panda_joint2, panda_joint3, panda_joint4, panda_joint5, panda_joint6, panda_joint7]