joint_trajectory:
  joint_names: [panda_joint1, panda_joint2, panda_joint3, panda_joint4, panda_joint5, panda_joint6, panda_joint7]
  points:
    - positions: [-0.1933340959732971, 1.066296205630704, 0.24445664764668, -0.5195087904124698, -1.660909100641738, 3.219099683575391, -0.9040188976118578]
      time_from_start: 0
    - positions: [1.283262214471351, -1.340492914788258, -1.924592641133114, -1.942742205519003, 1.225922548146877, 2.840266382423899, 1.6437082520546]
      time_from_start: 0
    - positions: [2.191647407443984, -1.526348608278051, -2.553314354396878, -1.742107699884309, 2.492874304248659, 2.521932825590652, 0.8691856816127032]
      time_from_start: 0
    - time_from_start: 0
      positions: [2.75935795708165, -1.676442038095294, -2.087430772116324, -0.6535959606474455, 2.475471509292301, 2.682974287208829, 0.2875567872564531]