joint_trajectory:
  joint_names: [panda_joint1, panda_joint2, panda_joint3, panda_joint4, panda_joint5, panda_joint6, panda_joint7]
  points:
    - time_from_start: 0
      positions: [-0.461691506123564, 1.166410200656216, 1.081044852515534, -0.673873584493525, -2.277203566055771, 3.018047823721825, -1.037109762743287]
    - time_from_start: 0
      positions: [1.596526303901227, -1.649884735630528, -2.257541642236319, -1.97695438125032, 2.575704574182331, 3.073842210043556, 1.553239627820219]
    - positions: [2.787228287751903, -1.737198304670455, -1.980070723140606, -0.5592247282984347, 2.32314885994079, 2.731753555428575, 0.3405613966680628]
      time_from_start: 0