joint_trajectory:
  points:
    - time_from_start: 0
      positions: [2.583449530347794, -1.546927374537327, -1.255695559590613, -0.8808001000611124, -2.621939789323708, 2.743654259686772, -1.519319935260711]
    - positions: [-0.2250491284916998, 0.7985345251587108, -1.145864383398025, -1.518752027685924, -0.3279019390687762, 1.684429738770113, 0.08037989874730411]
      time_from_start: 0
    - time_from_start: 0
      positions: [-0.4665154220888809, 1.249146395465542, -0.607160064863739, -1.351406378721673, 0.3901576293255177, 1.869533321525769, 0.2339799521471401]
    - time_from_start: 0
      positions: [-0.379857711901201, 1.7628, 1.2660910782295, -0.5758503532665423, 2.296882238159352, 2.757912966314668, 0.2492314899083897]
  joint_names: [panda_joint1, panda_joint2, panda_joint3, panda_joint4, panda_joint5, panda_joint6, panda_joint7]