joint_trajectory:
  points:
    - positions: [2.603495720848028, -1.50024013450425, -1.318970499343781, -0.8252083135550999, -2.596586892108265, 2.784122600605, -1.474349160754389]
      time_from_start: 0
    - time_from_start: 0
      positions: [-0.6958634953388696, 0.7683615165346016, -0.8283012279093114, -1.391147362871668, 1.261008257646968, 1.57126778193029, -0.1034335952678107]
    - time_from_start: 0
      positions: [-0.6952468211524911, 1.380122107415209, 0.08969587350132691, -1.022624647026632, 1.849378595051192, 2.099246282934669, 0.03465399626859486]
    - time_from_start: 0
      positions: [-0.3394383120383208, 1.7628, 1.230862118165758, -0.5230723717879021, 2.284066847381973, 2.756121069767009, 0.3051615048923929]
  joint_names: [panda_joint1, panda_joint2, panda_joint3, panda_joint4, panda_joint5, panda_joint6, panda_joint7]