joint_trajectory:
  points:
    - time_from_start: 0
      positions: [2.77929618292861, -1.131484492484788, -2.287891770499357, -0.5932791279512054, -2.009070697839536, 3.067198591549119, -1.097919211084647]
    - positions: [-0.7884274113854008, 1.244071003656738, -1.298631549171964, -1.974864093212787, 1.071437079053388, 2.848965663023216, -0.3193842394431594]
      time_from_start: 0
    - positions: [-0.1186087741354435, 1.746076978000893, 0.8133469155433365, -0.2365728418901792, 2.43584696953664, 2.802936640990662, 0.6337093174252766]
      time_from_start: 0
  joint_names: [panda_joint1, panda_joint2, panda_joint3, panda_joint4, panda_joint5, panda_joint6, panda_joint7]