joint_trajectory:
  points:
    - positions: [-2.897299943827846, -1.008187042763644, 2.759819388310965, -0.5956707758739987, 1.960594407620753, 3.166001207996934, 2.282308123597383]
      time_from_start: 0
    - time_from_start: 0
      positions: [1.769178292175734, -1.465774068862862, -2.548072697272664, -1.204593112136438, -1.124988483611604, 2.424889857812883, 1.663304044141324]
    - time_from_start: 0
      positions: [2.175695833020962, -1.588428367962867, -2.568307662321258, -1.150744146843006, -0.7994208183581648, 2.514557974279397, 1.524103666253471]
    - time_from_start: 0
      positions: [2.778304205402949, -1.7628, -1.887186101202064, -0.5543080722992468, 2.287228736597288, 2.763672792597972, 0.2642658801290081]
  joint_names: [panda_joint1, panda_joint2, panda_joint3, panda_joint4, panda_joint5, panda_joint6, panda_joint7]