joint_trajectory:
  joint_names: [panda_joint1, panda_joint2, panda_joint3, panda_joint4, panda_joint5, panda_joint6, panda_joint7]
  points:
    - time_from_start: 0
      positions: [0.5921460227417019, 1.421861351041555, -1.673583286692438, -0.8617515606140257, 2.579630448688917, 2.817492228918669, 2.8973]
    - time_from_start: 0
      positions: [1.44095350400239, -0.8916407217834805, -2.278573010366462, -1.822744293113894, 0.3819381897024063, 2.27503291755767, 0.8041018425820989]
    - time_from_start: 0
      positions: [2.047436144110423, -1.50776904220037, -2.204723585875104, -1.452044755377634, 0.9220446018059594, 2.465720263385914, 0.350974436542712]
    - time_from_start: 0
      positions: [2.778425347762877, -1.7628, -1.903944864520888, -0.5632815639392755, 2.330970169352089, 2.745137313439419, 0.2492896112433562]