joint_trajectory:
  points:
    - time_from_start: 0
      positions: [-2.778412163593905, -1.073630143610486, 2.402885569241004, -0.6220807573184599, 2.098007935647989, 3.103143868650193, 2.458694920622768]
    - time_from_start: 0
      positions: [2.009035149603362, -1.372129863413563, -2.228026278641888, -1.805557101437545, 2.24812329320871, 3.621808332944917, 0.2816334508042223]
    - positions: [2.750900262859336, -1.7628, -1.882626612359148, -0.5928176041539713, 2.295365748402768, 2.749432780287083, 0.2556827983907112]
      time_from_start: 0
  joint_names: [panda_joint1, panda_joint2, panda_joint3, panda_joint4, panda_joint5, panda_joint6, panda_joint7]