joint_trajectory:
  joint_names: [panda_joint1, panda_joint2, panda_joint3, panda_joint4, panda_joint5, panda_joint6, panda_joint7]
  points:
    - time_from_start: 0
      positions: [-0.4190959959443663, 1.175249652315982, 1.050858965762345, -0.6322787706884737, -2.108150931894347, 3.018895493742271, -1.171281550308172]
    - time_from_start: 0
      positions: [1.526138825997331, -1.710295988917147, -1.880284745856004, -1.353981426634847, 0.7478114694617422, 2.868403122468648, -0.8884307731515115]
    - time_from_start: 0
      positions: [2.7746357688379, -1.7628, -1.882810037808291, -0.5593572978949088, 2.296904776513278, 2.772824719214785, 0.2601534922241425]