joint_trajectory:
  points:
    - positions: [-0.2162014793949904, 1.056550798708524, 0.288070739718905, -0.5431747683187965, -1.681686135729089, 3.20970471453994, -0.9217874257352323]
      time_from_start: 0
    - positions: [-1.408713611600062, -0.1560871543140037, -1.071155600480982, -0.794031757189755, -0.9564332258850923, 3.071757932779031, -0.3204432282199292]
      time_from_start: 0
    - positions: [-0.4131305153972935, 1.523440400401689, 0.9502989594738929, -2.844024288104684, -1.324601669293642, 3.441281760283746, 1.462548057950288]
      time_from_start: 0
    - time_from_start: 0
      positions: [-0.4058933613248374, 1.7628, 1.276955611283934, -0.6190245917453626, 2.316062542432872, 2.74394789616469, 0.2142620052537868]
  joint_names: [panda_joint1, panda_joint2, panda_joint3, panda_joint4, panda_joint5, panda_joint6, panda_joint7]