joint_trajectory:
  joint_names: [panda_joint1, panda_joint2, panda_joint3, panda_joint4, panda_joint5, panda_joint6, panda_joint7]
  points:
    - time_from_start: 0
      positions: [-2.872612006577719, -1.06050002039194, 2.639574779786079, -0.5620949506050117, 1.936953359844645, 3.143383832079048, 2.427572482100577]
    - positions: [-0.9761736173727078, 1.484621334189409, 0.3327776494379358, -0.828759681240913, 1.861347983592886, 2.911128496803464, 0.7531908997332957]
      time_from_start: 0
    - time_from_start: 0
      positions: [-0.354368895471883, 1.7628, 1.245855735457084, -0.5406476688726207, 2.277657204630568, 2.754243117785307, 0.284714699162145]