joint_trajectory:
  points:
    - time_from_start: 0
      positions: [-2.610609322458611, -1.366297633840536, 1.573418849577318, -0.7710626847003759, 2.468546515680702, 2.850889980982211, 2.8973]
    - time_from_start: 0
      positions: [1.811843604749408, -1.652157381992129, -1.976546355478468, -1.035872551584309, 2.105763027175367, 2.867212197154041, 0.9734141700819969]
    - time_from_start: 0
      positions: [2.7921388396736, -1.7628, -1.899291953445329, -0.5430017479797631, 2.322942282447602, 2.75873224800804, 0.2576928371457642]
  joint_names: [panda_joint1, panda_joint2, panda_joint3, panda_joint4, panda_joint5, panda_joint6, panda_joint7]