joint_trajectory:
  points:
    - time_from_start: 0
      positions: [-2.615217229155815, -1.338847196785443, 1.642686353692717, -0.7430907002221167, 2.408823625184704, 2.881185218143007, 2.8973]
    - time_from_start: 0
      positions: [1.231145505529292, -1.274608778059942, -1.922808800647565, -2.075331435473493, 1.206931997725007, 2.719610978410506, 0.03614845483382868]
    - time_from_start: 0
      positions: [1.771845030157317, -1.469248744489925, -1.978527933838085, -1.820347842234594, 1.431277485243597, 2.740473436046584, -0.1032140184824126]
    - positions: [2.812797842464497, -1.7628, -1.915591992035995, -0.5122067697245962, 2.309615237068308, 2.76430813406062, 0.2900163324898584]
      time_from_start: 0
  joint_names: [panda_joint1, panda_joint2, panda_joint3, panda_joint4, panda_joint5, panda_joint6, panda_joint7]