joint_trajectory:
  points:
    - positions: [-0.1156018293460604, 0.9693351328750749, 0.533517019096982, -0.8154687829416455, 0.721281830808853, 3.4347888481605, 2.780515659058585]
      time_from_start: 0
    - time_from_start: 0
      positions: [1.177974836855372, -1.488432940140182, -2.563928088588901, -1.95574139909624, 0.8821256405347279, 3.141303057365594, 0.03572285008209386]
    - positions: [2.734235993778084, -1.7628, -1.862950666902358, -0.6209887260960401, 2.33405605280963, 2.74630290410741, 0.1832095891765389]
      time_from_start: 0
  joint_names: [panda_joint1, panda_joint2, panda_joint3, panda_joint4, panda_joint5, panda_joint6, panda_joint7]