joint_trajectory:
  points:
    - positions: [-2.703996398611816, -1.755068418417242, 0.8496729596844339, -0.9170930556408216, 2.799795127816151, 2.643148521516437, -2.892139484116648]
      time_from_start: 0
    - time_from_start: 0
      positions: [-0.7279055501739345, 1.149160902518411, -0.7265390374700079, -0.8737207026381216, 0.6421700974318474, 1.9452431902761, -0.2167833603784763]
    - time_from_start: 0
      positions: [-0.3612877639624443, 1.431310120333307, -0.33528060776688, -1.14885223217371, 0.7502441828642366, 2.162185870100202, -0.357243461717147]
    - positions: [-0.3474539237135547, 1.7628, 1.234994690439314, -0.538247461988971, 2.278414160710571, 2.745392339197013, 0.2996372241406223]
      time_from_start: 0
  joint_names: [panda_joint1, panda_joint2, panda_joint3, panda_joint4, panda_joint5, panda_joint6, panda_joint7]