joint_trajectory:
  joint_names: [panda_joint1, panda_joint2, panda_joint3, panda_joint4, panda_joint5, panda_joint6, panda_joint7]
  points:
    - time_from_start: 0
      positions: [0.3926961727283795, 1.05780571912532, -0.8018894021669652, -0.67595983599573, 2.205370652803416, 3.06854763432601, 2.40059749405927]
    - time_from_start: 0
      positions: [1.66082034519247, -1.417740377204459, -2.292080205552941, -1.321517823148663, 0.5387023910877866, 2.616820384741313, 0.6476157475665113]
    - positions: [1.896072768836982, -1.519909094567801, -2.246565729558386, -1.195030566239283, 0.8631208655122992, 2.631902816985835, 0.5120078783792038]
      time_from_start: 0
    - positions: [2.804188068587759, -1.7628, -1.916497888548586, -0.5170232224634114, 2.268052596119007, 2.768604161599306, 0.3290463513033717]
      time_from_start: 0