joint_trajectory:
  points:
    - time_from_start: 0
      positions: [-2.760767460751852, -1.762206873864063, 0.7779474588731774, -0.8585974910817873, 2.831217243319135, 2.671759181566199, -2.854820978618869]
    - positions: [-1.062533221886407, 1.211264664460183, 0.4568428479543913, -2.353509901434572, 1.412022664569059, 1.878108746865918, -0.3825239162826263]
      time_from_start: 0
    - positions: [-0.3611446747131101, 1.727426925023425, 1.149127575459885, -0.5891773658232325, 2.364826564708999, 2.720404907008084, 0.2916664517668047]
      time_from_start: 0
  joint_names: [panda_joint1, panda_joint2, panda_joint3, panda_joint4, panda_joint5, panda_joint6, panda_joint7]