joint_trajectory:
  joint_names: [panda_joint1, panda_joint2, panda_joint3, panda_joint4, panda_joint5, panda_joint6, panda_joint7]
  points:
    - positions: [0.0662022864046711, 1.019185028893662, 0.1463113127409429, -0.6483069384432292, 0.9788925064257511, 3.315734962831478, 2.827250282417523]
      time_from_start: 0
    - time_from_start: 0
      positions: [2.435327671557756, -1.461264114469951, -1.653602832745887, -2.68328218694851, 1.019454286137713, 1.182916711511267, 1.357169399005205]
    - time_from_start: 0
      positions: [2.802502132391686, -1.741064063818322, -1.97934130499951, -1.70678798396463, 1.709781032555723, 1.777812624365607, 0.8477371081419764]
    - time_from_start: 0
      positions: [2.883433935956042, -1.74515917508284, -2.016136976887803, -0.4173779098269776, 2.338711320987888, 2.779622625346185, 0.3883447230010952]