joint_trajectory:
  points:
    - positions: [0.07172099981586927, 0.9981428278259716, -0.4619084879325307, -0.7687526860891417, -0.6683981561017741, 3.429248001386246, -1.308856052409015]
      time_from_start: 0
    - time_from_start: 0
      positions: [1.735806512840462, -1.602537867800072, -1.987818202783625, -1.024737143910325, 1.581290803798907, 2.802017609599188, 0.1795413691815807]
    - positions: [2.791794930201214, -1.68629912937777, -2.099950738176826, -0.604272033819952, 2.48538819110474, 2.702474161098354, 0.2908592207855858]
      time_from_start: 0
  joint_names: [panda_joint1, panda_joint2, panda_joint3, panda_joint4, panda_joint5, panda_joint6, panda_joint7]