joint_trajectory:
  points:
    - time_from_start: 0
      positions: [1.063644301941694, -0.07868148146571737, -3.05417993878, 0.7566209196055408, 2.748895237304973, 0.8459599740363121, 0.1805543899708724]
    - time_from_start: 0
      positions: [0.909196712097927, -0.2244041713508936, -1.904978945427653, 1.069477880676167, 1.556285975839032, 0.3617256508559679, 0.1891550635489209]
    - time_from_start: 0
      positions: [-0.4231572581169412, 0.4629144755076676, 0.782609230974957, 0.8653451386656124, -1.860423249612768, -0.6297956820837007, 0.2120204022433046]
    - positions: [-0.3729321552300934, 0.9054463323511978, 1.535934747360402, 0.6953595545859472, -2.574640977830905, -0.7011663152084214, 0.2671664112641642]
      time_from_start: 0
  joint_names: [right_s0, right_s1, right_e0, right_e1, right_w0, right_w1, right_w2]