joint_trajectory:
  joint_names: [right_s0, right_s1, right_e0, right_e1, right_w0, right_w1, right_w2]
  points:
    - positions: [1.368879542695942, -0.3347152838526226, -3.034519889118257, 0.2917554814334792, 2.212588257561715, 0.8134296337446201, 0.6215417129995693]
      time_from_start: 0
    - time_from_start: 0
      positions: [1.111854763860765, -0.370653730850147, -2.75138784647404, 0.4174411986026018, 1.983313352607571, 0.9051108189595638, 0.9523506126431519]
    - positions: [0.8416468245129716, -0.887358377871569, -2.306441205835705, 0.8743735608328133, -0.3052888423302211, 1.830175183443628, -1.911336180289742]
      time_from_start: 0
    - time_from_start: 0
      positions: [0.03566219749384843, 0.2439965367775493, 0.3793977518426497, 1.108889808941105, 2.274816750929308, 1.171236368903568, 3.059]