joint_trajectory:
  points:
    - time_from_start: 0
      positions: [1.276225646621886, -0.1232384292670615, -2.673964222631789, 0.7447923286742202, 2.409959499000341, 0.762941651855788, 0.04271864917701166]
    - positions: [0.8676901475399376, -0.09666834658217115, -2.107189183919099, 1.398809239287017, 2.336049474386447, 0.6287359939237366, -0.677649525903236]
      time_from_start: 0
    - time_from_start: 0
      positions: [0.5827191376686379, 0.01804346188900012, -1.539041546464071, 1.360969697269048, 2.436603395598782, 0.8571471153960102, -1.460380034008881]
    - time_from_start: 0
      positions: [0.3979768809162564, 0.3159973745334322, -0.2976156484205266, 0.8720206722585714, 2.847771784880369, 1.287319580368219, -2.768419679376635]
  joint_names: [right_s0, right_s1, right_e0, right_e1, right_w0, right_w1, right_w2]