joint_trajectory:
  points:
    - time_from_start: 0
      positions: [1.005170879374354, -0.2276974541536772, 2.586960232917646, 0.4894080905418183, 3.047500398002545, 0.7942231794799113, 0.6094874685065563]
    - time_from_start: 0
      positions: [0.8180541710320968, -0.4998756046445425, 2.651431388521059, 0.5428366885312925, 2.929723685040182, 1.305254721528249, 0.5553346535284422]
    - time_from_start: 0
      positions: [0.9116045823918079, 0.4171852351430931, -0.6295768376377433, 1.054014263246429, -2.786153543703127, 1.338245887925674, -2.618071211768736]
  joint_names: [right_s0, right_s1, right_e0, right_e1, right_w0, right_w1, right_w2]