joint_trajectory:
  points:
    - time_from_start: 0
      positions: [1.243021433523358, -0.2274306156317275, -2.961936217817118, 0.4485552866931919, -0.7772620750294423, -0.7456288692936542, -2.71340257535876]
    - positions: [0.9329610600332766, -0.2160747619280878, -2.132871223813672, 1.193796770920664, -1.455332048243445, -0.7847515969922811, -2.204158896025234]
      time_from_start: 0
    - positions: [-1.204807426451832, 0.0117471451954918, -0.4136884663138725, 0.2486841270225122, 0.5966383159244435, 0.4943172981910502, 2.5531172073395]
      time_from_start: 0
    - time_from_start: 0
      positions: [0.4161086176488415, 0.1036562196595777, -0.1453740405713679, 1.197865855715438, -0.3650683874900176, -1.3764863291462, 0.2324879735546272]
  joint_names: [right_s0, right_s1, right_e0, right_e1, right_w0, right_w1, right_w2]