joint_trajectory:
  joint_names: [left_s0, left_s1, left_e0, left_e1, left_w0, left_w1, left_w2]
  points:
    - time_from_start: 0
      positions: [-1.269665151909541, 0.3109817731914981, -0.3174008571236371, 0.6142336856431557, -0.3092907683493367, -1.04838483493202, 0.4738591623862163]
    - positions: [-0.403208762504263, -0.0169103854349948, -0.09510935428760402, 1.429937089325996, -0.6923019802725147, -1.174600468746625, 0.6006724310759384]
      time_from_start: 0
    - positions: [-0.07241789028722545, -0.3506359938038512, 2.18091566464846, 0.5861459427578374, -0.8900060312384741, 1.594898328844716, 2.850251280447934]
      time_from_start: 0
    - positions: [-1.098282976135229, -0.6072538804990756, -0.4437813350760385, 1.243201808857133, -0.5950386562422613, -0.8599141719967156, 0.8137890703630187]
      time_from_start: 0