joint_trajectory:
  points:
    - positions: [1.71188843427707, -2.610692670036776, -0.6458621658626875, 0.1195524041081411, 1.429868206758407, 0.002462358528031669]
      time_from_start: 0
    - time_from_start: 0
      positions: [0.8839310224760641, -1.378536028824432, 0.3030291902031991, -0.3943951364307543, 0.130563138656925, -0.2733769423121793]
    - positions: [-1.345397636998167, 0.05482679531453319, 0.791862401454852, 1.313741481734152, -0.9532727232808902, 0.509507861228607]
      time_from_start: 0
    - positions: [-1.708940168489819, 0.1931209760754712, 0.3209687296892079, 2.628341811003853, -1.427400367036574, -0.005803268351708316]
      time_from_start: 0
  joint_names: [shoulder_pan_joint, shoulder_lift_joint, elbow_joint, wrist_1_joint, wrist_2_joint, wrist_3_joint]