joint_trajectory:
  points:
    - time_from_start: 0
      positions: [-1.706499520629285, -0.523100529989616, 0.6199214167794914, 3.042210779108156, -1.437611583369432, 0.009628325249858235]
    - time_from_start: 0
      positions: [-0.1215504566454559, -0.2854316680522013, 0.3034966838105981, 2.736048486890933, 0.5592683170155703, 0.4062956983210591]
    - time_from_start: 0
      positions: [-1.201224010581993, 0.03508247414257205, 0.5445722071117827, 2.588419498119444, -0.2172034365276271, 0.1643440004327807]
    - time_from_start: 0
      positions: [-1.716708197819211, 0.196956166938532, 0.324894395100861, 2.611232787939405, -1.420895467584221, 0.006817952800057922]
  joint_names: [shoulder_pan_joint, shoulder_lift_joint, elbow_joint, wrist_1_joint, wrist_2_joint, wrist_3_joint]