joint_trajectory:
  joint_names: [shoulder_pan_joint, shoulder_lift_joint, elbow_joint, wrist_1_joint, wrist_2_joint, wrist_3_joint]
  points:
    - time_from_start: 0
      positions: [1.707635775376428, -2.641688182996399, -0.5916831935992537, 0.08235651362760622, 1.438465537323429, 0.009642065608650909]
    - positions: [-0.6900512423439864, 0.05477448021569354, 0.9258828883569122, 1.393506700111243, 1.109367960088357, -0.322669616849801]
      time_from_start: 0
    - time_from_start: 0
      positions: [-1.072432420795422, 0.04077775422891231, 0.7935097126709234, 1.82389446409496, 0.7189384554412872, -0.2125139260016957]
    - time_from_start: 0
      positions: [-1.715460556747698, 0.1923317639070574, 0.3245281165813119, 2.628206945177614, -1.422353499515953, -0.006376118456404884]