joint_trajectory:
  points:
    - positions: [-1.715685482645434, -0.5098988392200982, 0.6045281738888731, 3.050228767401566, -1.431613826499325, -0.009194568357072127]
      time_from_start: 0
    - positions: [-1.32993714478304, -1.20238748905211, 2.164835528881853, 2.687464722441556, 0.2356982127299931, -2.503115446167897]
      time_from_start: 0
    - time_from_start: 0
      positions: [-1.441551783982064, -1.029768218090708, 2.45313321891819, 2.498766483473265, -0.829150650510426, -2.591265884873195]
    - positions: [-1.712881006825886, 0.1729354477768938, 0.3651714959816084, 2.602400788024859, -1.435934733263048, -0.009286517523626399]
      time_from_start: 0
  joint_names: [shoulder_pan_joint, shoulder_lift_joint, elbow_joint, wrist_1_joint, wrist_2_joint, wrist_3_joint]