joint_trajectory:
  joint_names: [shoulder_pan_joint, shoulder_lift_joint, elbow_joint, wrist_1_joint, wrist_2_joint, wrist_3_joint]
  points:
    - positions: [1.718442992931332, -2.611110675813086, -0.6380539465665196, 0.09841871033716711, 1.431457784231402, -0.004422786443776932]
      time_from_start: 0
    - positions: [-1.116952563506495, -0.05740415123868937, 0.97413493501815, 0.6333678872618198, -0.9228582784720716, -0.8263550239147357]
      time_from_start: 0
    - time_from_start: 0
      positions: [-1.71950956098786, 0.1946013271533399, 0.3170843785606455, 2.640024311669279, -1.414183860858443, -0.000967911905735047]