joint_trajectory:
  joint_names: [shoulder_pan_joint, shoulder_lift_joint, elbow_joint, wrist_1_joint, wrist_2_joint, wrist_3_joint]
  points:
    - positions: [1.709865304176515, -2.644953409182636, -0.587032051311661, 0.09029151007684305, 1.433689922301145, 0.008265516066353949]
      time_from_start: 0
    - time_from_start: 0
      positions: [-0.5704454967599866, -0.07878306471800041, 0.8975257717201741, 1.389274816797028, -1.35532219284371, -0.6147515129140346]
    - time_from_start: 0
      positions: [-1.713159615982573, 0.1824718516049664, 0.3509938894842626, 2.61319577182576, -1.434962558747123, 0.00247924044940924]