joint_trajectory:
  points:
    - time_from_start: 0
      positions: [1.70752629153824, -2.631999722875328, -0.5986097063946335, 0.08918198680016974, 1.43462548565567, 0.005376925563022014]
    - positions: [-1.138695142029014, -0.8945640402749462, 1.750529625058564, -1.042981566762085, -0.1253383467311942, -0.2228633702849722]
      time_from_start: 0
    - time_from_start: 0
      positions: [-1.313673884248052, -0.1716908379026241, 1.190793648562304, 0.9047078062623841, -0.7824953657440211, -0.6444813599785848]
    - time_from_start: 0
      positions: [-1.717671185115351, 0.2010528209634229, 0.3075839999604133, 2.629433425051429, -1.420489423570951, -0.003558417154890329]
  joint_names: [shoulder_pan_joint, shoulder_lift_joint, elbow_joint, wrist_1_joint, wrist_2_joint, wrist_3_joint]