joint_trajectory:
  points:
    - time_from_start: 0
      positions: [-1.719193037041323, -0.5247913358585133, 0.6379284560173096, 3.021620015535301, -1.412229080641583, 0.00994781303626723]
    - time_from_start: 0
      positions: [-0.7971501359291978, -0.7336764339201111, 1.148405960273085, 2.241226909778752, -1.547016415949776, 0.307694682192247]
    - positions: [-0.8491337637135383, -0.1110510979203044, 1.079624366737359, 1.214260662942023, -1.342268358361152, 0.3477625891637128]
      time_from_start: 0
    - positions: [-1.716362744070884, 0.1804376813563856, 0.3508135458084168, 2.612337434475998, -1.431806903682332, 0.0009882264790601533]
      time_from_start: 0
  joint_names: [shoulder_pan_joint, shoulder_lift_joint, elbow_joint, wrist_1_joint, wrist_2_joint, wrist_3_joint]