joint_trajectory:
  joint_names: [shoulder_pan_joint, shoulder_lift_joint, elbow_joint, wrist_1_joint, wrist_2_joint, wrist_3_joint]
  points:
    - time_from_start: 0
      positions: [1.715624902404027, -2.614901636447547, -0.6386849732766343, 0.1184763832269893, 1.431962576899849, 0.008940150914698554]
    - positions: [-1.774899087681385, -0.6626142372519999, 2.062541467824546, 0.6764200129939535, -1.115507062152628, 1.719178266154943]
      time_from_start: 0
    - time_from_start: 0
      positions: [-1.790547088417656, -0.4279013849441024, 1.949914888475035, 1.316996431410719, -1.830932297683115, 1.641884614760424]
    - positions: [-1.709824448591042, 0.1805165504695883, 0.3494845892235842, 2.609593243071866, -1.432694097276626, -0.005923373697488684]
      time_from_start: 0