joint_trajectory:
  points:
    - positions: [1.710580455457496, -2.613121253343437, -0.6273128981280169, 0.1056639393562915, 1.436667452205802, -0.007331402523692057]
      time_from_start: 0
    - positions: [-0.007359937552979506, -1.198090974002937, 1.712861291322683, 1.028398737620187, -0.8131157351635772, 1.650143683404898]
      time_from_start: 0
    - positions: [-1.283277952716183, -0.5072637276643566, 1.910840234221038, 1.531099191115332, -1.995463266540786, 2.504018552995552]
      time_from_start: 0
    - time_from_start: 0
      positions: [-1.707849765306967, 0.1960545310959764, 0.3297042064575655, 2.60895861121054, -1.435079946067513, -0.005945573659041196]
  joint_names: [shoulder_pan_joint, shoulder_lift_joint, elbow_joint, wrist_1_joint, wrist_2_joint, wrist_3_joint]