joint_trajectory:
  joint_names: [shoulder_pan_joint, shoulder_lift_joint, elbow_joint, wrist_1_joint, wrist_2_joint, wrist_3_joint]
  points:
    - time_from_start: 0
      positions: [-1.717263016423038, -0.5185617911432959, 0.6257292952459921, 3.038158224049122, -1.425520610619861, 0.002727864297889723]
    - positions: [-0.855420925179134, -1.062072928015392, 1.353225551591559, 0.1732911647745491, -0.9824943605646952, 1.088512731030039]
      time_from_start: 0
    - time_from_start: 0
      positions: [-1.536764828348473, 0.1708365977180064, 1.39244876561623, 1.448909581914607, -1.348230550312852, 0.4881297964080901]
    - positions: [-1.708131521264741, 0.1916296839556313, 0.3422179855817062, 2.617678728290802, -1.433272723119746, -0.00300393876163577]
      time_from_start: 0