joint_trajectory:
  joint_names: [panda_joint1, panda_joint2, panda_joint3, panda_joint4, panda_joint5, panda_joint6, panda_joint7]
  points:
    - time_from_start: 0
      positions: [0, -0.785, 0, -2.356, 0, 1.571, 0.785]
    - positions: [1.129428536452167, -0.6823069566406987, 0.1302559297721001, -2.760863139208717, -0.851884275020428, 1.742278457940649, 2.263342110665129]
      time_from_start: 0
    - time_from_start: 0
      positions: [1.645752774285857, -0.07081882144956927, 0.2442087783489771, -2.446402121797206, -0.6035415905580983, 1.728246474443659, 1.398811785041007]
    - positions: [1.471039782367222, 1.7628, -0.2557802037414109, -1.123168949319182, 0.7940032645557702, 2.783300184926383, -1.457947292965423]
      time_from_start: 0