joint_trajectory:
  points:
    - time_from_start: 0
      positions: [0, -0.785, 0, -2.356, 0, 1.571, 0.785]
    - positions: [-0.2854179338849192, 0.2611674847142303, 0.5810290529821323, -2.08708258005388, 0.1388423172637159, 1.292996915857156, 0.4596594054600787]
      time_from_start: 0
    - time_from_start: 0
      positions: [-0.2464196629511195, 1.7628, 0.2093498391484063, -0.8645892449406635, -0.4178099991064202, 2.592888343167266, -0.6945744549229548]
  joint_names: [panda_joint1, panda_joint2, panda_joint3, panda_joint4, panda_joint5, panda_joint6, panda_joint7]