joint_trajectory:
  joint_names: [panda_joint1, panda_joint2, panda_joint3, panda_joint4, panda_joint5, panda_joint6, panda_joint7]
  points:
    - positions: [0, -0.785, 0, -2.356, 0, 1.571, 0.785]
      time_from_start: 0
    - positions: [0.5563590629839322, 0.9175981634203187, -1.606461670907559, -2.064514991504687, -2.296742797537576, 2.995609790365892, 1.242366209940136]
      time_from_start: 0
    - positions: [-1.636340205908873, 1.7628, 0.4848947133031061, -1.025176176852234, -1.010464873884073, 2.562593753544411, -0.3126744316524019]
      time_from_start: 0