joint_trajectory:
  joint_names: [panda_joint1, panda_joint2, panda_joint3, panda_joint4, panda_joint5, panda_joint6, panda_joint7]
  points:
    - time_from_start: 0
      positions: [0, -0.785, 0, -2.356, 0, 1.571, 0.785]
    - positions: [-1.497841131165059, 0.6200712106833979, 0.5295404175834337, -1.941583027316522, -0.1061479405631989, 1.542920503960684, 0.1181971145310031]
      time_from_start: 0
    - time_from_start: 0
      positions: [-2.014741202400288, 1.7628, 0.4215556729774307, -1.186699978600545, -1.181335868997791, 2.688793919668749, -0.2183092695054313]