joint_trajectory:
  points:
    - time_from_start: 0
      positions: [0, -0.785, 0, -2.356, 0, 1.571, 0.785]
    - positions: [-0.1634023160149955, 0.09091988476485335, -0.8583837943730782, -2.208589926074175, 1.429595907100797, 1.243291523670218, -0.6287091415211105]
      time_from_start: 0
    - time_from_start: 0
      positions: [-0.890184069418006, 0.360750439288404, -0.7915239334102662, -2.533334209136726, 1.85975425282934, 1.498582123833116, -0.8418481198242721]
    - positions: [-1.570489118690764, 1.708051983870092, -0.1141945867376705, -1.123779167734339, 0.3247251458623496, 2.816031764656359, -1.086559221713481]
      time_from_start: 0
  joint_names: [panda_joint1, panda_joint2, panda_joint3, panda_joint4, panda_joint5, panda_joint6, panda_joint7]