joint_trajectory:
  joint_names: [panda_joint1, panda_joint2, panda_joint3, panda_joint4, panda_joint5, panda_joint6, panda_joint7]
  points:
    - time_from_start: 0
      positions: [0, -0.785, 0, -2.356, 0, 1.571, 0.785]
    - time_from_start: 0
      positions: [0.6540208276933402, -0.3585088719015571, -0.2435354686397467, -2.282057814968066, -0.2995278119438811, 1.386057903855641, 0.973804025765711]
    - positions: [0.2960126585350684, 0.8562132225645862, -0.5585782828424255, -1.840519179303876, -0.9197808946047448, 1.720024596298867, 0.8083361831826295]
      time_from_start: 0
    - positions: [-0.342354063780538, 1.7628, 0.05819828794524303, -1.07056556157326, -0.1602454092521716, 2.833443809559927, -0.5111937359014874]
      time_from_start: 0