joint_trajectory:
  joint_names: [panda_joint1, panda_joint2, panda_joint3, panda_joint4, panda_joint5, panda_joint6, panda_joint7]
  points:
    - time_from_start: 0
      positions: [0, -0.785, 0, -2.356, 0, 1.571, 0.785]
    - positions: [0.09431104532162868, -1.146004238312571, -0.5751685770600377, -2.500720926437872, 0.6601652756951208, 1.510309959516596, 0.429335793153477]
      time_from_start: 0
    - time_from_start: 0
      positions: [0.3017376241621361, -1.39099582144379, -1.10785122419767, -2.381566571754884, 0.7486842153803335, 1.621326031078799, 0.1407598850568891]
    - positions: [1.379516791653823, -1.7628, -2.673539323877118, -1.044382436493644, -1.029420478159764, 2.599494743123438, -0.5483275129401668]
      time_from_start: 0