joint_trajectory:
  joint_names: [panda_joint1, panda_joint2, panda_joint3, panda_joint4, panda_joint5, panda_joint6, panda_joint7]
  points:
    - positions: [0, -0.785, 0, -2.356, 0, 1.571, 0.785]
      time_from_start: 0
    - time_from_start: 0
      positions: [-1.147286497969965, 0.2371708881509986, -0.05615062563398839, -2.177912048896881, -0.5218949152410124, 2.012821965522491, 2.33415904797778]
    - positions: [-1.257921679878318, 1.643956948489073, -0.02181715327965294, -1.086472960870493, 0.0732648759742619, 2.73476037905333, -0.785643446802467]
      time_from_start: 0