joint_trajectory:
  joint_names: [panda_joint1, panda_joint2, panda_joint3, panda_joint4, panda_joint5, panda_joint6, panda_joint7]
  points:
    - time_from_start: 0
      positions: [0, -0.785, 0, -2.356, 0, 1.571, 0.785]
    - time_from_start: 0
      positions: [1.408961833708673, -0.1556586838056684, -2.682012888435696, -2.29550340359471, -0.9259417697966961, 0.9442581706123379, -0.4978802935205597]
    - positions: [2.713790579341155, -0.02641506538869273, -2.853382831777486, -2.34792968967207, -1.431882107350927, 1.266491653921597, -1.251503878439437]
      time_from_start: 0
    - time_from_start: 0
      positions: [2.89729963212695, -1.70266912059446, -2.85227060368774, -1.166650299795662, -0.854296530730967, 2.759882647159228, -0.3330112890466593]