joint_trajectory:
  joint_names: [panda_joint1, panda_joint2, panda_joint3, panda_joint4, panda_joint5, panda_joint6, panda_joint7]
  points:
    - positions: [0, -0.785, 0, -2.356, 0, 1.571, 0.785]
      time_from_start: 0
    - positions: [-0.6837318780766667, -0.4064442813584044, 0.03795330396588947, -2.617991079438199, 0.4102076680139593, 1.486208121055843, 1.25258857405474]
      time_from_start: 0
    - positions: [-0.7126526194811424, 0.6572398263781652, 0.1088617412699315, -1.893426070012221, 0.01790997479787364, 2.083644275011361, 0.5738477488998812]
      time_from_start: 0
    - time_from_start: 0
      positions: [-0.599841052385467, 1.742202549807105, 0.1785011945479776, -1.04451039939287, -0.498423809293494, 2.755881326856287, -0.2683275175965987]