joint_trajectory:
  joint_names: [panda_joint1, panda_joint2, panda_joint3, panda_joint4, panda_joint5, panda_joint6, panda_joint7]
  points:
    - positions: [0, -0.785, 0, -2.356, 0, 1.571, 0.785]
      time_from_start: 0
    - time_from_start: 0
      positions: [0.9983339341670359, -0.7144289352541064, 0.4169132935456418, -2.035017798766328, -0.4577249764972882, 1.465137934612027, 0.5932455286769602]
    - positions: [0.5676978757148445, 0.2308257658104143, -0.1331904951470212, -2.214189535641998, -0.23604181392917, 1.572192258761231, -0.2515990716245647]
      time_from_start: 0
    - positions: [-0.1989122828770326, 1.7628, 0.2743571523017599, -1.086916393937467, -0.7854602184218554, 2.75277176929227, -0.2158817929311069]
      time_from_start: 0