joint_trajectory:
  joint_names: [panda_joint1, panda_joint2, panda_joint3, panda_joint4, panda_joint5, panda_joint6, panda_joint7]
  points:
    - positions: [0, -0.785, 0, -2.356, 0, 1.571, 0.785]
      time_from_start: 0
    - time_from_start: 0
      positions: [-0.6151711619839846, 0.3529382133454783, -0.5620841326497645, -2.035959466598195, 0.7050334128324633, 2.765377783924719, -0.4240328013202208]
    - positions: [-1.651018825728446, 1.7628, 0.3399126238518295, -0.9433204371362112, -0.7050835154114163, 2.620325382750512, -0.5631125298645899]
      time_from_start: 0