joint_trajectory:
  joint_names: [panda_joint1, panda_joint2, panda_joint3, panda_joint4, panda_joint5, panda_joint6, panda_joint7]
  points:
    - time_from_start: 0
      positions: [0, -0.785, 0, -2.356, 0, 1.571, 0.785]
    - positions: [0.4268281504566179, -0.02101821539031652, 0.6083057870491205, -2.398081151100204, 0.8944461866018466, 3.108725395629393, 1.348567529421995]
      time_from_start: 0
    - positions: [1.210472724151404, 1.621783712273939, 0.1628529871431914, -1.153925140512775, -0.289714809079553, 2.76167935848397, -0.7621089739442392]
      time_from_start: 0
    - positions: [1.215579143385009, 1.7628, 0.114157302716232, -0.9216378069131553, -0.2401496627847056, 2.676971885616892, -0.6634326778305992]
      time_from_start: 0