joint_trajectory:
  joint_names: [panda_joint1, panda_joint2, panda_joint3, panda_joint4, panda_joint5, panda_joint6, panda_joint7]
  points:
    - time_from_start: 0
      positions: [0, -0.785, 0, -2.356, 0, 1.571, 0.785]
    - time_from_start: 0
      positions: [-0.2905134925661496, -0.7261787643342794, 0.2393949987963899, -2.559130616209381, -0.2120482161792202, 1.655874119458401, 0.2148016034664217]
    - time_from_start: 0
      positions: [-0.2222741646078199, -0.1158582768874584, 0.3230107741982667, -2.515218104720897, -0.6705680419077363, 2.090214767096731, -0.2151723569195661]
    - positions: [0.1580250097270273, 1.7628, 0.4993120566933404, -1.239778592424643, -1.381878430185915, 2.647961006610255, 0.1099458482079384]
      time_from_start: 0