joint_trajectory:
  points:
    - positions: [0, -0.785, 0, -2.356, 0, 1.571, 0.785]
      time_from_start: 0
    - time_from_start: 0
      positions: [-0.399055069354417, 0.4013031098536406, 0.1179841054297703, -2.608324331425577, -2.12753518563972, 1.115825260849155, -0.2332683453818603]
    - positions: [-0.7883882410086962, 1.7628, 0.1956422387935929, -1.12862898211836, -0.652200201201648, 2.831054138921619, -0.3442186862019789]
      time_from_start: 0
  joint_names: [panda_joint1, panda_joint2, panda_joint3, panda_joint4, panda_joint5, panda_joint6, panda_joint7]