joint_trajectory:
  joint_names: [panda_joint1, panda_joint2, panda_joint3, panda_joint4, panda_joint5, panda_joint6, panda_joint7]
  points:
    - time_from_start: 0
      positions: [0, -0.785, 0, -2.356, 0, 1.571, 0.785]
    - time_from_start: 0
      positions: [1.395799643565376, -0.0751885788350358, -0.8730650515572635, -2.322551055952164, -1.509574361013063, 2.497933677944269, 0.7673774847730106]
    - positions: [1.825599916575635, 0.5793405037476796, -0.9316737913817079, -2.047826318508178, -0.9978766066238287, 2.806052314321299, 0.3873342761471507]
      time_from_start: 0
    - time_from_start: 0
      positions: [1.560753874450704, 1.7628, -0.5175101630573328, -1.121794024090368, 1.164714089773336, 2.596759942181852, -1.239662602711022]