joint_trajectory:
  joint_names: [panda_joint1, panda_joint2, panda_joint3, panda_joint4, panda_joint5, panda_joint6, panda_joint7]
  points:
    - positions: [0, -0.785, 0, -2.356, 0, 1.571, 0.785]
      time_from_start: 0
    - time_from_start: 0
      positions: [0.001958140350654269, -0.7120651873309545, 0.1311837714858483, -2.353205540514833, -0.02234121629135412, 1.537002252894647, 0.8474065280044989]
    - positions: [-0.2495537021417628, 0.06936756539135967, 0.8998006682169134, -2.186518220717785, -0.3431803557769919, 1.47777584983916, 1.167858331989615]
      time_from_start: 0
    - positions: [0.2049855068529953, 1.7628, 0.07052981056917994, -0.9064131324353562, -0.1439408340710285, 2.662185096870523, -0.4947319229473194]
      time_from_start: 0