joint_trajectory:
  points:
    - positions: [0, -0.785, 0, -2.356, 0, 1.571, 0.785]
      time_from_start: 0
    - positions: [0.6525959376865065, -0.04793299346286806, -0.9898205296509692, -2.655304668771895, 1.32091609349479, 3.209189874944277, -0.2498240144696551]
      time_from_start: 0
    - time_from_start: 0
      positions: [0.2349844206160401, 0.6901972141189501, -0.8997775404696819, -1.897433530296874, -2.432994382520812, 1.581431232055184, -0.6493660286864267]
    - positions: [-1.341103020249599, -1.696065720284859, 2.897299838517423, -1.113553595471485, 0.6645720168283992, 2.737053262880486, -1.116590951672927]
      time_from_start: 0
  joint_names: [panda_joint1, panda_joint2, panda_joint3, panda_joint4, panda_joint5, panda_joint6, panda_joint7]