joint_trajectory:
  joint_names: [panda_joint1, panda_joint2, panda_joint3, panda_joint4, panda_joint5, panda_joint6, panda_joint7]
  points:
    - time_from_start: 0
      positions: [0, -0.785, 0, -2.356, 0, 1.571, 0.785]
    - positions: [0.4393111717950122, -0.2993508559787053, 0.1216876294085228, -2.147163625645755, 0.2453092630739729, 1.81416414982017, 0.3721993975236289]
      time_from_start: 0
    - time_from_start: 0
      positions: [0.8299146370244739, 0.01130711918662786, -0.9849034354575791, -2.401668502068293, 1.12367220308148, 1.664454256488198, -1.148845915890923]
    - positions: [-0.4547834183338377, 1.56234886693186, 0.06088854928640533, -1.392028916627241, -0.3240275178639752, 2.950690315812069, -0.404738812973612]
      time_from_start: 0