joint_trajectory:
  points:
    - time_from_start: 0
      positions: [0, -0.785, 0, -2.356, 0, 1.571, 0.785]
    - time_from_start: 0
      positions: [-1.575884310224417, 0.3900790794994617, -1.673448016725581, -2.210530834389205, 0.5666348353063881, 1.237113273921322, -1.120067655031191]
    - positions: [-1.954255516166058, -0.2427298435285894, -2.498026081953551, -2.231336656606931, 0.4633700865539453, 1.12372337345828, -1.493078880075006]
      time_from_start: 0
    - positions: [-2.193105742705161, -1.7628, -2.558935768332973, -1.164753692790242, -1.294777169720624, 2.544560562387686, -0.07146271718284505]
      time_from_start: 0
  joint_names: [panda_joint1, panda_joint2, panda_joint3, panda_joint4, panda_joint5, panda_joint6, panda_joint7]