joint_trajectory:
  joint_names: [panda_joint1, panda_joint2, panda_joint3, panda_joint4, panda_joint5, panda_joint6, panda_joint7]
  points:
    - positions: [0, -0.785, 0, -2.356, 0, 1.571, 0.785]
      time_from_start: 0
    - positions: [0.5530218194380525, 0.8452612174860654, 0.9872402771774939, -1.97678698217518, 0.6588198247939644, 1.558846481931399, -0.650099997277193]
      time_from_start: 0
    - positions: [1.175478479710118, 1.7628, 0.230068135676292, -1.01774800822841, -0.6078383162213277, 2.723935371901536, -0.5927633002142263]
      time_from_start: 0