joint_trajectory:
  joint_names: [panda_joint1, panda_joint2, panda_joint3, panda_joint4, panda_joint5, panda_joint6, panda_joint7]
  points:
    - time_from_start: 0
      positions: [0, -0.785, 0, -2.356, 0, 1.571, 0.785]
    - positions: [0.8018586998028012, -0.7685690823118159, -1.611873064966593, -1.61114123149123, 0.6072738974566605, 1.675216020558293, -0.02536220226647501]
      time_from_start: 0
    - time_from_start: 0
      positions: [1.878922750065585, -0.9893592687252364, -2.095828838042842, -1.703022808309645, -0.07298520106205446, 1.681318411998597, 0.5138882367914794]
    - positions: [2.581214599265909, -1.7628, -2.864556740247361, -0.8902617121249495, -0.5283424999684996, 2.596283732911665, -0.8383368486600479]
      time_from_start: 0