joint_trajectory:
  joint_names: [panda_joint1, panda_joint2, panda_joint3, panda_joint4, panda_joint5, panda_joint6, panda_joint7]
  points:
    - positions: [0, -0.785, 0, -2.356, 0, 1.571, 0.785]
      time_from_start: 0
    - time_from_start: 0
      positions: [0.1342165399626798, 1.044284564157997, -1.160447764329801, -2.017344357443495, 1.446391747040683, 1.953960351023302, 1.222949497062344]
    - positions: [-0.002860493425324628, 1.060679903922024, -0.9530292178444041, -1.917110813992464, 1.827301546963228, 1.955355433240985, 1.217599808437855]
      time_from_start: 0
    - time_from_start: 0
      positions: [-0.3809647932305558, 1.076436178801767, -0.3676574937102898, -1.633898522869393, 2.8973, 1.94567663151786, 1.198521365820041]