joint_trajectory:
  points:
    - time_from_start: 0
      positions: [0, -0.785, 0, -2.356, 0, 1.571, 0.785]
    - positions: [0.6246751795979684, -1.70670871668756, 1.176366804325022, -2.816531563700363, -2.363860013437923, 3.339070397466421, 2.157686350233806]
      time_from_start: 0
    - time_from_start: 0
      positions: [-1.853741531372715, -1.566206344341957, 1.633519329916527, -2.178419718281878, -2.8973, 2.898521114650332, 2.141358145038658]
  joint_names: [panda_joint1, panda_joint2, panda_joint3, panda_joint4, panda_joint5, panda_joint6, panda_joint7]