joint_trajectory:
  points:
    - positions: [0, -0.785, 0, -2.356, 0, 1.571, 0.785]
      time_from_start: 0
    - positions: [1.696596787219639, 1.159323459351347, -2.035287981859139, -2.056270321190963, 1.794930197420127, 1.45458590966466, 2.004311484420817]
      time_from_start: 0
    - time_from_start: 0
      positions: [1.702448858435933, 1.367332729496986, -2.007247274213577, -2.039164194081907, 2.316522138773342, 1.621571325476943, 2.332201696048277]
    - positions: [1.666567444397347, 1.553767644635455, -1.945390938636787, -2.02237956705752, 2.897299904320637, 1.767062518693401, 2.68314684558915]
      time_from_start: 0
  joint_names: [panda_joint1, panda_joint2, panda_joint3, panda_joint4, panda_joint5, panda_joint6, panda_joint7]