joint_trajectory:
  joint_names: [panda_joint1, panda_joint2, panda_joint3, panda_joint4, panda_joint5, panda_joint6, panda_joint7]
  points:
    - positions: [0, -0.785, 0, -2.356, 0, 1.571, 0.785]
      time_from_start: 0
    - positions: [0.4230428471715527, 0.4483391023005048, -0.4152327599697774, -1.54084524278217, 1.93881938768611, 2.121226462422853, 1.339070112734529]
      time_from_start: 0
    - time_from_start: 0
      positions: [1.052850153171954, 0.3968876319590429, 0.2698734794569371, -1.36927084276465, 2.277682547906374, 2.88974523062229, 1.51609470741325]
    - time_from_start: 0
      positions: [1.066706406649942, 0.3947220819930625, 0.2843190181930716, -1.366411743053099, 2.282821584840076, 2.90478741859757, 1.516367292119144]