joint_trajectory:
  points:
    - time_from_start: 0
      positions: [0, -0.785, 0, -2.356, 0, 1.571, 0.785]
    - time_from_start: 0
      positions: [1.462301092781173, 1.305843887058646, -1.882403122261632, -0.2376825336850246, -0.3797190439565106, 1.865618949662894, 1.429633317704825]
    - time_from_start: 0
      positions: [-2.571791157445004, -1.662173395441872, 1.54963076868262, -1.477767315414557, -2.897299994572708, 3.220246798068239, 2.210022270293778]
  joint_names: [panda_joint1, panda_joint2, panda_joint3, panda_joint4, panda_joint5, panda_joint6, panda_joint7]