joint_trajectory:
  joint_names: [panda_joint1, panda_joint2, panda_joint3, panda_joint4, panda_joint5, panda_joint6, panda_joint7]
  points:
    - positions: [0, -0.785, 0, -2.356, 0, 1.571, 0.785]
      time_from_start: 0
    - positions: [1.683844373729837, -1.409032456238854, -2.239931667975692, -1.371337040699161, 1.791002539948745, 2.569692814474033, 0.99278443252383]
      time_from_start: 0
    - time_from_start: 0
      positions: [1.845534213725042, -1.228648910834801, -2.284372018888229, -1.504688078587571, 1.735659464879574, 2.5415586586551, 0.9307791721059648]
    - time_from_start: 0
      positions: [2.183114304294016, -1.371873484660182, -2.422396371172197, -1.217818626904949, 2.015228943477033, 2.467240854647891, 0.8969472391607753]