joint_trajectory:
  joint_names: [panda_joint1, panda_joint2, panda_joint3, panda_joint4, panda_joint5, panda_joint6, panda_joint7]
  points:
    - time_from_start: 0
      positions: [0, -0.785, 0, -2.356, 0, 1.571, 0.785]
    - time_from_start: 0
      positions: [1.038345089173798, 1.609848296602378, -0.7545973180185338, -2.090257089242426, -2.269249741797059, 1.822764752797987, 2.051764562749171]
    - time_from_start: 0
      positions: [0.6707239032406863, 1.497745867954766, -0.9735129810892572, -1.734431795792809, -2.8973, 1.873824255934849, 1.731595261795832]