joint_trajectory:
  points:
    - positions: [0, -0.785, 0, -2.356, 0, 1.571, 0.785]
      time_from_start: 0
    - time_from_start: 0
      positions: [0.7167408395042565, 0.9799727855350091, 1.90211391338752, -2.141521211879894, -1.851918119616476, 1.684131619946962, -0.8138572739120231]
    - positions: [-0.5645175193042234, 0.784520201366106, 1.053765582497016, -1.936683832446682, -2.897299973940079, 2.151527636946707, -0.0243378862597678]
      time_from_start: 0
  joint_names: [panda_joint1, panda_joint2, panda_joint3, panda_joint4, panda_joint5, panda_joint6, panda_joint7]