joint_trajectory:
  joint_names: [panda_joint1, panda_joint2, panda_joint3, panda_joint4, panda_joint5, panda_joint6, panda_joint7]
  points:
    - time_from_start: 0
      positions: [0, -0.785, 0, -2.356, 0, 1.571, 0.785]
    - positions: [0.3644209649079477, 0.482008802768402, -0.6706998104026076, -3.040852494090446, 0.03126627664738324, 3.032373324518558, -2.411406181524042]
      time_from_start: 0
    - positions: [2.8973, -1.660471518033829, -1.187287050770903, -2.122658252574681, -2.532182736414334, 2.456179716071007, -1.392777483795216]
      time_from_start: 0