joint_trajectory:
  points:
    - time_from_start: 0
      positions: [0, -0.785, 0, -2.356, 0, 1.571, 0.785]
    - positions: [0.2643248530230951, -0.6217588523207231, 2.117373170271423, -1.570143199108471, -2.759397743730759, 0.8257408487913199, 2.267539910227572]
      time_from_start: 0
    - time_from_start: 0
      positions: [1.145672205036801, 1.405580851663902, -0.7186595021584204, -1.286335506847694, 2.8973, 1.860754618558627, 1.593545226530001]
  joint_names: [panda_joint1, panda_joint2, panda_joint3, panda_joint4, panda_joint5, panda_joint6, panda_joint7]