joint_trajectory:
  points:
    - time_from_start: 0
      positions: [0, -0.785, 0, -2.356, 0, 1.571, 0.785]
    - time_from_start: 0
      positions: [-2.411618326447392, -1.41974081707648, 0.9657812879661439, -2.783601850092061, 2.706993657505121, 2.241760619881055, 2.163555957626539]
    - positions: [-2.510753629655969, -1.419220305090953, 1.200341015227467, -2.171318371388912, 2.762858389358752, 1.715374347072997, 2.564994066879274]
      time_from_start: 0
  joint_names: [panda_joint1, panda_joint2, panda_joint3, panda_joint4, panda_joint5, panda_joint6, panda_joint7]