joint_trajectory:
  points:
    - positions: [0, -0.785, 0, -2.356, 0, 1.571, 0.785]
      time_from_start: 0
    - positions: [-1.682505726756438, -0.7073154963469279, 1.201172986905874, -1.793402032959493, 1.604955652782804, 1.909220331224499, 1.190314899776708]
      time_from_start: 0
    - time_from_start: 0
      positions: [-1.69014820642608, -0.8073203644929535, 1.464553090106356, -1.745177345620518, 2.05584563755212, 1.990975846049102, 1.700495171559931]
    - time_from_start: 0
      positions: [-1.681240329859519, -0.8944971398932867, 1.624219667103097, -1.638992564770854, 2.527619324423624, 2.092833534157512, 2.262323736479488]
  joint_names: [panda_joint1, panda_joint2, panda_joint3, panda_joint4, panda_joint5, panda_joint6, panda_joint7]