joint_trajectory:
  points:
    - positions: [0, -0.785, 0, -2.356, 0, 1.571, 0.785]
      time_from_start: 0
    - positions: [-2.056145809968239, -1.042699684593781, 0.9658633634871531, -2.183838887714888, 1.464585705197847, 1.656947201227584, 0.8381997247957905]
      time_from_start: 0
    - time_from_start: 0
      positions: [-2.629612937017662, -1.012481114215221, 2.897237488018179, -1.742757048754972, 2.673182389905283, 1.83676416619085, 1.153343999597425]
  joint_names: [panda_joint1, panda_joint2, panda_joint3, panda_joint4, panda_joint5, panda_joint6, panda_joint7]