joint_trajectory:
  points:
    - time_from_start: 0
      positions: [0, -0.785, 0, -2.356, 0, 1.571, 0.785]
    - time_from_start: 0
      positions: [0.5953416480136373, -0.05606637365705151, -1.93421188369375, -2.328752446752656, 1.679166714531016, 1.161248751956894, 0.4878199175705598]
    - time_from_start: 0
      positions: [0.4132486255472059, 1.020370691576281, -1.86549804889639, -2.097693093530294, 2.543048503055695, 1.939212794066433, 2.314373769815358]
  joint_names: [panda_joint1, panda_joint2, panda_joint3, panda_joint4, panda_joint5, panda_joint6, panda_joint7]