joint_trajectory:
  joint_names: [panda_joint1, panda_joint2, panda_joint3, panda_joint4, panda_joint5, panda_joint6, panda_joint7]
  points:
    - time_from_start: 0
      positions: [0, -0.785, 0, -2.356, 0, 1.571, 0.785]
    - positions: [2.398921504437233, -0.358448759369725, 0.05272436926413659, -2.220660001251465, 0.02906288540474689, 2.270947025564109, 1.188375411686025]
      time_from_start: 0
    - positions: [2.520219766386753, 0.6807479409014572, -1.017315900792123, -2.068669649634664, -1.784765910894688, 2.400893345901069, 0.5399716585137435]
      time_from_start: 0
    - positions: [2.636049531472223, 1.401600138917589, -1.472402426444406, -2.006461592638426, -2.8973, 2.717200230536315, 1.975640163085785]
      time_from_start: 0