joint_trajectory:
  joint_names: [panda_joint1, panda_joint2, panda_joint3, panda_joint4, panda_joint5, panda_joint6, panda_joint7]
  points:
    - time_from_start: 0
      positions: [0, -0.785, 0, -2.356, 0, 1.571, 0.785]
    - time_from_start: 0
      positions: [1.20751606333091, -0.2078903062341557, -0.7201576225790465, -2.249844548474, -0.6812041501511981, 2.524016615517295, 0.4778539780976694]
    - positions: [1.106593716145064, 0.2984387472762549, -0.9464530164987026, -2.131019551768214, -1.813387998020095, 2.526285309976563, 0.6585147236649502]
      time_from_start: 0
    - time_from_start: 0
      positions: [0.9409978811655398, 0.5813481667550601, -1.034727419736613, -2.062208794613375, -2.496298605274682, 2.449073570212811, 0.8018229630281994]