joint_trajectory:
  joint_names: [panda_joint1, panda_joint2, panda_joint3, panda_joint4, panda_joint5, panda_joint6, panda_joint7]
  points:
    - positions: [0, -0.785, 0, -2.356, 0, 1.571, 0.785]
      time_from_start: 0
    - positions: [-2.374032959791599, -1.20708934954349, -1.689085416033864, -2.842613115329086, -0.6930136276646519, 2.42639355934225, 1.298255123757943]
      time_from_start: 0
    - positions: [-0.5898399263209613, 1.600729436924531, 1.109349263764952, -1.723502358586906, 2.220590342138014, 2.544999202308972, 0.1133783681762555]
      time_from_start: 0