joint_trajectory:
  joint_names: [panda_joint1, panda_joint2, panda_joint3, panda_joint4, panda_joint5, panda_joint6, panda_joint7]
  points:
    - time_from_start: 0
      positions: [0, -0.785, 0, -2.356, 0, 1.571, 0.785]
    - time_from_start: 0
      positions: [0.2307410421402261, -0.442345691854317, 1.752041947918418, -1.685437060438246, -1.554586011756114, 2.315598954273921, 0.821704693044124]
    - positions: [-1.169990442025787, -0.8430379930051095, 1.856330071248323, -2.050090136330215, -2.374352599217906, 2.627194859427405, 0.9699927111580858]
      time_from_start: 0