joint_trajectory:
  points:
    - time_from_start: 0
      positions: [0, -0.785, 0, -2.356, 0, 1.571, 0.785]
    - time_from_start: 0
      positions: [-0.1108030581527806, -0.2120584074007519, 0.508139343824928, -2.163061694467197, -2.064718124970141, 2.632425947084831, 0.8460915036119874]
    - time_from_start: 0
      positions: [-0.5594503802626438, 0.5962121085407428, 1.12220162036583, -1.330620399389445, -2.801177079870524, 3.292972814243068, -0.02295683903714139]
    - positions: [-0.4848539051618718, 0.9343047531610569, 1.282597260618592, -1.082826844153322, -2.894477332395217, 3.339703684144146, -0.3395873604361431]
      time_from_start: 0
  joint_names: [panda_joint1, panda_joint2, panda_joint3, panda_joint4, panda_joint5, panda_joint6, panda_joint7]