joint_trajectory:
  joint_names: [panda_joint1, panda_joint2, panda_joint3, panda_joint4, panda_joint5, panda_joint6, panda_joint7]
  points:
    - positions: [0, -0.785, 0, -2.356, 0, 1.571, 0.785]
      time_from_start: 0
    - time_from_start: 0
      positions: [1.556411826615658, 0.9146443486250454, 0.2956197509328189, -2.088281293666899, -1.374955359193077, 1.898559553581825, 1.516686982511749]
    - positions: [0.8413612760844116, 1.668417071948605, -0.05136216887232251, -1.189429320091854, -2.654944408436261, 1.845245209717752, 0.6980698541148448]
      time_from_start: 0