joint_trajectory:
  points:
    - positions: [0, -0.785, 0, -2.356, 0, 1.571, 0.785]
      time_from_start: 0
    - time_from_start: 0
      positions: [-0.772157532200008, -0.8792047986891312, 0.3388886510246182, -2.307307324669852, 0.3412203013769304, 1.921158084602614, 1.058890474106064]
    - time_from_start: 0
      positions: [-2.03590747466336, -0.9408159256116995, 2.589956612139626, -1.967858796230492, 2.424448296907007, 1.852329954628727, 1.137928134906953]
    - time_from_start: 0
      positions: [-2.079677576030146, -0.9304333889755954, 2.8973, -1.920979836258385, 2.702768552495789, 1.763151589019765, 1.090741973655628]
  joint_names: [panda_joint1, panda_joint2, panda_joint3, panda_joint4, panda_joint5, panda_joint6, panda_joint7]