joint_trajectory:
  joint_names: [panda_joint1, panda_joint2, panda_joint3, panda_joint4, panda_joint5, panda_joint6, panda_joint7]
  points:
    - positions: [0, -0.785, 0, -2.356, 0, 1.571, 0.785]
      time_from_start: 0
    - positions: [0.409533795367455, 1.242869848535002, 0.2196330241851355, -1.700536037915633, -1.149690548259039, 2.48598055169189, 1.248745630951231]
      time_from_start: 0
    - time_from_start: 0
      positions: [0.1021952992881265, 1.753420784192748, 0.09492027841415512, -0.9619020853876101, -2.88314741777299, 1.957815870086679, 0.5948212216609565]