joint_trajectory:
  joint_names: [panda_joint1, panda_joint2, panda_joint3, panda_joint4, panda_joint5, panda_joint6, panda_joint7]
  points:
    - positions: [0, -0.785, 0, -2.356, 0, 1.571, 0.785]
      time_from_start: 0
    - time_from_start: 0
      positions: [-1.977322749706637, -1.701375869938172, 1.143319652076578, -2.704859248665138, -2.729659810879314, 2.579055684187915, 2.692566581763746]
    - time_from_start: 0
      positions: [-1.265896668042114, -1.701155570597238, 2.019209790535474, -1.390429854513934, -2.875541419914192, 1.978828982833708, 1.844014090102974]