joint_trajectory:
  points:
    - time_from_start: 0
      positions: [0, -0.785, 0, -2.356, 0, 1.571, 0.785]
    - time_from_start: 0
      positions: [0.4186831005064943, -1.021695984621665, 1.277001519711424, -2.008602407857598, 2.168217641821442, 2.202663754732922, -0.2128570834903183]
    - positions: [2.88223059032428, -1.249321176977892, 2.751802947806506, -1.311753404616542, 2.70680797157723, 1.973388615083224, 1.3699748272374]
      time_from_start: 0
  joint_names: [panda_joint1, panda_joint2, panda_joint3, panda_joint4, panda_joint5, panda_joint6, panda_joint7]