joint_trajectory:
  points:
    - positions: [0, -0.785, 0, -2.356, 0, 1.571, 0.785]
      time_from_start: 0
    - positions: [-0.373811991888657, -1.121806868953858, -1.705758200957828, -1.858096395331199, 2.353586130766185, 3.333627150481048, 0.2802331845882262]
      time_from_start: 0
    - positions: [0.1836875927363105, -0.6037028216750067, -1.106072426772386, -1.945425996640716, 2.861354335479874, 2.947682844129898, 0.4731549451432133]
      time_from_start: 0
    - positions: [0.5053393346097143, -0.5338969793261308, -1.139764525551953, -2.011030549073568, 2.8973, 2.96775676523826, 0.5486818737310849]
      time_from_start: 0
  joint_names: [panda_joint1, panda_joint2, panda_joint3, panda_joint4, panda_joint5, panda_joint6, panda_joint7]