joint_trajectory:
  joint_names: [panda_joint1, panda_joint2, panda_joint3, panda_joint4, panda_joint5, panda_joint6, panda_joint7]
  points:
    - time_from_start: 0
      positions: [0, -0.785, 0, -2.356, 0, 1.571, 0.785]
    - positions: [-0.5925020347295407, -0.7607748012877071, 0.08967677796833906, -2.504379004719726, -0.7807552605268436, 1.605882420021641, 0.8509767609148653]
      time_from_start: 0
    - positions: [-2.660844775198696, -1.335503235549357, 1.115598730356964, -2.040908581764121, 2.13909346844133, 1.626939434277103, 2.396261299276901]
      time_from_start: 0
    - positions: [-2.771031143622904, -1.436502273181585, 1.246353647836188, -1.911446584338372, 2.8973, 1.617309831508073, 2.618959584976602]
      time_from_start: 0