joint_trajectory:
  joint_names: [panda_joint1, panda_joint2, panda_joint3, panda_joint4, panda_joint5, panda_joint6, panda_joint7]
  points:
    - positions: [0, -0.785, 0, -2.356, 0, 1.571, 0.785]
      time_from_start: 0
    - time_from_start: 0
      positions: [-2.437184571310319, 0.09514393033906821, 0.8483621569595301, -2.920692119896715, -1.344325018895604, 3.564168928710278, 0.5170330082566479]
    - time_from_start: 0
      positions: [1.872691939879549, -0.3505918337890819, -2.302886722445558, -1.951375477820731, -0.6093197401207368, 3.7525, -2.111013223042089]