joint_trajectory:
  points:
    - positions: [0, -0.785, 0, -2.356, 0, 1.571, 0.785]
      time_from_start: 0
    - positions: [0.6017185466843225, -0.546307315798254, -0.5931935481657707, -2.448566488372663, -0.8504386645636199, 1.664856526390033, 0.1941225371709484]
      time_from_start: 0
    - time_from_start: 0
      positions: [1.842441426939668, -0.23397357515462, -2.606224980600859, -2.279855951888885, -2.874184637659511, 2.185283003572644, 0.5043523933863461]
  joint_names: [panda_joint1, panda_joint2, panda_joint3, panda_joint4, panda_joint5, panda_joint6, panda_joint7]