joint_trajectory:
  points:
    - positions: [0, -0.785, 0, -2.356, 0, 1.571, 0.785]
      time_from_start: 0
    - positions: [0.7198364729876008, 1.030219121013194, -1.869867181648327, -1.931316460191758, 2.618607661470914, 1.966055488884779, 2.581092633723248]
      time_from_start: 0
    - time_from_start: 0
      positions: [1.397291045342629, 1.662607939329682, -1.98621715461107, -1.765204857806336, 2.897299753183789, 2.081685148943951, 2.858473184386696]
  joint_names: [panda_joint1, panda_joint2, panda_joint3, panda_joint4, panda_joint5, panda_joint6, panda_joint7]