joint_trajectory:
  joint_names: [panda_joint1, panda_joint2, panda_joint3, panda_joint4, panda_joint5, panda_joint6, panda_joint7]
  points:
    - time_from_start: 0
      positions: [0, -0.785, 0, -2.356, 0, 1.571, 0.785]
    - time_from_start: 0
      positions: [-0.03055142917937287, -0.771286414566301, 0.00931590372008299, -2.372641891337254, -0.01961262568584994, 1.571278953818965, 0.8234615372237355]
    - positions: [-0.9782815976252122, 0.5026479923832706, -0.6303621444629899, -2.465366155373895, -0.2225321724228794, 2.361969773382799, 1.769678858146915]
      time_from_start: 0
    - time_from_start: 0
      positions: [-0.8739367293599616, 0.9598917280572414, -0.3629841000264702, -1.920167464024917, 2.731017819561385, 1.716202851509463, 1.171546802959995]