joint_trajectory:
  points:
    - time_from_start: 0
      positions: [0, -0.785, 0, -2.356, 0, 1.571, 0.785]
    - positions: [-0.9864139809142269, -0.5331468885776995, 0.2676917896512255, -2.218786934538999, 1.978484835412286, 2.038636742666784, 0.8960953682919515]
      time_from_start: 0
    - time_from_start: 0
      positions: [-0.6289324632541196, -0.8038557946756072, 1.343204328118025, -2.046652815242347, 2.46080119593774, 2.074768865515217, 2.155510718897715]
  joint_names: [panda_joint1, panda_joint2, panda_joint3, panda_joint4, panda_joint5, panda_joint6, panda_joint7]