joint_trajectory:
  points:
    - time_from_start: 0
      positions: [0, -0.785, 0, -2.356, 0, 1.571, 0.785]
    - time_from_start: 0
      positions: [-0.8040270126809084, 0.3216725156108811, 1.66885638966469, -1.987714667493174, 2.29386120044533, 2.664142652314881, 0.8221787955131832]
    - time_from_start: 0
      positions: [0.02313737933242527, 0.4093473831531482, 1.148397683972481, -1.59253029402185, 2.288063064327136, 2.934168830569662, 1.255625924388618]
  joint_names: [panda_joint1, panda_joint2, panda_joint3, panda_joint4, panda_joint5, panda_joint6, panda_joint7]