joint_trajectory:
  points:
    - time_from_start: 0
      positions: [0, -0.785, 0, -2.356, 0, 1.571, 0.785]
    - positions: [0.4079010572254635, 0.969290395424196, 0.2457325170973527, -2.199033483883718, -0.5471840266064085, 2.213023357594599, 0.4195205977558313]
      time_from_start: 0
    - positions: [1.256529320970344, 1.685894838426044, 0.2733603891542623, -1.188437991420023, -2.477121965512679, 2.065688861736644, 0.5508636320038014]
      time_from_start: 0
    - positions: [1.336231316464652, 1.757480187780321, 0.1642878761382566, -0.9859002767760654, -2.897299998611106, 1.913214939966648, 0.5331687892274275]
      time_from_start: 0
  joint_names: [panda_joint1, panda_joint2, panda_joint3, panda_joint4, panda_joint5, panda_joint6, panda_joint7]