joint_trajectory:
  joint_names: [panda_joint1, panda_joint2, panda_joint3, panda_joint4, panda_joint5, panda_joint6, panda_joint7]
  points:
    - positions: [0, -0.785, 0, -2.356, 0, 1.571, 0.785]
      time_from_start: 0
    - positions: [-1.046867764748317, 0.896214306232319, 0.5499371243887345, -2.063176747899145, 1.096741540846249, 2.925182190087653, 0.9633164023125852]
      time_from_start: 0
    - time_from_start: 0
      positions: [-0.7598204950074855, 1.7628, 1.185250640415102, -1.799739060477712, 2.215117528471594, 2.62225697007336, -0.07617186520657807]