joint_trajectory:
  points:
    - positions: [0, -0.785, 0, -2.356, 0, 1.571, 0.785]
      time_from_start: 0
    - time_from_start: 0
      positions: [-0.870835676861203, -0.8313453374808477, -0.9326104107545869, -2.250246700229511, 0.3243554209875264, 2.346571011409901, 1.083093182609449]
    - positions: [-1.695238378708416, 1.154993769575497, -0.4462867629852109, -1.898699108586116, 2.344430800969308, 2.380908498672231, 1.266207045875344]
      time_from_start: 0
    - time_from_start: 0
      positions: [-1.698755235358445, 1.047522079912893, 0.07546647694849126, -1.584433980750335, 2.476022362447439, 2.017227638791056, 1.030321381316767]
  joint_names: [panda_joint1, panda_joint2, panda_joint3, panda_joint4, panda_joint5, panda_joint6, panda_joint7]