joint_trajectory:
  points:
    - positions: [0, -0.785, 0, -2.356, 0, 1.571, 0.785]
      time_from_start: 0
    - time_from_start: 0
      positions: [0.483002259918726, -0.9908715141014719, -0.03834399965553304, -2.206985846702952, -0.3475100887074567, 1.36665757461493, 1.006880157584999]
    - time_from_start: 0
      positions: [1.674010329356868, 0.7575955496723371, -1.40117149386471, -1.629553566207658, 2.376363355474995, 1.926526836065493, 2.194803384890259]
  joint_names: [panda_joint1, panda_joint2, panda_joint3, panda_joint4, panda_joint5, panda_joint6, panda_joint7]