joint_trajectory:
  joint_names: [panda_joint1, panda_joint2, panda_joint3, panda_joint4, panda_joint5, panda_joint6, panda_joint7]
  points:
    - time_from_start: 0
      positions: [0, -0.785, 0, -2.356, 0, 1.571, 0.785]
    - positions: [0.1744744088664483, 1.317039109017204, 0.4627107390037126, -1.295411604961512, -1.136571312314314, 2.35069795714131, 0.9641923883985626]
      time_from_start: 0
    - time_from_start: 0
      positions: [-0.2400401173893377, 1.7628, -0.4128116577865444, -1.107556530816615, -2.341460317333905, 2.035417358245494, 0.8986431840819703]