joint_trajectory:
  joint_names: [panda_joint1, panda_joint2, panda_joint3, panda_joint4, panda_joint5, panda_joint6, panda_joint7]
  points:
    - time_from_start: 0
      positions: [0, -0.785, 0, -2.356, 0, 1.571, 0.785]
    - positions: [-0.2800713700687512, -0.1827672036331147, -1.472533310451638, -2.429358635526663, -2.368259819937032, 0.9830245697568171, -2.767000175158214]
      time_from_start: 0
    - positions: [-1.33062826925948, 0.7429860914489949, 1.638909045757977, -1.681830516238121, 2.8973, 3.090637521968292, 0.2896498291350727]
      time_from_start: 0