joint_trajectory:
  joint_names: [panda_joint1, panda_joint2, panda_joint3, panda_joint4, panda_joint5, panda_joint6, panda_joint7]
  points:
    - positions: [0, -0.785, 0, -2.356, 0, 1.571, 0.785]
      time_from_start: 0
    - time_from_start: 0
      positions: [-2.427961029163701, 0.8543672943312672, -2.296805071624089, -2.601645631627482, 0.2026592729303518, 3.248843862863723, 0.6815935605662409]
    - positions: [-2.895669481901293, -0.602367753754033, -2.34660667379647, -1.932646086444546, -2.733911415987715, 2.132030475537643, 0.1121108975565316]
      time_from_start: 0