joint_trajectory:
  joint_names: [panda_joint1, panda_joint2, panda_joint3, panda_joint4, panda_joint5, panda_joint6, panda_joint7]
  points:
    - time_from_start: 0
      positions: [0, -0.785, 0, -2.356, 0, 1.571, 0.785]
    - time_from_start: 0
      positions: [-1.660203938353899, -1.576155600346759, -2.680020025960035, -1.508360836420761, -2.270914951487062, 1.599148162242053, 0.7381353908942996]
    - positions: [-1.846550989413205, -1.597300028701928, -2.897299668735259, -1.482366716492694, -2.787754133193628, 1.541916747166506, 0.5307303838197261]
      time_from_start: 0