joint_trajectory:
  joint_names: [panda_joint1, panda_joint2, panda_joint3, panda_joint4, panda_joint5, panda_joint6, panda_joint7]
  points:
    - positions: [0, -0.785, 0, -2.356, 0, 1.571, 0.785]
      time_from_start: 0
    - positions: [-0.08525624438257143, 0.9987975185998175, 0.4026405334766519, -1.652285494835023, -0.6013327049122554, 2.093275500231852, -0.06058175137544263]
      time_from_start: 0
    - time_from_start: 0
      positions: [-0.1413646050027198, 1.669509317442741, -0.07413864895988215, -1.100210018791408, -2.037873403545819, 2.075490158533135, 0.4949480133112871]
    - time_from_start: 0
      positions: [-0.1532424489172267, 1.7628, -0.2468474243643254, -0.9747311690302465, -2.442694676870423, 2.036744090856111, 0.7201559826735429]