joint_trajectory:
  joint_names: [panda_joint1, panda_joint2, panda_joint3, panda_joint4, panda_joint5, panda_joint6, panda_joint7]
  points:
    - time_from_start: 0
      positions: [0, -0.785, 0, -2.356, 0, 1.571, 0.785]
    - time_from_start: 0
      positions: [-2.300615778006986, 1.314374162964709, -2.766027711100783, -0.899157194492151, 2.869748898382532, 0.4329562534973956, 0.2688308681309688]
    - time_from_start: 0
      positions: [2.755340316773781, 1.471747097598704, -1.496031444403762, -1.927940131284994, -2.863854988031421, 2.829953598014312, 1.989205966499702]