joint_trajectory:
  joint_names: [panda_joint1, panda_joint2, panda_joint3, panda_joint4, panda_joint5, panda_joint6, panda_joint7]
  points:
    - time_from_start: 0
      positions: [0, -0.785, 0, -2.356, 0, 1.571, 0.785]
    - time_from_start: 0
      positions: [-1.526977501601264, -1.14617679399128, 0.8816301673849318, -2.216347333177391, 0.5010505761223788, 1.900870265118209, 1.655516120240458]
    - time_from_start: 0
      positions: [-1.793382924945314, -1.629177230386333, 1.161385746209266, -2.072623050653287, 2.8973, 1.795879379925089, 2.74946729620056]