joint_trajectory:
  points:
    - positions: [0, -0.785, 0, -2.356, 0, 1.571, 0.785]
      time_from_start: 0
    - time_from_start: 0
      positions: [-0.5884725375280351, -0.9056300704632803, 2.042914588831516, -1.898401881412899, -1.553393780404912, 1.949411124867648, -0.3678207399930709]
    - time_from_start: 0
      positions: [-1.442823558547703, -0.6615052773948027, 2.508495652261312, -1.692986232264433, -2.578218086341997, 2.515704692109273, 0.7118739401177114]
  joint_names: [panda_joint1, panda_joint2, panda_joint3, panda_joint4, panda_joint5, panda_joint6, panda_joint7]