joint_trajectory:
  joint_names: [panda_joint1, panda_joint2, panda_joint3, panda_joint4, panda_joint5, panda_joint6, panda_joint7]
  points:
    - positions: [0, -0.785, 0, -2.356, 0, 1.571, 0.785]
      time_from_start: 0
    - time_from_start: 0
      positions: [2.143584937474666, 0.4366229545749211, -2.279782055090959, -2.960652181870645, 1.813586822111211, 1.109986790756821, 1.727923987134018]
    - positions: [1.809154482545188, 1.698326792379519, -2.011990724286962, -1.846527911922808, 2.897288028369436, 2.047507006653845, 2.881885732822346]
      time_from_start: 0