joint_trajectory:
  points:
    - time_from_start: 0
      positions: [0, -0.785, 0, -2.356, 0, 1.571, 0.785]
    - positions: [0.5819661080257468, -0.771497240981646, -1.271649571191087, -1.999738267436209, -0.3861517099411929, 3.343699703178768, 2.170328546063141]
      time_from_start: 0
    - time_from_start: 0
      positions: [1.948456482474983, -0.9167086583104946, -1.570926868130608, -1.909737659860354, 0.1122631615264955, 3.549411917522477, 2.8973]
  joint_names: [panda_joint1, panda_joint2, panda_joint3, panda_joint4, panda_joint5, panda_joint6, panda_joint7]