joint_trajectory:
  points:
    - time_from_start: 0
      positions: [0, -0.785, 0, -2.356, 0, 1.571, 0.785]
    - time_from_start: 0
      positions: [1.596996470545881, -1.173447605940356, -2.062832169828631, -2.199996361188698, 0.8839120521687388, 2.242630694955376, 0.6825503772676966]
    - positions: [2.697606057077727, -1.175818782271838, -2.358781108309024, -1.956938719673939, 2.190313088299226, 2.250077652380532, 0.4911889658575864]
      time_from_start: 0
  joint_names: [panda_joint1, panda_joint2, panda_joint3, panda_joint4, panda_joint5, panda_joint6, panda_joint7]