joint_trajectory:
  joint_names: [panda_joint1, panda_joint2, panda_joint3, panda_joint4, panda_joint5, panda_joint6, panda_joint7]
  points:
    - positions: [0, -0.785, 0, -2.356, 0, 1.571, 0.785]
      time_from_start: 0
    - positions: [-0.2952917914419433, 1.279785716364719, 0.3432471637449148, -2.203373981781327, 0.5103307555681562, 2.215300656654872, 0.6860352881787812]
      time_from_start: 0
    - positions: [1.857836645574326, -0.09622408566980935, 2.897299999971229, -1.75088652797662, 2.493654639201643, 2.803494208034768, 1.430489198182912]
      time_from_start: 0