joint_trajectory:
  joint_names: [panda_joint1, panda_joint2, panda_joint3, panda_joint4, panda_joint5, panda_joint6, panda_joint7]
  points:
    - time_from_start: 0
      positions: [0, -0.785, 0, -2.356, 0, 1.571, 0.785]
    - positions: [-1.820078474591859, 1.312592320186459, -0.5972770323004575, -1.886661768384324, -2.042559811146651, 2.599255415487569, 2.253349006208824]
      time_from_start: 0
    - time_from_start: 0
      positions: [1.516492112977575, 1.4553277313013, -0.9383512234260841, -1.969537554791358, -2.8973, 1.681722299159107, 1.716072513117429]