joint_trajectory:
  points:
    - positions: [0, -0.785, 0, -2.356, 0, 1.571, 0.785]
      time_from_start: 0
    - positions: [0.1072640400267777, 1.47865350890296, -0.2292314141980061, -1.312647715270997, -1.350633569047752, 1.84029608701345, 0.5463813705968773]
      time_from_start: 0
    - positions: [-0.2016305622478242, 1.675356048913517, -0.4142681373548489, -1.245841343270642, -1.749578444739568, 1.995792215826188, 0.7450806771807471]
      time_from_start: 0
    - time_from_start: 0
      positions: [-0.3548624775839633, 1.7628, -0.5047831261475914, -1.217335639596754, -1.941010105887446, 2.071523615916209, 0.8443855946466444]
  joint_names: [panda_joint1, panda_joint2, panda_joint3, panda_joint4, panda_joint5, panda_joint6, panda_joint7]