joint_trajectory:
  points:
    - time_from_start: 0
      positions: [0, -0.785, 0, -2.356, 0, 1.571, 0.785]
    - positions: [-0.6021030008085071, 1.740052163071185, -1.729434634770127, -2.295116624810849, -0.7995607394369784, 0.8767367762816139, 2.670212501506461]
      time_from_start: 0
    - time_from_start: 0
      positions: [-0.03470968325268642, -1.137812681897007, -1.383005835494471, -1.906865404340503, -2.551341186351349, 2.980027302990112, -0.9143632940081586]
  joint_names: [panda_joint1, panda_joint2, panda_joint3, panda_joint4, panda_joint5, panda_joint6, panda_joint7]