joint_trajectory:
  points:
    - positions: [0, -0.785, 0, -2.356, 0, 1.571, 0.785]
      time_from_start: 0
    - time_from_start: 0
      positions: [-1.057497016280437, -1.233425897266731, 1.595614079296221, -1.971625198635105, -2.469688684054518, 3.235154476386469, 1.943596727257906]
    - positions: [-1.375958634484552, -1.596917761038022, 1.597389228094104, -1.747697122590121, -2.897299965108057, 3.04340334075328, 2.145237526499508]
      time_from_start: 0
  joint_names: [panda_joint1, panda_joint2, panda_joint3, panda_joint4, panda_joint5, panda_joint6, panda_joint7]