joint_trajectory:
  joint_names: [panda_joint1, panda_joint2, panda_joint3, panda_joint4, panda_joint5, panda_joint6, panda_joint7]
  points:
    - time_from_start: 0
      positions: [0, -0.785, 0, -2.356, 0, 1.571, 0.785]
    - positions: [2.825541722896775, 0.2915229021931066, 2.820689442646667, -2.915526136379182, -2.577616894434237, 2.267947067336859, 1.721518601368818]
      time_from_start: 0
    - time_from_start: 0
      positions: [2.897208951134999, -0.3154416263035887, 2.755937848736852, -2.122795262120823, -2.609886196613451, 2.272732426973298, 0.559890474530214]