joint_trajectory:
  joint_names: [panda_joint1, panda_joint2, panda_joint3, panda_joint4, panda_joint5, panda_joint6, panda_joint7]
  points:
    - positions: [0, -0.785, 0, -2.356, 0, 1.571, 0.785]
      time_from_start: 0
    - positions: [-2.016151036934462, -0.9965308632502332, -1.554651248200983, -1.911007269084593, -1.645187964683166, 1.991625417897012, 0.4200662524437067]
      time_from_start: 0
    - time_from_start: 0
      positions: [1.239361451019424, -0.8628152410989995, -1.62201124656172, -1.563597093271369, -2.897198775643665, 3.070286239580879, -0.319651311566088]