joint_trajectory:
  points:
    - time_from_start: 0
      positions: [0, -0.785, 0, -2.356, 0, 1.571, 0.785]
    - time_from_start: 0
      positions: [-0.02237023011893945, -0.6514339224443839, 0.4486629427017956, -2.728089200743921, -1.277882783498015, 1.927165745576036, 1.081620420519982]
    - time_from_start: 0
      positions: [0.3517064239966918, 0.4158740271621403, -0.8480178154649729, -2.183599682439901, -2.721364597521079, 2.339485223074735, 1.029659162542464]
    - positions: [0.3936331997608895, 0.5307248464949377, -1.002326011785903, -2.114361639856925, -2.850158628142131, 2.376488318686647, 1.016736879299732]
      time_from_start: 0
  joint_names: [panda_joint1, panda_joint2, panda_joint3, panda_joint4, panda_joint5, panda_joint6, panda_joint7]