joint_trajectory:
  points:
    - time_from_start: 0
      positions: [0, -0.785, 0, -2.356, 0, 1.571, 0.785]
    - time_from_start: 0
      positions: [-1.115598625067883, -1.386397703754568, 1.989786249160987, -2.351168027274235, 0.6840235982629482, 2.40585376542511, 1.692461575483556]
    - positions: [-2.15512734085493, -1.159534763007431, 2.484597591513856, -2.122971807936603, -2.60267940766621, 1.902922181074082, 1.490743483798638]
      time_from_start: 0
    - time_from_start: 0
      positions: [-2.259642874892481, -1.09316493259313, 2.499526095192954, -1.945918162656168, -2.8973, 1.90811339471981, 1.284628865751186]
  joint_names: [panda_joint1, panda_joint2, panda_joint3, panda_joint4, panda_joint5, panda_joint6, panda_joint7]