joint_trajectory:
  points:
    - time_from_start: 0
      positions: [0, -0.785, 0, -2.356, 0, 1.571, 0.785]
    - positions: [-1.164129703741157, 1.182871732386589, 0.6411525861148621, -1.972015095303731, 0.2344623650787029, 1.790607579100168, -0.08907671208359261]
      time_from_start: 0
    - time_from_start: 0
      positions: [-0.1336249333560819, 1.14673830358882, 0.3531027456022015, -1.444908416513681, 2.320922879943422, 2.204909918426442, 0.9568849583093554]
  joint_names: [panda_joint1, panda_joint2, panda_joint3, panda_joint4, panda_joint5, panda_joint6, panda_joint7]