joint_trajectory:
  joint_names: [panda_joint1, panda_joint2, panda_joint3, panda_joint4, panda_joint5, panda_joint6, panda_joint7]
  points:
    - positions: [0, -0.785, 0, -2.356, 0, 1.571, 0.785]
      time_from_start: 0
    - positions: [0.1253946799933991, 0.1148767328323013, 0.03454728155472808, -2.3052670899847, -1.792097216178354, 2.525645139737547, -0.5434294406682083]
      time_from_start: 0
    - time_from_start: 0
      positions: [0.424012955617656, 0.2631942938795011, -0.7405301240913263, -2.27510223245176, -2.441191004550375, 2.208717174911526, 0.5214729342674591]