joint_trajectory:
  joint_names: [panda_joint1, panda_joint2, panda_joint3, panda_joint4, panda_joint5, panda_joint6, panda_joint7]
  points:
    - positions: [0, -0.785, 0, -2.356, 0, 1.571, 0.785]
      time_from_start: 0
    - positions: [-1.485049164388767, -0.06632879335954678, 0.00763232886194215, -2.607422612651574, 1.094163332489877, 2.300642932392467, 0.8172073400805185]
      time_from_start: 0
    - positions: [-1.772057256885004, 1.509322040348068, 1.025801208763229, -1.909812845847208, 2.284402524446363, 2.413771252847919, 0.08247476404587022]
      time_from_start: 0