joint_trajectory:
  points:
    - time_from_start: 0
      positions: [0, -0.785, 0, -2.356, 0, 1.571, 0.785]
    - time_from_start: 0
      positions: [-1.934094477356279, 0.6250232265754349, -0.01373219998355453, -2.002883300343486, 0.9932349111116621, 1.682575538763026, -0.08240550564261023]
    - positions: [-1.942795072320898, 0.854402519196564, 0.1235733558154113, -1.906669805587079, 1.425282536635946, 1.879536810543193, 0.3238915430665264]
      time_from_start: 0
    - positions: [-1.737323035627181, 1.083338678029959, 0.3382873600786568, -1.583439945860577, 2.342790414447234, 2.126203423441968, 0.9176088614375913]
      time_from_start: 0
  joint_names: [panda_joint1, panda_joint2, panda_joint3, panda_joint4, panda_joint5, panda_joint6, panda_joint7]