joint_trajectory:
  points:
    - time_from_start: 0
      positions: [0, -0.785, 0, -2.356, 0, 1.571, 0.785]
    - time_from_start: 0
      positions: [-2.111014725728062, -1.444856508734597, 2.774219477450201, -1.695744685460034, -1.374507810780388, 1.732205764630063, 0.6895188084289376]
    - positions: [-2.56406021644745, -1.7628, 2.598982985277613, -1.323118195214631, -1.984671559203659, 2.068015244285964, 0.9813326088056306]
      time_from_start: 0
  joint_names: [panda_joint1, panda_joint2, panda_joint3, panda_joint4, panda_joint5, panda_joint6, panda_joint7]