joint_trajectory:
  joint_names: [panda_joint1, panda_joint2, panda_joint3, panda_joint4, panda_joint5, panda_joint6, panda_joint7]
  points:
    - time_from_start: 0
      positions: [0, -0.785, 0, -2.356, 0, 1.571, 0.785]
    - time_from_start: 0
      positions: [2.70305987951993, -0.7231936912106349, -2.233487007435132, -0.1961871954245726, -0.56764004228455, 1.993743215503637, 1.119012227641558]
    - time_from_start: 0
      positions: [-0.4185713466490576, 0.7352420753890851, 1.189399732576647, -1.217164749791657, 2.897299997401293, 3.157632379534759, 0.350898152590766]