joint_trajectory:
  points:
    - positions: [0, -0.785, 0, -2.356, 0, 1.571, 0.785]
      time_from_start: 0
    - time_from_start: 0
      positions: [-0.0147182937031175, -1.649664864482861, 1.61470370294215, -1.321240704752937, 1.074586384590264, 3.285617833691535, -1.53624058764773]
    - time_from_start: 0
      positions: [-0.4014425931957614, -1.762797369371419, 1.635182425901698, -1.556448613674238, 1.078320462786428, 3.210856577560437, -1.667813724496037]
  joint_names: [panda_joint1, panda_joint2, panda_joint3, panda_joint4, panda_joint5, panda_joint6, panda_joint7]