joint_trajectory:
  points:
    - positions: [0, -0.785, 0, -2.356, 0, 1.571, 0.785]
      time_from_start: 0
    - positions: [-1.904284081725262, 0.5407782459799424, 1.38022759340706, -1.892661739829566, -2.04870738991396, 2.844866538781766, -0.5012491644368349]
      time_from_start: 0
    - time_from_start: 0
      positions: [-1.418267132274611, 0.9091572682993794, 1.807216109387837, -1.985744253882785, -2.550062055352728, 2.821771739009761, -0.5879328352723014]
    - positions: [-1.202342480021294, 1.015133403594104, 1.765615236787493, -1.928970844906406, -2.598609268195007, 2.712354977483788, -0.7236436707343111]
      time_from_start: 0
  joint_names: [panda_joint1, panda_joint2, panda_joint3, panda_joint4, panda_joint5, panda_joint6, panda_joint7]