joint_trajectory:
  joint_names: [panda_joint1, panda_joint2, panda_joint3, panda_joint4, panda_joint5, panda_joint6, panda_joint7]
  points:
    - time_from_start: 0
      positions: [0, -0.785, 0, -2.356, 0, 1.571, 0.785]
    - positions: [0.6287176563979179, 0.8264771666742065, -0.880490864208189, -2.221824139970972, 1.641813619397389, 1.929415107858198, 0.623046756452635]
      time_from_start: 0
    - positions: [0.8453454293280954, 0.9895938691237368, -0.5929975042725718, -2.184926156885181, 2.896404376953337, 1.493787606855475, 1.280327114267673]
      time_from_start: 0