joint_trajectory:
  points:
    - positions: [0, -0.785, 0, -2.356, 0, 1.571, 0.785]
      time_from_start: 0
    - positions: [-0.7772265323842712, -0.1656141024136219, -0.4564200214800639, -2.372607562610312, 0.06755372597929432, 1.630462838074779, 1.662235347136674]
      time_from_start: 0
    - time_from_start: 0
      positions: [-1.153489626566082, 0.6274823368990428, -0.6699086378534481, -2.058954791478197, 1.30114334690783, 1.713780640055674, 1.843766075295395]
    - positions: [-1.052062402127422, 1.196029000906098, -0.6005132955641035, -1.633267355271737, 2.873338317190818, 1.777813192838594, 1.409175049637076]
      time_from_start: 0
  joint_names: [panda_joint1, panda_joint2, panda_joint3, panda_joint4, panda_joint5, panda_joint6, panda_joint7]