joint_trajectory:
  points:
    - time_from_start: 0
      positions: [0, -0.785, 0, -2.356, 0, 1.571, 0.785]
    - positions: [0.2916889533133677, -0.9037825994061568, -1.323782611064099, -2.500959375301171, 0.3853812434516987, 1.865867775993741, 0.4714398203286728]
      time_from_start: 0
    - positions: [1.886924476227491, -0.9388350759219934, -2.436524864819974, -2.238360888926969, 1.902230949682493, 1.954960926417921, 0.5009354702412988]
      time_from_start: 0
    - time_from_start: 0
      positions: [2.543550485277168, -0.9300437846419863, -2.663059221742749, -2.090396704731117, 2.504270982903992, 1.934071290154519, 0.5789811678409951]
  joint_names: [panda_joint1, panda_joint2, panda_joint3, panda_joint4, panda_joint5, panda_joint6, panda_joint7]