joint_trajectory:
  joint_names: [panda_joint1, panda_joint2, panda_joint3, panda_joint4, panda_joint5, panda_joint6, panda_joint7]
  points:
    - time_from_start: 0
      positions: [0, -0.785, 0, -2.356, 0, 1.571, 0.785]
    - time_from_start: 0
      positions: [-2.480111108788941, 0.1958060921927913, 2.307892922803015, -1.584334353048564, 1.362677945281193, 2.050783656791318, -1.625502718070569]
    - positions: [0.83960893640513, 0.9045610337291916, -1.248785193469915, -2.021969610172901, -2.897290349936122, 2.467422982164557, 1.45667982693312]
      time_from_start: 0