joint_trajectory:
  joint_names: [panda_joint1, panda_joint2, panda_joint3, panda_joint4, panda_joint5, panda_joint6, panda_joint7]
  points:
    - positions: [0, -0.785, 0, -2.356, 0, 1.571, 0.785]
      time_from_start: 0
    - positions: [-1.868180461343022, -0.4321112374077745, -0.1979245781817592, -2.22135072739795, 0.8921504919820743, 2.152338947171849, 1.688776103892946]
      time_from_start: 0
    - positions: [-2.1546798943877, 0.4355808291955037, 1.190978939194276, -1.631367912894909, 1.899770699412257, 2.841146620478155, 1.600816503119594]
      time_from_start: 0