joint_trajectory:
  joint_names: [panda_joint1, panda_joint2, panda_joint3, panda_joint4, panda_joint5, panda_joint6, panda_joint7]
  points:
    - time_from_start: 0
      positions: [0, -0.785, 0, -2.356, 0, 1.571, 0.785]
    - positions: [0.8601914831767834, 0.05127057854570222, -0.3685108543497854, -2.505410962432856, -1.433920335959924, 1.945395374562855, 0.241008707226722]
      time_from_start: 0
    - positions: [0.919721198483768, 0.3932872829813444, -0.9647289933451503, -2.195038777188588, -2.816196043836464, 2.343191461090312, 0.8884574452268519]
      time_from_start: 0