joint_trajectory:
  joint_names: [panda_joint1, panda_joint2, panda_joint3, panda_joint4, panda_joint5, panda_joint6, panda_joint7]
  points:
    - time_from_start: 0
      positions: [0, -0.785, 0, -2.356, 0, 1.571, 0.785]
    - positions: [2.114116183252571, 0.4396347433985038, -0.2603775813734805, -2.183046417374668, -0.9091980644302761, 2.297890205213399, -0.103334618655767]
      time_from_start: 0
    - positions: [2.508522766271279, 0.442218867180278, -0.5948206080266283, -2.139639114736492, -1.314414849923261, 2.313106460667178, 0.2300336852288328]
      time_from_start: 0
    - positions: [2.550074379203108, 0.80126572892412, -1.125029117393223, -1.922416231800905, -2.865664387220622, 2.501494543284157, 1.286969229231839]
      time_from_start: 0