joint_trajectory:
  joint_names: [panda_joint1, panda_joint2, panda_joint3, panda_joint4, panda_joint5, panda_joint6, panda_joint7]
  points:
    - positions: [0, -0.785, 0, -2.356, 0, 1.571, 0.785]
      time_from_start: 0
    - positions: [1.05708324906461, -0.6286815544789304, 0.7690124410156939, -2.399004179123575, 1.201154820963711, 2.431989985605638, 0.9480682720701705]
      time_from_start: 0
    - positions: [1.390714625007158, 1.42147248771304, 0.5046032849870448, -1.446486454057, -1.233535908968938, 2.371506578231245, 0.9753073216165753]
      time_from_start: 0
    - time_from_start: 0
      positions: [1.44294609001417, 1.641572195311368, -0.284061670330052, -1.346711233794945, -2.37968967286124, 1.875639238569584, 0.886259026223741]