joint_trajectory:
  points:
    - positions: [0, -0.785, 0, -2.356, 0, 1.571, 0.785]
      time_from_start: 0
    - time_from_start: 0
      positions: [-0.2142740036439617, 0.322861572716385, 2.643487045608181, -2.821841078665061, 1.216830944548221, 2.915295597407967, 1.299698289658175]
    - time_from_start: 0
      positions: [0.703190830273134, 0.4727105203625933, 1.188724467721224, -2.331835590268224, -2.809913085607315, 2.033752699719844, 0.1871652461861722]
  joint_names: [panda_joint1, panda_joint2, panda_joint3, panda_joint4, panda_joint5, panda_joint6, panda_joint7]