joint_trajectory:
  joint_names: [panda_joint1, panda_joint2, panda_joint3, panda_joint4, panda_joint5, panda_joint6, panda_joint7]
  points:
    - positions: [0, -0.785, 0, -2.356, 0, 1.571, 0.785]
      time_from_start: 0
    - time_from_start: 0
      positions: [0.1059928954840785, 0.8944847250535579, -0.1498559980011457, -1.911740123327465, 0.5132078790505763, 2.391194739113937, 0.2571174462570575]
    - positions: [-0.0008855558361166715, 1.172878725500973, 0.6564062933849402, -1.66337489705127, 1.954430410931362, 2.266786408291095, 0.8741312227224295]
      time_from_start: 0