joint_trajectory:
  joint_names: [panda_joint1, panda_joint2, panda_joint3, panda_joint4, panda_joint5, panda_joint6, panda_joint7]
  points:
    - positions: [0, -0.785, 0, -2.356, 0, 1.571, 0.785]
      time_from_start: 0
    - time_from_start: 0
      positions: [1.197524838983084, -0.2999385940016126, -0.6287025035133924, -2.601424793729389, 2.078935818985575, 3.065351460494441, 1.367084414434414]
    - positions: [1.396452680968872, -0.1961712656478749, -0.5940658816590731, -2.019437510307418, 1.909322074197605, 2.809646022718452, 1.476476298562124]
      time_from_start: 0
    - positions: [1.567375103670256, 0.006802049993954839, -0.6965912581832767, -1.891504558259116, 2.394730619438738, 2.709694140939487, 1.490109044007701]
      time_from_start: 0