joint_trajectory:
  points:
    - time_from_start: 0
      positions: [0, -0.785, 0, -2.356, 0, 1.571, 0.785]
    - positions: [2.233688149228031, 0.7709084611558161, -0.7068037086542748, -2.395225798105227, -0.7495486395683655, 1.785842396613333, 0.3580447651113454]
      time_from_start: 0
    - time_from_start: 0
      positions: [2.6762441349419, 0.9379656937516933, -0.9575898552443081, -2.366812670955807, -0.8760378043424265, 1.793249749795664, 0.2565433445567032]
    - time_from_start: 0
      positions: [2.599700742997006, 1.511613750324757, -1.492496363643899, -1.997762368234534, -2.897299968070342, 2.799764807362735, 2.065223242039286]
  joint_names: [panda_joint1, panda_joint2, panda_joint3, panda_joint4, panda_joint5, panda_joint6, panda_joint7]