joint_trajectory:
  points:
    - time_from_start: 0
      positions: [0, -0.785, 0, -2.356, 0, 1.571, 0.785]
    - time_from_start: 0
      positions: [-0.9718449628115902, -0.6367294858574628, 1.729215705676303, -2.264844476807278, -0.9746725516554627, 2.627604152868438, -0.1308781589348509]
    - time_from_start: 0
      positions: [-2.8973, -0.7457167356494797, 2.194552371644091, -1.772491623681862, -2.217572738546885, 2.566595994330998, 0.6149111007007692]
  joint_names: [panda_joint1, panda_joint2, panda_joint3, panda_joint4, panda_joint5, panda_joint6, panda_joint7]