joint_trajectory:
  joint_names: [panda_joint1, panda_joint2, panda_joint3, panda_joint4, panda_joint5, panda_joint6, panda_joint7]
  points:
    - positions: [0, -0.785, 0, -2.356, 0, 1.571, 0.785]
      time_from_start: 0
    - positions: [-0.2798261534115767, -0.2881218582551925, -1.516815040474338, -1.771997298580967, -0.9317759579222649, 1.055996278098319, -0.4905969405286013]
      time_from_start: 0
    - time_from_start: 0
      positions: [-2.559725932887919, -1.135490990546949, -1.822091523389737, -2.003653378565651, -2.8973, 1.753385918409034, -0.3769312897275069]