joint_trajectory:
  joint_names: [panda_joint1, panda_joint2, panda_joint3, panda_joint4, panda_joint5, panda_joint6, panda_joint7]
  points:
    - positions: [0, -0.785, 0, -2.356, 0, 1.571, 0.785]
      time_from_start: 0
    - time_from_start: 0
      positions: [-1.672601838182142, -0.892636401229985, 1.433166459772433, -2.38951302266979, 1.983106356872939, 1.899558333630415, 1.051199600986703]
    - positions: [-2.113601086487523, -0.9335857924132286, 2.822262706429769, -1.936417599070324, 2.724896330812802, 1.741120677116088, 1.130960247479724]
      time_from_start: 0