joint_trajectory:
  joint_names: [panda_joint1, panda_joint2, panda_joint3, panda_joint4, panda_joint5, panda_joint6, panda_joint7]
  points:
    - positions: [0, -0.785, 0, -2.356, 0, 1.571, 0.785]
      time_from_start: 0
    - positions: [-1.09767893567062, 1.230945383337513, -2.281456305966666, -2.016733923135721, 2.821723740560981, 2.945366235554684, -0.01839919314482241]
      time_from_start: 0
    - time_from_start: 0
      positions: [0.8187894860395205, -0.1940485191810052, 0.3245864765092936, -2.116392096225352, 2.367838206607647, 2.624821221019719, 1.563578265095363]