joint_trajectory:
  joint_names: [panda_joint1, panda_joint2, panda_joint3, panda_joint4, panda_joint5, panda_joint6, panda_joint7]
  points:
    - positions: [0, -0.785, 0, -2.356, 0, 1.571, 0.785]
      time_from_start: 0
    - positions: [0.2163644264734048, -1.2322815446796, 2.017515641614393, -2.032988595545831, -0.702939602270283, 2.765326048058234, -0.9529954450878937]
      time_from_start: 0
    - time_from_start: 0
      positions: [-0.3620950288516612, -1.372358122823281, 2.426818771048106, -1.799411481016629, -1.260056680859214, 2.491496489721184, -0.2417711413587306]
    - time_from_start: 0
      positions: [-1.607055891959306, -1.637206334770152, 2.8973, -1.344434869243305, -2.436209197151009, 1.856431302435128, 0.8769293848605972]