joint_trajectory:
  joint_names: [panda_joint1, panda_joint2, panda_joint3, panda_joint4, panda_joint5, panda_joint6, panda_joint7]
  points:
    - time_from_start: 0
      positions: [0, -0.785, 0, -2.356, 0, 1.571, 0.785]
    - time_from_start: 0
      positions: [-0.5828490393557274, 0.1154411039062517, -1.480729796536341, -2.344946705670707, 1.853855526269676, 2.0212680903979, -0.01222672702764712]
    - positions: [-1.705204930094125, 0.6732313644950301, -0.3790237991483262, -2.339537753544309, 2.2369157972634, 2.08275765274741, 0.3888184508891734]
      time_from_start: 0
    - positions: [-2.121873747371723, 1.024853703731732, 0.2899169840276709, -1.695615577742827, 2.488240294691713, 2.055104937931732, 0.8516983446378081]
      time_from_start: 0