joint_trajectory:
  joint_names: [panda_joint1, panda_joint2, panda_joint3, panda_joint4, panda_joint5, panda_joint6, panda_joint7]
  points:
    - positions: [0, -0.785, 0, -2.356, 0, 1.571, 0.785]
      time_from_start: 0
    - positions: [-0.01129474103975075, 1.152145456832584, 0.178529565894687, -1.799740709411042, -1.686739248936986, 1.836223318331291, 1.109810416265848]
      time_from_start: 0
    - positions: [-0.2857488314189268, 1.6079881736545, -0.1621795845275176, -1.410951270691193, -2.47252903696219, 1.758769557602791, 0.8411478178130986]
      time_from_start: 0