joint_trajectory:
  joint_names: [panda_joint1, panda_joint2, panda_joint3, panda_joint4, panda_joint5, panda_joint6, panda_joint7]
  points:
    - time_from_start: 0
      positions: [0, -0.785, 0, -2.356, 0, 1.571, 0.785]
    - positions: [-1.855444072763172, -0.7305728066063983, 0.6883403882056467, -2.394254098744656, 0.2562109339901216, 3.107738891736587, -2.82224801434658]
      time_from_start: 0
    - positions: [-2.122526188880232, 0.5995816013222425, 1.384733377627534, -2.046345907370913, -0.06980366546995585, 3.731802797651338, -2.888833592370593]
      time_from_start: 0