joint_trajectory:
  joint_names: [kuka_arm_0_joint, kuka_arm_1_joint, kuka_arm_2_joint, kuka_arm_3_joint, kuka_arm_4_joint, kuka_arm_5_joint, kuka_arm_6_joint, WRJ2, WRJ1, FFJ4, FFJ3, FFJ2, FFJ1, KTHJ5, THJ4, THJ3, THJ2, THJ1, LFJ5, LFJ4, LFJ3, LFJ2, LFJ1, MFJ4, MFJ3, MFJ2, MFJ1, RFJ4, RFJ3, RFJ2, RFJ1]
  points:
    - positions: [0, 0, 0, 0, 0, 0, 0, 0, 0, 0, 0, 0, 0, 0, 0, 0, 0, 0, 0, 0, 0, 0, 0, 0, 0, 0, 0, 0, 0, 0, 0]
      time_from_start: 0
    - positions: [0.117374927417066, -1.211967971630711, -2.311111156572979, -1.021084065731215, -0.4084925341668891, 1.192035312741378, -2.689620729119901, 0.06633115609644288, 0.208264980049645, 0.2535322801596329, 1.060729429763786, 0.03248208259438225, 0.578339440023691, -0.1651612665528928, 0.2901273002061248, -0.169116807335484, -0.09016786868317267, 0.1195748670887689, 0.01803757306472268, -0.2576889448032167, 1.034787367008767, 0.1750995785428654, 0.4461802125473566, 0.2599983523757144, 0.9441800064929365, 0.6283661222987318, 0.0642217092117732, -0.2571405239928479, 0.7435300025914817, 0.9166155479784286, 0.02550171715463106]
      time_from_start: 0
    - positions: [0.07033565584954853, -1.216571005119091, -2.349913487222816, -1.055053743798601, -0.4447642162752624, 1.189946790305189, -2.713991055473024, 0.08299598247450513, 0.2337323505187298, 0.2696677293903371, 1.049972683595743, 0.02197346776760075, 0.5586601801057935, -0.1944992992134021, 0.2960026571026534, -0.1736599466384429, -0.08718776592266796, 0.08731406445297747, 0.00676543219947378, -0.2583619144254053, 1.063370484917644, 0.1397915051078633, 0.4220454956635957, 0.2708110953340727, 0.9476891504350552, 0.6255502201414492, 0.0553798748236803, -0.2716359377198431, 0.7272005749917926, 0.9041624312702254, 0.00107067758603676]
      time_from_start: 0