joint_trajectory:
  points:
    - positions: [0, 0, 0, 0, 0, 0, 0, 0, 0, 0, 0, 0, 0, 0, 0, 0, 0, 0, 0, 0, 0, 0, 0, 0, 0, 0, 0, 0, 0, 0, 0]
      time_from_start: 0
    - positions: [0.4031672025479563, 0.06165692712498128, -0.5009347062931659, -0.5010846200788904, 0.7289981223272848, -0.1889448393939268, -0.1593087158606921, -0.1408982651353114, 0.1898150400265546, 0.0387051371794571, 0.5560506779205188, 0.4452199400983182, 0.4966567422780958, -0.04714999812087879, 0.2857868783227253, -0.06502184634630676, -0.1396218535043697, 0.4066413332409549, 0.2038189069059387, 0.04119121343905277, 0.3680883862010489, 0.2965413302253134, 0.2168608110073988, -0.07771057205086349, 0.2445849743835889, 0.5345357644091417, 0.04956825825361151, -0.09865031589983719, 0.1478506388367851, 0.305590681801113, 0.2882626209391783]
      time_from_start: 0
    - positions: [-0.6152876067164839, -1.238533919105049, -2.630309499294741, -0.7209666766293443, 2.729671039501212, -1.293118701245278, 0.2642902045419448, -0.01444261022416485, 0.3002416709476571, 0.09623796693405168, 0.5963473296704944, 0.03755135914908732, 0.7186731481508448, 0.06150921698248421, 0.2181774683228493, -0.2484005380157999, -0.234958750110797, 0.06444780466641831, 0.009515296676333485, -0.09667457885899773, 0.2795872980900073, 0.6956075781492699, 0.3616817481388263, 0.09177227627275145, 0.2839830545960638, 1.032695797216202, 0.01001379690209391, -0.09722938228795114, 0.6314880006273098, 0.1034089860144035, 0.5915116600692307]
      time_from_start: 0
    - positions: [-0.6291042224153945, -1.255422987202227, -2.693708794688823, -0.7179434431060506, 2.775018947557718, -1.322853559728502, 0.2572851592258085, -0.009258474158091652, 0.300686146539805, 0.09722444630914721, 0.5853383483066301, 0.0216729516312779, 0.7194538498190012, 0.06063245428629997, 0.2161196150584462, -0.2533980955198403, -0.2343809996520106, 0.05649436614535024, 0.002076688981398495, -0.0993044597349082, 0.2721717071012579, 0.6978885835832213, 0.35470744824742, 0.0953921680081363, 0.2798792218032364, 1.042286526808025, 0.003337296205272365, -0.09502852579136072, 0.6387199613954549, 0.09400096791517351, 0.5897201552561867]
      time_from_start: 0
  joint_names: [kuka_arm_0_joint, kuka_arm_1_joint, kuka_arm_2_joint, kuka_arm_3_joint, kuka_arm_4_joint, kuka_arm_5_joint, kuka_arm_6_joint, WRJ2, WRJ1, FFJ4, FFJ3, FFJ2, FFJ1, KTHJ5, THJ4, THJ3, THJ2, THJ1, LFJ5, LFJ4, LFJ3, LFJ2, LFJ1, MFJ4, MFJ3, MFJ2, MFJ1, RFJ4, RFJ3, RFJ2, RFJ1]