joint_trajectory:
  joint_names: [kuka_arm_0_joint, kuka_arm_1_joint, kuka_arm_2_joint, kuka_arm_3_joint, kuka_arm_4_joint, kuka_arm_5_joint, kuka_arm_6_joint, WRJ2, WRJ1, FFJ4, FFJ3, FFJ2, FFJ1, KTHJ5, THJ4, THJ3, THJ2, THJ1, LFJ5, LFJ4, LFJ3, LFJ2, LFJ1, MFJ4, MFJ3, MFJ2, MFJ1, RFJ4, RFJ3, RFJ2, RFJ1]
  points:
    - positions: [0, 0, 0, 0, 0, 0, 0, 0, 0, 0, 0, 0, 0, 0, 0, 0, 0, 0, 0, 0, 0, 0, 0, 0, 0, 0, 0, 0, 0, 0, 0]
      time_from_start: 0
    - positions: [-2.509852258047002, 1.426017120738683, -1.764036469871338, 1.030271452419404, 2.178505272322983, 1.408709561590959, -2.165165731882179, -0.05849024106479059, 0.09869326867223663, 0.3276755643268864, 0.9773862967248176, 0.1086187968050735, 0.5352585408405027, -0.1808780683629084, 0.3280050246817672, -0.2293301278619377, -0.3122937552166315, 0.3896065764273515, 0.006228420076661282, -0.3198131300578243, 1.184194844967307, 0.1872438942973779, 0.2265798323773467, 0.3301987802188623, 1.239484250866278, 0.1003362219570403, 0.2542005711975154, -0.3123908207223014, 1.097228214574587, 0.5133399183357212, 0.01029950443556186]
      time_from_start: 0
    - positions: [-2.654680643208037, 1.455152361523064, -1.856569057479422, 1.107426610430582, 2.199768955120162, 1.499464867679052, -2.265176249939806, -0.05221598152490444, 0.1179724975600071, 0.3336685906332293, 0.9823175663147468, 0.07755862317716655, 0.5391261047332696, -0.1723620992859611, 0.3263038376868778, -0.2327472182861097, -0.3351124741583603, 0.3930116014045296, 0.003007742752130815, -0.3313481193378891, 1.218421045008532, 0.156020674641892, 0.2196042129725458, 0.332063186123926, 1.271154287857338, 0.08201389596928119, 0.2440029858099987, -0.3312961413602716, 1.106379849875586, 0.4923864612007214, 0.0002316064304825934]
      time_from_start: 0