joint_trajectory:
  points:
    - positions: [0, 0, 0, 0, 0, 0, 0, 0, 0, 0, 0, 0, 0, 0, 0, 0, 0, 0, 0, 0, 0, 0, 0, 0, 0, 0, 0, 0, 0, 0, 0]
      time_from_start: 0
    - positions: [0.9438671158097518, -1.341966696734898, 2.184747168933168, -0.8884946308120593, -2.73165709822516, -1.344190652423469, 0.03988376746615588, -0.03462860540621614, -0.6312912937406933, 0.4231444261054215, 0.7103222828619514, 0.7853230545573944, 0.1341544793598214, -0.07359906905438651, 0.1115618478900673, 0.1199435095043479, -0.0009841455909185837, 0.009269034345544271, 0.05406836587911296, -0.4008054378381563, 0.9403365444338587, 0.4994089122762693, 0.2089194541984354, 0.4058776638115738, 0.7511833708444574, 0.5128831224679202, 0.04742966942680053, -0.3979494089158542, 0.8204461339611349, 0.7733767645022485, 0.03273240556099]
      time_from_start: 0
    - positions: [0.8625222534788842, -1.296984373007029, 2.277629710438079, -0.9717949458737455, -2.766877367182599, -1.365744685303536, -0.05699628876036358, 0.08795096503925985, -0.5213123991309276, 0.296645997798636, 0.6888868778625843, 0.7957926364498793, 0.1064727426393921, -0.1660582589987398, 0.004708640180318624, 0.09166045030469543, -0.01435155345213704, 0.04186366497399491, 0.01178761467717069, -0.2945797215222075, 0.8746267505277645, 0.5154346159086957, 0.1895531010838239, 0.2953214189135793, 0.8761230099690503, 0.582255094236429, 0.129430218463403, -0.2985950483573199, 0.7885235432147434, 0.8053699232999235, 7.930245274938445e-17]
      time_from_start: 0
  joint_names: [kuka_arm_0_joint, kuka_arm_1_joint, kuka_arm_2_joint, kuka_arm_3_joint, kuka_arm_4_joint, kuka_arm_5_joint, kuka_arm_6_joint, WRJ2, WRJ1, FFJ4, FFJ3, FFJ2, FFJ1, KTHJ5, THJ4, THJ3, THJ2, THJ1, LFJ5, LFJ4, LFJ3, LFJ2, LFJ1, MFJ4, MFJ3, MFJ2, MFJ1, RFJ4, RFJ3, RFJ2, RFJ1]