joint_trajectory:
  joint_names: [kuka_arm_0_joint, kuka_arm_1_joint, kuka_arm_2_joint, kuka_arm_3_joint, kuka_arm_4_joint, kuka_arm_5_joint, kuka_arm_6_joint, WRJ2, WRJ1, FFJ4, FFJ3, FFJ2, FFJ1, KTHJ5, THJ4, THJ3, THJ2, THJ1, LFJ5, LFJ4, LFJ3, LFJ2, LFJ1, MFJ4, MFJ3, MFJ2, MFJ1, RFJ4, RFJ3, RFJ2, RFJ1]
  points:
    - positions: [0, 0, 0, 0, 0, 0, 0, 0, 0, 0, 0, 0, 0, 0, 0, 0, 0, 0, 0, 0, 0, 0, 0, 0, 0, 0, 0, 0, 0, 0, 0]
      time_from_start: 0
    - positions: [2.206854300222616, -0.8795302562599261, 2.8346171802104, 1.196184229773668, -2.517248216458257, 0.3967011816640831, 0.482498620599749, -0.04535228910488098, -0.5583948087641768, 0.0910250489046846, 1.137432923054677, 0.2291247187292202, 0.3750574523157366, -1.017206921807025, 0.7412654377389699, -0.001569044142123333, -0.4114563869688195, 0.4912018978383857, 0.4007465808865101, -0.0001437851384344935, 0.3997718605128194, 0.1309643617052211, 0.7595373427366687, 0.1942155896429987, 0.1197258091858618, 0.2365476334548188, 1.213835132347413, 0.2485437085256308, 1.471726756670772, 0.9023679599990269, 0.677421784420031]
      time_from_start: 0
    - positions: [0.7151471297736974, -1.373521540331192, 1.801824745497461, -1.685108800567182, 1.726530663414321, 1.650012629676554, 2.614583067831364, 0.1443916482803709, 0.5786434942983211, 0.2459968546546793, 0.5049498864571166, 0.7372055454015959, 0.2148151989492527, -0.04791984211294303, 0.1598616204675522, -0.1194265803325416, -0.07027720145633444, 0.03777882225576681, 1.207238437075126e-05, -0.2444961381660834, 0.7270485093813536, 0.5126362669486113, 0.2159983525421087, 0.2490592340649107, 0.5614059762252211, 0.7372040125333196, 0.1555772714557431, -0.2470469274527976, 0.8432316204580795, 0.2053790060951387, 0.4074968258439179]
      time_from_start: 0