joint_trajectory:
  points:
    - positions: [0, 0, 0, 0, 0, 0, 0, 0, 0, 0, 0, 0, 0, 0, 0, 0, 0, 0, 0, 0, 0, 0, 0, 0, 0, 0, 0, 0, 0, 0, 0]
      time_from_start: 0
    - time_from_start: 0
      positions: [0.6420803876731759, -1.446095646137441, 1.486058851393699, 1.316334047231953, -0.3053061509332752, -0.3063389221947046, 1.114111605197385, -0.2218578386366973, 0.4899760965956615, 0.2914813152473755, 1.003075869859779, 0.1873388411369468, 0.5748555359594794, -0.1020859154307316, 0.4528035772909197, -0.1081195557997166, -0.2022614868125773, 0.6022786193830102, 0.1422948341909182, -0.1904552700609362, 0.9897019846424826, 0.0648303862487585, 0.7368632290281771, 0.08822822384150023, 0.6590867676750898, 0.3687841514899515, 0.5697880896824015, -0.03319062520338258, 1.213623433647266, 0.4734087404335768, 0.5373412072183491]
    - time_from_start: 0
      positions: [-0.558789083591978, -1.396786162819538, 1.040140132611366, 0.8596959892172228, -0.3959516006677262, -1.306304950491373, 0.4176968931353653, -0.1054566363511517, 0.6093762274389252, 0.2155172601320124, 0.9206889753754796, 0.1332263233521477, 0.4805846027881296, -0.1083665894196311, 0.2319671999182958, -0.150788945015513, -0.1516991227276377, 0.09303491064358814, 0.0005355141957215323, -0.218743244326635, 1.008528200466254, 0.005559788035801857, 0.5301065941326156, 0.2166895463258251, 0.9655228350016819, 0.5553651465279815, 0.01478672231456063, -0.223908912666098, 1.121238604010637, 0.3866961430538424, 0.02729086501924403]
  joint_names: [kuka_arm_0_joint, kuka_arm_1_joint, kuka_arm_2_joint, kuka_arm_3_joint, kuka_arm_4_joint, kuka_arm_5_joint, kuka_arm_6_joint, WRJ2, WRJ1, FFJ4, FFJ3, FFJ2, FFJ1, KTHJ5, THJ4, THJ3, THJ2, THJ1, LFJ5, LFJ4, LFJ3, LFJ2, LFJ1, MFJ4, MFJ3, MFJ2, MFJ1, RFJ4, RFJ3, RFJ2, RFJ1]