joint_trajectory:
  joint_names: [kuka_arm_0_joint, kuka_arm_1_joint, kuka_arm_2_joint, kuka_arm_3_joint, kuka_arm_4_joint, kuka_arm_5_joint, kuka_arm_6_joint, WRJ2, WRJ1, FFJ4, FFJ3, FFJ2, FFJ1, KTHJ5, THJ4, THJ3, THJ2, THJ1, LFJ5, LFJ4, LFJ3, LFJ2, LFJ1, MFJ4, MFJ3, MFJ2, MFJ1, RFJ4, RFJ3, RFJ2, RFJ1]
  points:
    - positions: [0, 0, 0, 0, 0, 0, 0, 0, 0, 0, 0, 0, 0, 0, 0, 0, 0, 0, 0, 0, 0, 0, 0, 0, 0, 0, 0, 0, 0, 0, 0]
      time_from_start: 0
    - positions: [1.158016266831882, -1.08408329743035, 2.413437638865386, -1.268429849634307, -1.569166414887474, -0.9813576008245857, -0.4365284500584597, 0.1013731832618575, 0.357128217513346, 0.2148599161153988, 0.9183772803887555, 0.7714986377676419, 0.1739894576081935, -0.2933929548725898, 0.02995217593896125, 0.1675864713707904, 0.02171383806272151, 0.1330094118624112, 0.02571456494515462, -0.2422039546242618, 1.043436036476426, 0.529998984863282, 0.2236476071128245, 0.2225594324555987, 1.105219294919505, 0.5767980076632022, 0.1948490886621464, -0.2071545350851599, 1.118680598266821, 0.0819006089896422, 0.6128569367553366]
      time_from_start: 0
    - positions: [1.062652163788559, -1.07171407491976, 2.671278772274456, -1.242486011796681, -1.859522705049318, -1.133376024994565, -0.2356130648339903, 0.1547903213482985, 0.4915714059528977, 0.263972157288002, 0.940540572434195, 0.7906688613493817, 0.02925866380497237, -0.3164522735041956, 0.001013410048339396, 0.1779776266354377, -0.02011694305593163, 0.04064021739748547, 0.000196785625929096, -0.271727832293561, 1.074281824960681, 0.5371289297897404, 0.145080413575659, 0.2716306471132602, 1.134848349304338, 0.5099063646797355, 0.1168500022692837, -0.2688559083838223, 1.240563528269049, 0.006516805722838608, 0.5218043443590544]
      time_from_start: 0