joint_trajectory:
  points:
    - positions: [0, 0, 0, 0, 0, 0, 0, 0, 0, 0, 0, 0, 0, 0, 0, 0, 0, 0, 0, 0, 0, 0, 0, 0, 0, 0, 0, 0, 0, 0, 0]
      time_from_start: 0
    - positions: [-1.381391583354981, 1.263559033169964, 2.050394593014619, 1.02183717196421, 0.4491340018087745, -1.338447393300879, 0.03448449410388074, 0.08667632002168921, -0.625039195088291, 0.2049731421165221, 0.6858597163366269, 0.6569968172381968, 0.2370107713606858, -0.1185930332382402, 0.1828687229462539, -0.05368560225705035, -0.1559355811071022, 0.2243686942370233, 0.0472120967531254, -0.2190163253811946, 0.7947616914322354, 0.5954536850090369, 0.270695944895914, 0.2044801406851664, 0.6566391424459732, 0.7733214982192067, 0.1599787162391887, -0.2312859570777445, 0.8268850535400173, 0.4272902699756719, 0.3031872047028942]
      time_from_start: 0
    - positions: [-1.655772267034284, 1.352421985330845, 2.059835194435049, 1.189942156131789, 0.4630149752097337, -1.425430906953373, 0.1097312772759454, 0.09161141998607515, -0.6449660332680373, 0.2411553514876805, 0.6907913008914395, 0.6555944054456991, 0.1705421840864779, -0.0951730274834838, 0.1262711608468599, -0.06247804714285875, -0.166488218246477, 0.1296254586504373, 0.006789644411715478, -0.2399693685243048, 0.7588036613775867, 0.5507758351726271, 0.1999793156428687, 0.239600676236855, 0.6567950998573807, 0.7766091025764615, 0.07895836300073202, -0.2450372626063473, 0.8735010834129854, 0.4135462984253723, 0.2258868787448762]
      time_from_start: 0
  joint_names: [kuka_arm_0_joint, kuka_arm_1_joint, kuka_arm_2_joint, kuka_arm_3_joint, kuka_arm_4_joint, kuka_arm_5_joint, kuka_arm_6_joint, WRJ2, WRJ1, FFJ4, FFJ3, FFJ2, FFJ1, KTHJ5, THJ4, THJ3, THJ2, THJ1, LFJ5, LFJ4, LFJ3, LFJ2, LFJ1, MFJ4, MFJ3, MFJ2, MFJ1, RFJ4, RFJ3, RFJ2, RFJ1]