joint_trajectory:
  points:
    - positions: [0, 0, 0, 0, 0, 0, 0, 0, 0, 0, 0, 0, 0, 0, 0, 0, 0, 0, 0, 0, 0, 0, 0, 0, 0, 0, 0, 0, 0, 0, 0]
      time_from_start: 0
    - positions: [0.5723870926748433, -1.316468705872275, 2.062789440861696, -0.4308131171814387, -2.112107012506592, -1.39610736216462, -0.4350241712902184, 0.07823527720945431, -0.3709587335541276, 0.2297044124684464, 0.5712178339359614, 0.7834146161482847, 0.3153803402156383, -0.04968517772434193, 0.2120453920194388, 0.1147287982798279, 0.03115320129325989, 0.2481093600233049, 0.1035161554837738, -0.2254337475554841, 0.8409390271370873, 0.5524713271658175, 0.3580545382251903, 0.1901277822732299, 0.7827099722588615, 0.7192551318471517, 0.2008976998711727, -0.2779810029120763, 0.6659476970255099, 0.6477107113745695, 0.09750605953895546]
      time_from_start: 0
    - time_from_start: 0
      positions: [0.4427892296944435, -1.393246520735227, 2.313741923558882, -0.5309436533833265, -2.60735897923163, -1.455996152755105, -0.1420047729636368, 0.1419553253425856, -0.4255662053230732, 0.2959092597958065, 0.6809552319227736, 0.7647530295436769, 0.187269985128587, -0.1650936818046937, 0.047973821159515, 0.1048847646188128, -0.04243842672641145, 0.1325105470697804, 0.03066639649002597, -0.2950772195574617, 0.8315440159860795, 0.6221550423571591, 0.1971150217940984, 0.2893394029488387, 0.8466582501640649, 0.638671784664994, 0.1586754422368509, -0.3060719896759759, 0.788214894325139, 0.747092174391044, 0.04230292889562421]
    - time_from_start: 0
      positions: [0.4007546737779876, -1.408805434564189, 2.370057127241116, -0.5528210222931791, -2.743379966120609, -1.467510610896945, -0.05862433178057699, 0.1601841732745455, -0.4408822101252458, 0.3143450391095828, 0.7084878973935523, 0.7583448159900087, 0.151273664722524, -0.1978322482895664, 0.001340449303120013, 0.1016898293293229, -0.06239295765629614, 0.1013173156046032, 0.01005345632489676, -0.3124116175900194, 0.8278627891331907, 0.6394689993584106, 0.149562024561214, 0.3166823539163039, 0.8637688916372359, 0.6142217947336625, 0.1466485936805869, -0.3112735777383862, 0.8190798100951685, 0.7743275005073502, 0.027495192155264]
  joint_names: [kuka_arm_0_joint, kuka_arm_1_joint, kuka_arm_2_joint, kuka_arm_3_joint, kuka_arm_4_joint, kuka_arm_5_joint, kuka_arm_6_joint, WRJ2, WRJ1, FFJ4, FFJ3, FFJ2, FFJ1, KTHJ5, THJ4, THJ3, THJ2, THJ1, LFJ5, LFJ4, LFJ3, LFJ2, LFJ1, MFJ4, MFJ3, MFJ2, MFJ1, RFJ4, RFJ3, RFJ2, RFJ1]