joint_trajectory:
  points:
    - positions: [0, 0, 0, 0, 0, 0, 0, 0, 0, 0, 0, 0, 0, 0, 0, 0, 0, 0, 0, 0, 0, 0, 0, 0, 0, 0, 0, 0, 0, 0, 0]
      time_from_start: 0
    - positions: [0.3946303091921282, -0.7793613403098191, 0.4484537709283103, 0.952195042302528, -0.3890730503750677, 0.8056463222589203, 0.7079734335928434, -0.1205357135985742, 0.4052849930201495, 0.02949298636727063, 0.5820176168106077, 0.3931536120614877, 0.3602097076580998, -0.1512127153495701, 0.3155132100492909, -0.1107362110603664, -0.1895495733150485, 0.4714102228076505, 0.01011538336001433, -0.05307654114640396, 0.6200533450799046, 0.04133084934779113, 0.2593160278426268, 0.1613292936711528, 0.8233925284113093, 0.3624403964372408, 0.204020129653238, -0.1504292823387973, 0.7904046615501942, 0.6125312827920644, 0.3893112555422574]
      time_from_start: 0
    - time_from_start: 0
      positions: [-0.4120273516369062, -1.168131611884451, -0.5521494042964618, 1.089539238490926, -2.068328292694503, 1.548800946700758, 2.690538076565696, -0.01344900002654497, 0.608151059766594, 0.2662158751438289, 0.9712608575811087, 0.1135798747812939, 0.5105392324573087, -0.170908876647615, 0.364588617284539, -0.2617999999999999, -0.3010626322247966, 0.2986147485211841, 0.01156803535396191, -0.265056496035415, 1.192758298686939, 0.004981374010748419, 0.388683296363549, 0.2619358286158765, 1.309297737312706, 0.05212554230995194, 0.2360067599488062, -0.2640881454688039, 1.117832529913842, 0.4606903829554136, 0.01229547393014881]
  joint_names: [kuka_arm_0_joint, kuka_arm_1_joint, kuka_arm_2_joint, kuka_arm_3_joint, kuka_arm_4_joint, kuka_arm_5_joint, kuka_arm_6_joint, WRJ2, WRJ1, FFJ4, FFJ3, FFJ2, FFJ1, KTHJ5, THJ4, THJ3, THJ2, THJ1, LFJ5, LFJ4, LFJ3, LFJ2, LFJ1, MFJ4, MFJ3, MFJ2, MFJ1, RFJ4, RFJ3, RFJ2, RFJ1]