joint_trajectory:
  points:
    - positions: [0, 0, 0, 0, 0, 0, 0, 0, 0, 0, 0, 0, 0, 0, 0, 0, 0, 0, 0, 0, 0, 0, 0, 0, 0, 0, 0, 0, 0, 0, 0]
      time_from_start: 0
    - positions: [-0.358423857178679, 0.3216847043269117, -0.02487738215385368, -0.01316387392286755, 1.614023824834002, 0.2696920405968239, -1.791844994570905, -0.1438156435215225, -0.2005954454736422, 0.0963845251340541, 0.6620089159407887, 0.4469492724546643, 0.4568240750409336, -0.04135173560498821, 0.3069804047315896, -0.1250977206689086, -0.04064366776100278, 0.728607780277627, 0.1076940704487734, -0.1270136640871571, 0.4082385120176855, 0.6457145440893326, 0.5585143301992596, 0.1385229077768217, 0.7670028816769783, 0.539389997886226, 0.3543626002183273, -0.05527620035152191, 0.5853047559723878, 0.5291899649209642, 0.4128645148868514]
      time_from_start: 0
    - positions: [-2.91027931390784, 1.529926562515019, -2.444188129939183, 0.1727252705100903, 2.494196434853562, 1.582627596357175, -2.923115198287272, 0.1013960932251252, 0.1136155525113412, 0.2150096965886648, 0.9179136659475261, 0.1353421880077268, 0.4373997810571332, -0.07102990755776803, 0.3182914330114374, -0.2617464709554356, -0.5001591220463639, 0.4330687033513035, 0.001125402386014392, -0.2139947870716765, 1.141827975011472, 0.05895255538340798, 0.2858514920185425, 0.2147105729021495, 1.183889971073502, 0.002722920826449637, 0.2969318050913918, -0.2131136960752812, 0.9293939094167061, 0.504287033967969, 0.05684318824372157]
      time_from_start: 0
  joint_names: [kuka_arm_0_joint, kuka_arm_1_joint, kuka_arm_2_joint, kuka_arm_3_joint, kuka_arm_4_joint, kuka_arm_5_joint, kuka_arm_6_joint, WRJ2, WRJ1, FFJ4, FFJ3, FFJ2, FFJ1, KTHJ5, THJ4, THJ3, THJ2, THJ1, LFJ5, LFJ4, LFJ3, LFJ2, LFJ1, MFJ4, MFJ3, MFJ2, MFJ1, RFJ4, RFJ3, RFJ2, RFJ1]