joint_trajectory:
  points:
    - time_from_start: 0
      positions: [0, 0, 0, 0, 0, 0, 0, 0, 0, 0, 0, 0, 0, 0, 0, 0, 0, 0, 0, 0, 0, 0, 0, 0, 0, 0, 0, 0, 0, 0, 0]
    - time_from_start: 0
      positions: [-0.5997734793022849, 1.019131032822452, -0.06100141974829076, -0.3894114240114377, 0.4833592898506922, 0.2017035991092936, 1.091848062560851, -0.002778856829579339, 0.4684428459991279, 0.07853901579679239, 0.9303367900415527, 0.4926416585506433, 0.2303978044277864, -0.2958712660006593, 0.3087175181569353, -0.1067426809927573, -0.3654128169370626, 0.4417315513605128, 0.1575816443973576, -0.1056166072440561, 0.9546081992222788, 0.4187317832021987, 0.2889471863122248, 0.2061900753514251, 0.6608717174683622, 0.3551632472826362, 0.3281444661340893, -0.1982990107550539, 0.7251092270340744, 0.1522018839185655, 0.3736425025590299]
    - positions: [-2.642789237732202, 1.035751019700131, -0.266984643250318, -1.218219002198367, 1.024522312441614, 1.126336300301349, 2.740492713879045, 0.1044527590653404, 0.6108491565034686, 0.1372501553326713, 0.9414151649603688, 0.5008663698912728, 0.1761012783923979, -0.1692189348074929, 0.2031939797944159, -0.06712187160434828, -0.4048361577893839, 0.2716901038299642, 0.0003772174056127822, -0.137627334565088, 1.044551266982318, 0.3590800498837584, 0.2165669911599672, 0.1400877599880403, 1.163377666984709, 0.1359566620331445, 0.3207248082028758, -0.1344705900475012, 1.172876389966852, 0.01228571968877698, 0.436423743618976]
      time_from_start: 0
  joint_names: [kuka_arm_0_joint, kuka_arm_1_joint, kuka_arm_2_joint, kuka_arm_3_joint, kuka_arm_4_joint, kuka_arm_5_joint, kuka_arm_6_joint, WRJ2, WRJ1, FFJ4, FFJ3, FFJ2, FFJ1, KTHJ5, THJ4, THJ3, THJ2, THJ1, LFJ5, LFJ4, LFJ3, LFJ2, LFJ1, MFJ4, MFJ3, MFJ2, MFJ1, RFJ4, RFJ3, RFJ2, RFJ1]