joint_trajectory:
  points:
    - positions: [0, 0, 0, 0, 0, 0, 0, 0, 0, 0, 0, 0, 0, 0, 0, 0, 0, 0, 0, 0, 0, 0, 0, 0, 0, 0, 0, 0, 0, 0, 0]
      time_from_start: 0
    - time_from_start: 0
      positions: [2.615020756725673, 1.225393114478051, 0.8011093000853294, -0.9594077068629319, 2.420041784653117, -1.146154495818953, 0.4180763855782501, 0.008128889003113621, 0.186234178364742, 0.1830031327752875, 0.9786706517732501, 0.2255018346815731, 0.2394214775966007, -0.007268610507332685, 0.3040765663325614, -0.2473913833571563, -0.4369854845561083, 0.3969116612164806, 0.03590769541540328, -0.1964142728517298, 1.105371714879515, 0.1095507018463526, 0.2290005971105642, 0.1860273842614631, 0.9581993258502799, 0.4884822508598158, 0.01154276819950995, -0.2107838926427525, 1.112838170181877, 0.2764627964763207, 0.1027563597408315]
    - positions: [2.619763335576913, 1.220202196651951, 0.7412732716240366, -1.03003339857864, 2.530312039083977, -1.266242791122374, 0.4799836411221796, 0.02228920255115779, 0.2039026158501428, 0.2014275748766163, 1.024295633116478, 0.2337282483309654, 0.1818998181438487, -0.02542880042876885, 0.291988637886683, -0.2616774202603366, -0.4396381251619216, 0.3678458822704503, 0.009961861018617435, -0.2044626798202517, 1.09082681019834, 0.1115194928492864, 0.2309950897660188, 0.2068013548503682, 0.9957722278854625, 0.4439221990177546, 0.001064770631003321, -0.2027898579735315, 1.150227019412998, 0.2519491425726722, 0.03916666324073213]
      time_from_start: 0
  joint_names: [kuka_arm_0_joint, kuka_arm_1_joint, kuka_arm_2_joint, kuka_arm_3_joint, kuka_arm_4_joint, kuka_arm_5_joint, kuka_arm_6_joint, WRJ2, WRJ1, FFJ4, FFJ3, FFJ2, FFJ1, KTHJ5, THJ4, THJ3, THJ2, THJ1, LFJ5, LFJ4, LFJ3, LFJ2, LFJ1, MFJ4, MFJ3, MFJ2, MFJ1, RFJ4, RFJ3, RFJ2, RFJ1]