joint_trajectory:
  joint_names: [kuka_arm_0_joint, kuka_arm_1_joint, kuka_arm_2_joint, kuka_arm_3_joint, kuka_arm_4_joint, kuka_arm_5_joint, kuka_arm_6_joint, WRJ2, WRJ1, FFJ4, FFJ3, FFJ2, FFJ1, KTHJ5, THJ4, THJ3, THJ2, THJ1, LFJ5, LFJ4, LFJ3, LFJ2, LFJ1, MFJ4, MFJ3, MFJ2, MFJ1, RFJ4, RFJ3, RFJ2, RFJ1]
  points:
    - time_from_start: 0
      positions: [0, 0, 0, 0, 0, 0, 0, 0, 0, 0, 0, 0, 0, 0, 0, 0, 0, 0, 0, 0, 0, 0, 0, 0, 0, 0, 0, 0, 0, 0, 0]
    - positions: [-1.721338656942675, 1.39267674500913, 2.017423621555852, 0.8785798748769786, 0.3790393424716932, -1.433561709340285, -0.04711947405728413, 0.04018205312591371, -0.6743067044529862, 0.2387879823125269, 0.5992362860954623, 0.7431131670185189, 0.1917047616710132, -0.0793331202665748, 0.1717507604515358, -0.07207856109254517, -0.1740054729858768, 0.1796677423417642, 0.01574502227049763, -0.2400990168409233, 0.7729883694843411, 0.4945348683919291, 0.2078233084611811, 0.2332310575973255, 0.712620629703391, 0.7659635337396425, 0.09616086575343211, -0.2366918211382105, 0.8578478893927691, 0.4233184049106722, 0.2692051408124078]
      time_from_start: 0
    - time_from_start: 0
      positions: [-1.821854962265414, 1.423486876054027, 2.037341438426311, 0.9368478137105256, 0.397934879419757, -1.475873354803677, -0.0153801278826109, 0.04203488537233478, -0.696247378966198, 0.2508152314511696, 0.6094857420463438, 0.7399814084068189, 0.1715387094769834, -0.09186817810312414, 0.146879722194865, -0.07468607620485188, -0.1760037667420399, 0.1573424294445243, 0.003562269886662864, -0.2512233440252288, 0.796565790526544, 0.5089611069329711, 0.2059773037104064, 0.2476882554959266, 0.7050147850732968, 0.7530920672825376, 0.06975076176958486, -0.2521873746607126, 0.8738748197766829, 0.4091241602480429, 0.240484604540881]
    - time_from_start: 0
      positions: [-1.839796862525827, 1.428273811984464, 2.037586140714786, 0.9475573426533485, 0.4030630404738432, -1.480118688858724, -0.008440974098145948, 0.0418665541906182, -0.700012366570126, 0.2532641378815051, 0.6110330345571612, 0.7380262523922967, 0.1668441968543337, -0.09413841578158248, 0.1421027753953649, -0.07506448727473243, -0.1760542025448543, 0.1525346590166063, 0.001284077889218604, -0.2533231969706031, 0.8003943174346458, 0.511051213994778, 0.2057608632925459, 0.2503232684523318, 0.7027649490238961, 0.7498204094716595, 0.06372848658348579, -0.2549857518589741, 0.8770483066546466, 0.4048277708311532, 0.2346462141094517]