joint_trajectory:
  points:
    - positions: [0, 0, 0, 0, 0, 0, 0, 0, 0, 0, 0, 0, 0, 0, 0, 0, 0, 0, 0, 0, 0, 0, 0, 0, 0, 0, 0, 0, 0, 0, 0]
      time_from_start: 0
    - time_from_start: 0
      positions: [0.900995807474534, -1.138236457784194, 2.464774010390337, -0.5147213180490808, -1.262250650363304, -0.88335670016781, -0.5166319435918069, 0.02550051216497309, 0.2936654913178826, 0.1228537412267351, 0.7086289114142428, 0.8013316954378668, 0.3229341316429198, -0.08820627704831838, 0.2695590465331167, 0.1292827468486997, 0.07316832943859974, 0.2514410899177303, 0.03008109122166998, -0.2031455127059169, 0.9079151109731021, 0.6159883729275123, 0.4039499518127334, 0.2057509006179527, 0.8032804053760531, 0.5761412885508254, 0.3730146959776656, -0.1516976550490303, 1.25220016835126, 0.2845381484624142, 0.3601821017158242]
    - time_from_start: 0
      positions: [1.044887315503751, -1.337756059958315, 2.561064102800011, -0.7095764502754229, -1.691597221083785, -1.189395755277816, -0.1350188576990586, -0.01630598434863945, 0.2798512404074158, 0.3636052890484163, 1.079328173114251, 0.9432458072729468, 0.1809571517052066, -0.3956300322990198, 0.06295121896333958, -0.03886398597272209, 0.001278323056333103, 0.04356808772624044, 0.06945904751594238, -0.105080907377617, 0.9460117612680683, 0.5300492429139014, 0.1833981421843857, 0.14404629404328, 1.090978070364872, 0.5996610666061719, 0.1246985312749523, -0.2433886986675032, 1.405966918571611, 0.2254945030704474, 0.2607835968153187]
    - positions: [0.9037531237810791, -1.218537998148579, 2.593611505360939, -0.9374576173522192, -1.940048943011508, -1.358699675254823, -0.2726779409925689, 0.1623827787719762, 0.4961175120261787, 0.2566069231081771, 0.8852697708056435, 0.7277563867972526, 0.09773360858322076, -0.2717784710439095, 0.02485486591879181, 0.1383841309267427, -0.01023669896754807, 0.0128389497230515, 0.01043182146890914, -0.2561518421481294, 1.035543110711578, 0.5204730970176604, 0.1492747268632047, 0.2566509695504561, 1.036562743640222, 0.5306992961207901, 0.1448829609985519, -0.2642621723797827, 1.2631408216303, 0.00451691384031607, 0.4480913613548158]
      time_from_start: 0
  joint_names: [kuka_arm_0_joint, kuka_arm_1_joint, kuka_arm_2_joint, kuka_arm_3_joint, kuka_arm_4_joint, kuka_arm_5_joint, kuka_arm_6_joint, WRJ2, WRJ1, FFJ4, FFJ3, FFJ2, FFJ1, KTHJ5, THJ4, THJ3, THJ2, THJ1, LFJ5, LFJ4, LFJ3, LFJ2, LFJ1, MFJ4, MFJ3, MFJ2, MFJ1, RFJ4, RFJ3, RFJ2, RFJ1]