joint_trajectory:
  joint_names: [kuka_arm_0_joint, kuka_arm_1_joint, kuka_arm_2_joint, kuka_arm_3_joint, kuka_arm_4_joint, kuka_arm_5_joint, kuka_arm_6_joint, WRJ2, WRJ1, FFJ4, FFJ3, FFJ2, FFJ1, KTHJ5, THJ4, THJ3, THJ2, THJ1, LFJ5, LFJ4, LFJ3, LFJ2, LFJ1, MFJ4, MFJ3, MFJ2, MFJ1, RFJ4, RFJ3, RFJ2, RFJ1]
  points:
    - time_from_start: 0
      positions: [0, 0, 0, 0, 0, 0, 0, 0, 0, 0, 0, 0, 0, 0, 0, 0, 0, 0, 0, 0, 0, 0, 0, 0, 0, 0, 0, 0, 0, 0, 0]
    - time_from_start: 0
      positions: [-0.6445858858304104, -1.305806149622308, -2.003592807673399, -0.1517041166437381, 1.967170361886871, -1.402960512820464, 0.338652779928989, 0.158032436188032, -0.3784352966877226, 0.1180505431462594, 0.6240938923290678, 0.664619910818651, 0.3840591167686088, -0.06361497296820677, 0.1834727689197911, -0.03319804951879905, -0.1407125362935811, 0.05816884475753289, 0.01715308698645152, -0.1260975709074691, 0.3958877392855893, 1.153387091599727, 0.1305239825648918, 0.08163468581314934, 0.6628397891534206, 0.7531849764332597, 0.2069058364617468, -0.110241275261029, 0.6992411119893135, 0.6296239817760726, 0.2546412248942689]
    - positions: [-0.6664711953399671, -1.511686269211919, -2.359874981823317, -0.2128172182701252, 1.981033618752957, -1.49439510239, 0.2143255724490938, 0.1745329251994329, -0.4015980789817769, 0.1056702263977385, 0.5891165095725918, 0.6736014226858295, 0.3396057268204959, -0.1484039835135646, 0.162256005271852, -0.03143205450304543, -0.1813463917375872, 0.01386856651701712, 0.01258638092719262, -0.1061893628868023, 0.3667522847256997, 1.179078362981802, 0.04571672661433417, 0.1054362140247574, 0.6757871529628544, 0.7365222267057318, 0.1854735181627585, -0.104568798626758, 0.7354564528080609, 0.5983450888882338, 0.2692639044168559]
      time_from_start: 0