joint_trajectory:
  joint_names: [kuka_arm_0_joint, kuka_arm_1_joint, kuka_arm_2_joint, kuka_arm_3_joint, kuka_arm_4_joint, kuka_arm_5_joint, kuka_arm_6_joint, WRJ2, WRJ1, FFJ4, FFJ3, FFJ2, FFJ1, KTHJ5, THJ4, THJ3, THJ2, THJ1, LFJ5, LFJ4, LFJ3, LFJ2, LFJ1, MFJ4, MFJ3, MFJ2, MFJ1, RFJ4, RFJ3, RFJ2, RFJ1]
  points:
    - positions: [0, 0, 0, 0, 0, 0, 0, 0, 0, 0, 0, 0, 0, 0, 0, 0, 0, 0, 0, 0, 0, 0, 0, 0, 0, 0, 0, 0, 0, 0, 0]
      time_from_start: 0
    - positions: [-0.115230732297432, 1.150254451317039, 2.87565825388061, 1.541319589573837, -0.1644762314025114, -0.8154791577998849, 0.7696931433027694, -0.4452599090668883, 0.502383785983747, 0.1959346185553895, 1.546016894444401, 0.4128707108639018, 1.416263379792959, -0.8055502574276179, 0.5877871058289893, -0.04633348724832759, -0.02906702988534232, 0.7907891148175112, 0.5435425207734329, -0.2686937899653398, 1.334167003623906, 0.7424138942992199, 0.5742391396604616, -0.03503486815558376, 1.07423219805671, 1.472493571514543, 0.1355761681597426, 0.3376724100461843, 0.2578399705146279, 0.1453808963831407, 1.388794303435756]
      time_from_start: 0
    - time_from_start: 0
      positions: [-2.218171814959675, 1.374348299078986, 1.988034445527282, 1.292595727389784, 0.4254368579928666, -1.473156686264625, 0.07332091386124821, -0.2407616463384434, -0.5817724694772807, 0.04741301875317275, 0.4475422880860448, 0.5620135847321913, 0.3501583046570067, 0.03558055937166973, 0.2439358446914207, -0.2617983475118434, -0.3069947293578009, 0.07544526373916782, 3.773137481242274e-06, -0.048743435709106, 0.4595125742529705, 0.7525859468585582, 0.1459306125756303, 0.04987738417066542, 0.5640177191459289, 0.5736485109629587, 0.2223308062599093, -0.03939075214323867, 0.5164336865860479, 0.6013403651966353, 0.2404988150240807]