joint_trajectory:
  points:
    - time_from_start: 0
      positions: [0, 0, 0, 0, 0, 0, 0, 0, 0, 0, 0, 0, 0, 0, 0, 0, 0, 0, 0, 0, 0, 0, 0, 0, 0, 0, 0, 0, 0, 0, 0]
    - positions: [0.2950279430270246, -1.213603976459812, -0.8260667338678241, 0.6435798606684593, 0.5889243396904256, -1.182175414939265, -0.11321700309161, 0.08670213850883654, -0.2019590730935831, 0.1409060988382918, 0.2301916640302722, 0.6816511534294334, 0.4391102727303188, 0.2409287680235432, 0.2080083549587841, -0.1255130814965109, -0.09796700683948467, 0.1162494145265462, 0.0722068472785726, -0.1666848750498129, 0.3258271351937321, 0.827134493474494, 0.1857451670647613, 0.1454063877405043, 0.171021595042544, 1.081307772806791, 0.09112296883866777, -0.1410864373151482, 0.2482528753750608, 0.5641417068234007, 0.4016487908859545]
      time_from_start: 0
    - positions: [0.2884555780267081, -1.498137058441318, -1.240861495946776, 0.7161591642510036, 0.671435332792246, -1.477863784667786, 0.001626725680271175, 0.1294544712849809, -0.2329623207564129, 0.1983066404493765, 0.1292230931816407, 0.7067420930468175, 0.3752354304055709, 0.1683550592420287, 0.07375882190977449, -0.1688697841418045, -0.06949451353158878, 0.0001369838263829937, 0.0009134123878599435, -0.2001109956257047, 0.1940732932882316, 0.8115204822380799, 0.1950216195582569, 0.1933008295057336, 0.001714995691211689, 1.180162540987118, 0.02520057047281968, -0.2006145225742088, 0.2513090221179292, 0.5490368221063734, 0.4021356852251289]
      time_from_start: 0
  joint_names: [kuka_arm_0_joint, kuka_arm_1_joint, kuka_arm_2_joint, kuka_arm_3_joint, kuka_arm_4_joint, kuka_arm_5_joint, kuka_arm_6_joint, WRJ2, WRJ1, FFJ4, FFJ3, FFJ2, FFJ1, KTHJ5, THJ4, THJ3, THJ2, THJ1, LFJ5, LFJ4, LFJ3, LFJ2, LFJ1, MFJ4, MFJ3, MFJ2, MFJ1, RFJ4, RFJ3, RFJ2, RFJ1]