joint_trajectory:
  points:
    - positions: [0, -0.785, 0, -2.356, 0, 1.571, 0.785]
      time_from_start: 0
    - time_from_start: 0
      positions: [-0.6696634647592006, 0.01426086773355622, 0.2738851011040231, -1.90744534284296, -0.920010193877812, 3.282275916805897, 0.2960606440284934]
    - time_from_start: 0
      positions: [0.05593272713907874, 0.591774434960821, 0.3954509864819956, -0.9403591027753231, -2.8973, 3.221036349958338, 0.3216743748245679]
  joint_names: [panda_joint1, panda_joint2, panda_joint3, panda_joint4, panda_joint5, panda_joint6, panda_joint7]