joint_trajectory:
  joint_names: [panda_joint1, panda_joint2, panda_joint3, panda_joint4, panda_joint5, panda_joint6, panda_joint7]
  points:
    - time_from_start: 0
      positions: [0, -0.785, 0, -2.356, 0, 1.571, 0.785]
    - positions: [-0.6221734998827252, 1.60080341086265, 1.488500385135173, -2.008596645213502, 2.249614377081519, 3.273768676635277, -0.6783961181173819]
      time_from_start: 0
    - time_from_start: 0
      positions: [0.4456436026423148, 1.639766411803337, 1.405680884634241, -0.9128017787165631, 2.756746807237275, 2.834748935160981, -0.4354441968028367]
    - time_from_start: 0
      positions: [0.7191252698327488, 1.646590742568866, 1.369231838457791, -0.6140619354790633, 2.891355155056337, 2.710195832803545, -0.383029892366918]