joint_trajectory:
  joint_names: [panda_joint1, panda_joint2, panda_joint3, panda_joint4, panda_joint5, panda_joint6, panda_joint7]
  points:
    - time_from_start: 0
      positions: [0, -0.785, 0, -2.356, 0, 1.571, 0.785]
    - time_from_start: 0
      positions: [-0.7028964078328205, -0.0286102151571655, 0.7036853809296375, -1.511374036981866, -2.588130454554541, 3.531082126169058, 0.7541913097354629]
    - positions: [-0.3049805033092834, 0.3355878124537287, 0.2075921536092488, -1.401391156297876, -2.8973, 2.969193304710444, 0.4867240119720679]
      time_from_start: 0