joint_trajectory:
  points:
    - positions: [0, -0.785, 0, -2.356, 0, 1.571, 0.785]
      time_from_start: 0
    - time_from_start: 0
      positions: [-0.127228391848497, -0.2201273639380611, 0.01015181792044916, -2.326494448802701, 0.0706290331202727, 1.41226341633506, 1.201142704398984]
    - positions: [-1.07381486686241, 1.7628, 1.146522391966041, -2.146974775059855, 2.392442520495188, 2.520318358662436, -0.3688763977114391]
      time_from_start: 0
  joint_names: [panda_joint1, panda_joint2, panda_joint3, panda_joint4, panda_joint5, panda_joint6, panda_joint7]