joint_trajectory:
  points:
    - time_from_start: 0
      positions: [0, -0.785, 0, -2.356, 0, 1.571, 0.785]
    - positions: [1.959016862973179, -0.2521022811964877, 0.2555930472467273, -2.04608172852904, 0.6331603806182846, 1.627252007549911, -1.185298657963564]
      time_from_start: 0
    - positions: [1.168846391405376, 0.9409902548321379, 1.161360293012427, -2.175348974902954, -2.132997759929482, 1.180425019332223, 0.08829946638693431]
      time_from_start: 0
    - positions: [1.109034113683025, 1.029047305681624, 0.853561921715029, -2.104133980216265, -2.8973, 1.561377134928178, 0.05160822954113441]
      time_from_start: 0
  joint_names: [panda_joint1, panda_joint2, panda_joint3, panda_joint4, panda_joint5, panda_joint6, panda_joint7]