joint_trajectory:
  joint_names: [panda_joint1, panda_joint2, panda_joint3, panda_joint4, panda_joint5, panda_joint6, panda_joint7]
  points:
    - time_from_start: 0
      positions: [0, -0.785, 0, -2.356, 0, 1.571, 0.785]
    - positions: [-0.2316143836169474, -0.6107118536211704, -0.002784823100554085, -2.317453424306135, -0.005071208069043376, 1.640892493454419, 0.6027290941516865]
      time_from_start: 0
    - positions: [-1.702838547942526, 1.06381301436104, 0.5484732455273003, -1.702578578862292, 0.8501983122268278, 2.403711719133803, 0.1207000703323601]
      time_from_start: 0
    - positions: [-1.618006515159221, 1.533026599642043, 1.083958947208491, -1.369097188294375, 1.685750967245072, 2.677647018045541, 0.8222673304504937]
      time_from_start: 0