joint_trajectory:
  points:
    - positions: [0, -0.785, 0, -2.356, 0, 1.571, 0.785]
      time_from_start: 0
    - time_from_start: 0
      positions: [0.8982322150423095, -0.5388675796223574, -0.2350071254234791, -1.805762714569698, -0.3896536294749132, 2.919260331523298, -1.182086735908836]
    - time_from_start: 0
      positions: [0.7108904581035419, -0.08831830418376022, -0.01266227895764296, -1.590769371666647, -1.413181998309073, 2.670384358292452, -0.9629015287382405]
  joint_names: [panda_joint1, panda_joint2, panda_joint3, panda_joint4, panda_joint5, panda_joint6, panda_joint7]