joint_trajectory:
  joint_names: [panda_joint1, panda_joint2, panda_joint3, panda_joint4, panda_joint5, panda_joint6, panda_joint7]
  points:
    - positions: [0, -0.785, 0, -2.356, 0, 1.571, 0.785]
      time_from_start: 0
    - positions: [0.7352658379058314, -0.326005197683943, 0.2860273158936876, -2.464912908908922, -0.1580380196559087, 1.65371349753779, 0.8308414367889418]
      time_from_start: 0
    - positions: [1.280883996667042, 1.285779941657852, -1.012075739061427, -2.131705582746071, -2.311935276314282, 2.351619942189745, 1.393139602419509]
      time_from_start: 0