joint_trajectory:
  joint_names: [panda_joint1, panda_joint2, panda_joint3, panda_joint4, panda_joint5, panda_joint6, panda_joint7]
  points:
    - positions: [0, -0.785, 0, -2.356, 0, 1.571, 0.785]
      time_from_start: 0
    - positions: [0.5353037630573689, 0.4293375804040037, -1.017421251523141, -1.994985929277456, -2.024650158323306, 2.515643178228023, 0.7540239725400966]
      time_from_start: 0
    - time_from_start: 0
      positions: [0.2915912162054137, 0.9463912610932285, -1.161928414315717, -1.634465387482048, -2.897299840900604, 2.67817558011228, 1.420982622213727]