joint_trajectory:
  points:
    - time_from_start: 0
      positions: [0, -0.785, 0, -2.356, 0, 1.571, 0.785]
    - time_from_start: 0
      positions: [-0.5530984066711454, 0.1730497906772541, 2.350571248744476, -2.773792729914142, -1.706256578519374, 2.113499156744452, 0.3915266695282411]
    - positions: [-0.8753844038519173, -0.2711994765829174, 2.495555308839799, -2.573511308622449, -2.312548663302758, 1.943424790793613, 0.6760490573495109]
      time_from_start: 0
    - positions: [-1.123913155388002, -0.7763254595645555, 2.557307647865093, -2.307498187624956, -2.8973, 1.810166518072352, 1.13818823165747]
      time_from_start: 0
  joint_names: [panda_joint1, panda_joint2, panda_joint3, panda_joint4, panda_joint5, panda_joint6, panda_joint7]