joint_trajectory:
  points:
    - positions: [0, -0.785, 0, -2.356, 0, 1.571, 0.785]
      time_from_start: 0
    - positions: [0.8947155301373335, 1.23801812181272, -2.024886610809134, -2.16566524153297, 2.039517928791312, 1.810438497917631, 2.828667359562425]
      time_from_start: 0
    - positions: [1.590057970498861, 1.555314931251678, -2.09844815046846, -2.025924891439945, 2.740249247715506, 1.847470232348635, 2.844410362084545]
      time_from_start: 0
  joint_names: [panda_joint1, panda_joint2, panda_joint3, panda_joint4, panda_joint5, panda_joint6, panda_joint7]