joint_trajectory:
  joint_names: [panda_joint1, panda_joint2, panda_joint3, panda_joint4, panda_joint5, panda_joint6, panda_joint7]
  points:
    - positions: [0, -0.785, 0, -2.356, 0, 1.571, 0.785]
      time_from_start: 0
    - time_from_start: 0
      positions: [-0.8328442562898846, -1.050720625437337, 0.9057757728808922, -2.393804757199696, 2.286044220907026, 2.184155788726982, 2.561505692273855]
    - positions: [-1.066731590533171, -1.406065439187643, 1.062260225812886, -2.234212614812985, 2.589514358731844, 2.140259347433128, 2.697542405339632]
      time_from_start: 0
    - time_from_start: 0
      positions: [-1.301533653859414, -1.7628, 1.219356686575876, -2.073996310478708, 2.894171362710726, 2.096191227960891, 2.83411115550008]