joint_trajectory:
  joint_names: [panda_joint1, panda_joint2, panda_joint3, panda_joint4, panda_joint5, panda_joint6, panda_joint7]
  points:
    - positions: [0, -0.785, 0, -2.356, 0, 1.571, 0.785]
      time_from_start: 0
    - time_from_start: 0
      positions: [1.980375572606127, -0.9304306663391803, -2.761356566865165, -1.863301538812536, 2.233864530293542, 2.213016710383378, 0.8472752134152775]
    - time_from_start: 0
      positions: [2.8973, -0.8919744074804985, -2.879256465551209, -1.825008488398068, 2.620730434966974, 2.059906599829942, 0.8246248462353303]