joint_trajectory:
  joint_names: [panda_joint1, panda_joint2, panda_joint3, panda_joint4, panda_joint5, panda_joint6, panda_joint7]
  points:
    - positions: [0, -0.785, 0, -2.356, 0, 1.571, 0.785]
      time_from_start: 0
    - positions: [1.073560480855123, 0.02160567279547315, -0.9802538311633087, -1.528092616127761, -0.7839476796924623, 1.763500890428527, -0.3103936609093699]
      time_from_start: 0
    - time_from_start: 0
      positions: [1.079967857839647, 0.173879321855231, -2.163336547420251, -1.586774022086383, -1.935609318821899, 2.97658354550579, -0.2374605088312998]
    - positions: [1.241899707431077, -0.06869246297626598, -2.421266115297683, -1.551245964025644, -2.108690166166507, 3.072853255098772, -0.2965863543291809]
      time_from_start: 0