joint_trajectory:
  points:
    - positions: [0, -0.785, 0, -2.356, 0, 1.571, 0.785]
      time_from_start: 0
    - positions: [-2.007065529074795, -1.137698777824859, 1.97310628780849, -2.485120367632203, -0.2481570470473731, 2.895184430009976, 0.9060737441824885]
      time_from_start: 0
    - time_from_start: 0
      positions: [-2.8973, -1.195675181460937, 2.184839531830943, -2.135977425039274, -2.223772793508837, 2.319425603185663, 1.251390396766141]
  joint_names: [panda_joint1, panda_joint2, panda_joint3, panda_joint4, panda_joint5, panda_joint6, panda_joint7]