joint_trajectory:
  points:
    - time_from_start: 0
      positions: [0, -0.785, 0, -2.356, 0, 1.571, 0.785]
    - time_from_start: 0
      positions: [-0.7750516290066298, 1.323844942311756, -0.3000929394452365, 0.008443693765508797, 1.155344836524036, 2.929653187769, -0.2485779744024388]
    - time_from_start: 0
      positions: [-0.626679290785109, 1.498997421420935, 1.304846549994503, -1.19428866032656, 2.8973, 2.635050968380578, -0.3124099959088613]
  joint_names: [panda_joint1, panda_joint2, panda_joint3, panda_joint4, panda_joint5, panda_joint6, panda_joint7]