joint_trajectory:
  points:
    - time_from_start: 0
      positions: [0, -0.785, 0, -2.356, 0, 1.571, 0.785]
    - time_from_start: 0
      positions: [1.465302846111049, -0.3131400466916491, -0.482779053661462, -1.981301804579028, -0.9962178789963334, 3.314113637984695, -1.671424074437903]
    - time_from_start: 0
      positions: [1.837704705729693, -0.0461107358814367, -0.8020527379671103, -1.765929964278681, -1.094580235531557, 3.404178925812801, -1.499720833393213]
    - time_from_start: 0
      positions: [1.226878585154047, 0.6278833310237347, 0.1081291805744856, -0.8719478740329238, -1.937207277576801, 3.364286443630635, -0.4767380734508925]
  joint_names: [panda_joint1, panda_joint2, panda_joint3, panda_joint4, panda_joint5, panda_joint6, panda_joint7]