joint_trajectory:
  points:
    - positions: [0, -0.785, 0, -2.356, 0, 1.571, 0.785]
      time_from_start: 0
    - positions: [-1.569065041369365, 1.369186942134642, 1.30241742041285, -2.250543002881976, 1.748473228327037, 2.842746197680333, -1.078298993581365]
      time_from_start: 0
    - positions: [-1.404787903394121, 1.607949359413523, 1.321469733691439, -1.678554015304857, 2.145243778618338, 2.772300534288549, -0.6713421594744677]
      time_from_start: 0
    - positions: [-0.9741879657271794, 1.761225783586644, 1.447389405051962, -0.8146361889001239, 2.426343407376363, 2.802273301569797, -0.09270606562717001]
      time_from_start: 0
  joint_names: [panda_joint1, panda_joint2, panda_joint3, panda_joint4, panda_joint5, panda_joint6, panda_joint7]