joint_trajectory:
  joint_names: [panda_joint1, panda_joint2, panda_joint3, panda_joint4, panda_joint5, panda_joint6, panda_joint7]
  points:
    - positions: [0, -0.785, 0, -2.356, 0, 1.571, 0.785]
      time_from_start: 0
    - positions: [1.311754681830635, -1.011231191478426, -1.349886338197327, -2.497643345416653, 1.103087565286473, 2.448377844736602, 0.5681242947663345]
      time_from_start: 0
    - time_from_start: 0
      positions: [1.50850945216273, -1.05061103966621, -1.507728487440692, -2.275769143149118, 1.461676570261612, 2.539907874230426, 0.4661461825140349]
    - positions: [2.204023774811294, -1.15762774464668, -1.872038707054214, -1.331512653046639, 2.862529651810114, 2.896988129163763, -0.01361690648963151]
      time_from_start: 0