joint_trajectory:
  points:
    - positions: [0, -0.785, 0, -2.356, 0, 1.571, 0.785]
      time_from_start: 0
    - time_from_start: 0
      positions: [1.099241222481006, 0.05953623560477988, -1.683911029584087, -1.535608314988346, -2.244999225519553, 2.927890355080667, 0.3369014424350666]
    - time_from_start: 0
      positions: [1.483870777597057, -0.2069185696231807, -2.309597931029367, -1.514442395710523, -2.372003253574271, 2.905156834372971, -0.05276716590956126]
    - positions: [1.562066640580185, -0.2710041436389137, -2.434516675970891, -1.51340693589002, -2.386885477579193, 2.890181670198881, -0.1331927679013722]
      time_from_start: 0
  joint_names: [panda_joint1, panda_joint2, panda_joint3, panda_joint4, panda_joint5, panda_joint6, panda_joint7]