joint_trajectory:
  joint_names: [panda_joint1, panda_joint2, panda_joint3, panda_joint4, panda_joint5, panda_joint6, panda_joint7]
  points:
    - time_from_start: 0
      positions: [0, -0.785, 0, -2.356, 0, 1.571, 0.785]
    - positions: [-2.322860402323621, -0.565787182085507, -2.273079469250821, -2.374376022642253, 2.617859028266232, 2.038577110939459, 0.7678095264090786]
      time_from_start: 0
    - positions: [-2.888609111277536, -0.4940152687106943, -2.526801561434257, -2.350608841892172, 2.596681130535435, 2.025559686219917, 0.7347493596406443]
      time_from_start: 0