joint_trajectory:
  points:
    - time_from_start: 0
      positions: [0, -0.785, 0, -2.356, 0, 1.571, 0.785]
    - positions: [1.359893024664134, 0.1033937773663322, 1.38190156292963, -1.579957944072566, -0.5439724922178614, 3.193894238786865, -1.013689291436145]
      time_from_start: 0
    - positions: [1.709336083518109, -0.2223663623927311, 2.610988475741802, -1.547969515367406, -1.140336470490524, 3.669089266562441, -1.137268243367709]
      time_from_start: 0
  joint_names: [panda_joint1, panda_joint2, panda_joint3, panda_joint4, panda_joint5, panda_joint6, panda_joint7]