joint_trajectory:
  joint_names: [panda_joint1, panda_joint2, panda_joint3, panda_joint4, panda_joint5, panda_joint6, panda_joint7]
  points:
    - positions: [0, -0.785, 0, -2.356, 0, 1.571, 0.785]
      time_from_start: 0
    - positions: [1.986724061546074, -0.7568699990384693, -1.769169037734825, -2.25180897448258, 2.22610497534697, 2.187182021526286, -1.385986500757229]
      time_from_start: 0
    - time_from_start: 0
      positions: [2.022207370778162, -1.112470746401878, -1.870060524072889, -2.187932736295484, 2.533464379948556, 2.177207383757291, -1.29155736737837]
    - positions: [2.010396391295302, -1.706247992188232, -1.704650103457636, -1.808679367853148, 2.8973, 2.319746393520094, -0.6654548651400565]
      time_from_start: 0