joint_trajectory:
  joint_names: [panda_joint1, panda_joint2, panda_joint3, panda_joint4, panda_joint5, panda_joint6, panda_joint7]
  points:
    - positions: [0, -0.785, 0, -2.356, 0, 1.571, 0.785]
      time_from_start: 0
    - positions: [0.2097428700981439, 1.721398976126328, 0.9824594193965732, -2.491903471030803, 1.561463634709989, 2.379939006639541, 1.129666686780035]
      time_from_start: 0
    - positions: [-1.892078774427572, 1.7628, 1.183399829638198, -2.050866826856804, 2.683232278476329, 1.949195409731622, -0.515481046996274]
      time_from_start: 0