joint_trajectory:
  joint_names: [panda_joint1, panda_joint2, panda_joint3, panda_joint4, panda_joint5, panda_joint6, panda_joint7]
  points:
    - time_from_start: 0
      positions: [0, -0.785, 0, -2.356, 0, 1.571, 0.785]
    - positions: [-0.7577528381061742, 1.113471848171577, -1.333021084830212, -2.926610088458075, -0.7961429139730987, 3.320502044048626, -1.921776950611453]
      time_from_start: 0
    - positions: [2.461116250326828, -0.09143039837763871, -2.84149524319381, -1.383734095875176, 1.237340054297595, 2.845033731119049, 2.683818712236039]
      time_from_start: 0