joint_trajectory:
  points:
    - positions: [0, -0.785, 0, -2.356, 0, 1.571, 0.785]
      time_from_start: 0
    - positions: [0.833490944181662, -1.425146630711853, -1.437894522592332, -2.466538056476647, 1.143015473060357, 2.723510107186157, 1.231961781667685]
      time_from_start: 0
    - positions: [1.973947352909348, -1.373940195541813, -1.630539349183279, -0.6473991393372412, 1.686615447501733, 3.260722322574914, 0.8371726128890092]
      time_from_start: 0
  joint_names: [panda_joint1, panda_joint2, panda_joint3, panda_joint4, panda_joint5, panda_joint6, panda_joint7]