joint_trajectory:
  points:
    - positions: [0, -0.785, 0, -2.356, 0, 1.571, 0.785]
      time_from_start: 0
    - time_from_start: 0
      positions: [1.289960222298119, 0.8415334028196659, -1.010312265549217, -2.382783921045193, 1.159040816902004, 2.669861864873528, -0.3646145151901178]
    - time_from_start: 0
      positions: [0.655985665488141, 1.761327569932803, -1.33389030071573, -2.018615077587734, 0.4597828422682294, 3.749432684858692, -0.9993325547078679]
  joint_names: [panda_joint1, panda_joint2, panda_joint3, panda_joint4, panda_joint5, panda_joint6, panda_joint7]