joint_trajectory:
  points:
    - time_from_start: 0
      positions: [0, -0.785, 0, -2.356, 0, 1.571, 0.785]
    - positions: [-0.638070877655549, -1.559609753675759, -0.8349624896719119, -0.1978784450480249, 1.573952034004918, 1.271823197493795, -2.355648798992485]
      time_from_start: 0
    - positions: [0.4613852590242844, -1.41683714695842, -1.782489652768595, -2.061439075893633, 2.8973, 2.360970526405266, -0.4117426591419889]
      time_from_start: 0
  joint_names: [panda_joint1, panda_joint2, panda_joint3, panda_joint4, panda_joint5, panda_joint6, panda_joint7]