joint_trajectory:
  joint_names: [panda_joint1, panda_joint2, panda_joint3, panda_joint4, panda_joint5, panda_joint6, panda_joint7]
  points:
    - positions: [0, -0.785, 0, -2.356, 0, 1.571, 0.785]
      time_from_start: 0
    - positions: [-1.702954082992865, 0.9088121903217397, 1.08779391314072, -1.704583714498486, -1.357333849827306, 2.903142980859339, -1.856821460360507]
      time_from_start: 0
    - time_from_start: 0
      positions: [-1.423488236109256, 1.636931199636597, 1.495379455111517, -1.337274800031158, -1.078558175376052, 3.249112756399659, -2.8973]