joint_trajectory:
  joint_names: [panda_joint1, panda_joint2, panda_joint3, panda_joint4, panda_joint5, panda_joint6, panda_joint7]
  points:
    - time_from_start: 0
      positions: [0, -0.785, 0, -2.356, 0, 1.571, 0.785]
    - positions: [-1.622194338240023, 1.100901826997444, 1.039582186058681, -2.473430717880539, 2.017970073815166, 2.06076584796489, -2.237305392936514]
      time_from_start: 0
    - positions: [-0.8304314263354461, 1.642888745695017, 1.301816347718505, -1.143724819241853, 2.894827374203307, 2.362358402052295, -0.3797741623536894]
      time_from_start: 0