joint_trajectory:
  points:
    - time_from_start: 0
      positions: [0, -0.785, 0, -2.356, 0, 1.571, 0.785]
    - positions: [0.914705851982758, -0.6686231701623667, 0.2576512765209314, -2.573436608998395, -0.7413722163294385, 1.477292496750192, 1.688660190675929]
      time_from_start: 0
    - time_from_start: 0
      positions: [1.02434203532826, 0.9475323884480377, -1.249928455667301, -2.013948003067497, -2.502165371234022, 2.602665208861291, 1.157878345205444]
  joint_names: [panda_joint1, panda_joint2, panda_joint3, panda_joint4, panda_joint5, panda_joint6, panda_joint7]