joint_trajectory:
  joint_names: [panda_joint1, panda_joint2, panda_joint3, panda_joint4, panda_joint5, panda_joint6, panda_joint7]
  points:
    - positions: [0, -0.785, 0, -2.356, 0, 1.571, 0.785]
      time_from_start: 0
    - positions: [2.15112040339482, -0.3571370247425915, -2.146216573173758, -1.985535812790548, 0.9356184284794652, 2.375805279761426, 0.7887427188014391]
      time_from_start: 0
    - time_from_start: 0
      positions: [2.266965213781527, -0.6330178800987982, -2.1961026292038, -1.740563480806031, 2.34068885232834, 2.632463768333175, 0.9896230457557713]