joint_trajectory:
  joint_names: [panda_joint1, panda_joint2, panda_joint3, panda_joint4, panda_joint5, panda_joint6, panda_joint7]
  points:
    - time_from_start: 0
      positions: [0, -0.785, 0, -2.356, 0, 1.571, 0.785]
    - positions: [-1.407734573726145, -0.03414110514759242, -0.1329058455169877, -2.395645910280353, 1.159424752281811, 1.373738217218931, 0.9642896533461086]
      time_from_start: 0
    - time_from_start: 0
      positions: [-1.778168356855007, 0.9051903800087452, 0.9159951283307999, -2.009093103904856, 2.527690074474683, 2.319255866416015, 0.4734911007106696]