joint_trajectory:
  points:
    - time_from_start: 0
      positions: [0, -0.785, 0, -2.356, 0, 1.571, 0.785]
    - time_from_start: 0
      positions: [-0.260624381500542, 0.6855606013748021, -0.8575979372806315, -2.308981344135521, -2.269633313507657, 2.17992466909675, 0.8301935550033397]
    - time_from_start: 0
      positions: [-0.816964435296075, 1.277586330327597, -0.8257855914414224, -1.591588004161817, -2.8973, 2.157296687783612, 1.453685141903697]
  joint_names: [panda_joint1, panda_joint2, panda_joint3, panda_joint4, panda_joint5, panda_joint6, panda_joint7]