joint_trajectory:
  points:
    - positions: [0, -0.785, 0, -2.356, 0, 1.571, 0.785]
      time_from_start: 0
    - time_from_start: 0
      positions: [-1.16630514234831, 0.378189454481923, -0.8431117894881378, -2.101781808517241, 1.137514767481523, 1.617990044265633, 1.597799538302481]
    - positions: [-0.1084336599325186, 1.088285050085099, -0.8810582555738606, -1.958170316553124, 2.858050350343375, 1.614756515041265, 1.582760195674626]
      time_from_start: 0
    - time_from_start: 0
      positions: [-0.07835955132661335, 1.102274624614057, -0.8793187379042929, -1.955401450085346, 2.897299581440255, 1.614526293571584, 1.579796926331053]
  joint_names: [panda_joint1, panda_joint2, panda_joint3, panda_joint4, panda_joint5, panda_joint6, panda_joint7]