joint_trajectory:
  joint_names: [panda_joint1, panda_joint2, panda_joint3, panda_joint4, panda_joint5, panda_joint6, panda_joint7]
  points:
    - positions: [0, -0.785, 0, -2.356, 0, 1.571, 0.785]
      time_from_start: 0
    - time_from_start: 0
      positions: [0.7961645452393917, -0.5737207674845828, -0.2894784204599172, -0.9986159769228176, -0.4470105807615825, 2.170897533433402, -1.885053676952658]
    - time_from_start: 0
      positions: [1.816405744854485, -0.7811782782926728, -2.028341228383994, -0.596152256930441, -0.1728963707333392, 2.64345621670185, -2.8973]