joint_trajectory:
  joint_names: [panda_joint1, panda_joint2, panda_joint3, panda_joint4, panda_joint5, panda_joint6, panda_joint7]
  points:
    - time_from_start: 0
      positions: [0, -0.785, 0, -2.356, 0, 1.571, 0.785]
    - positions: [-2.528293249523546, 0.2172328492434694, -2.515115055018384, -1.818462671474717, 2.802154683646141, 2.748434664926026, 1.306357234296296]
      time_from_start: 0
    - positions: [2.852501694492312, -0.9677804019720262, -2.244209366967957, -1.855912382839217, 2.664935453267702, 2.363471878850087, 0.381886929784002]
      time_from_start: 0