joint_trajectory:
  joint_names: [panda_joint1, panda_joint2, panda_joint3, panda_joint4, panda_joint5, panda_joint6, panda_joint7]
  points:
    - positions: [0, -0.785, 0, -2.356, 0, 1.571, 0.785]
      time_from_start: 0
    - time_from_start: 0
      positions: [1.402725382731259, -1.347186670714482, -1.003007217016739, -2.071253842735383, -2.444221484816297, 1.960132858089819, -0.7368400792558256]
    - time_from_start: 0
      positions: [1.336007639435173, -1.599047989946023, -1.21287827506795, -2.091997196459134, -2.8973, 1.806862584855055, -1.11010338937202]