joint_trajectory:
  joint_names: [panda_joint1, panda_joint2, panda_joint3, panda_joint4, panda_joint5, panda_joint6, panda_joint7]
  points:
    - positions: [0, -0.785, 0, -2.356, 0, 1.571, 0.785]
      time_from_start: 0
    - time_from_start: 0
      positions: [-2.55574983570585, 1.0142284404248, -1.585470958136814, -0.6282340935171349, 0.137267876979243, 3.415684885731898, -0.3167776235405819]
    - positions: [1.504018344794691, -0.483719982100563, -2.897299767095864, -1.104434064849714, -2.293184344775179, 3.13996500057723, -0.1656433989888717]
      time_from_start: 0