joint_trajectory:
  joint_names: [panda_joint1, panda_joint2, panda_joint3, panda_joint4, panda_joint5, panda_joint6, panda_joint7]
  points:
    - positions: [0, -0.785, 0, -2.356, 0, 1.571, 0.785]
      time_from_start: 0
    - time_from_start: 0
      positions: [0.8692509210745739, -0.07699943253296487, 0.06817241640072041, -2.524282304328334, 0.430708940303299, 1.873473036954842, 0.8078114446055288]
    - positions: [0.2843074513951347, 0.921487953616077, -0.9162973107858929, -1.866502383856527, -2.824863915749756, 2.340867996533609, 1.264205130254407]
      time_from_start: 0