joint_trajectory:
  joint_names: [panda_joint1, panda_joint2, panda_joint3, panda_joint4, panda_joint5, panda_joint6, panda_joint7]
  points:
    - time_from_start: 0
      positions: [0, -0.785, 0, -2.356, 0, 1.571, 0.785]
    - time_from_start: 0
      positions: [1.011549199351571, 0.2018431115245905, 0.5519629285318108, -1.512373545916855, -0.9877640619845807, 2.587111689436012, 1.336382109264022]
    - time_from_start: 0
      positions: [2.665303146787779, 0.3186406586011872, -0.2992469402915332, -2.373273131478671, 0.6039709323366171, 1.189778372168075, 1.799014183627628]
    - time_from_start: 0
      positions: [0.9061668514270509, 0.9461743414947403, -0.5348898970672723, -0.7389912472948176, 1.49714965324058, 3.223782618171273, 2.859238796295778]