joint_trajectory:
  joint_names: [panda_joint1, panda_joint2, panda_joint3, panda_joint4, panda_joint5, panda_joint6, panda_joint7]
  points:
    - positions: [0, -0.785, 0, -2.356, 0, 1.571, 0.785]
      time_from_start: 0
    - positions: [1.448230867218194, -1.01561880923821, -1.230657859095723, -2.388642335721266, 1.371020675838291, 3.541104780373525, 1.541654793111492]
      time_from_start: 0
    - time_from_start: 0
      positions: [2.712652991654025, -1.024694433987292, -2.229083011838941, -0.9771519100184815, 2.897298232281145, 2.982426954694041, 0.2924636516685073]