joint_trajectory:
  joint_names: [panda_joint1, panda_joint2, panda_joint3, panda_joint4, panda_joint5, panda_joint6, panda_joint7]
  points:
    - positions: [0, -0.785, 0, -2.356, 0, 1.571, 0.785]
      time_from_start: 0
    - time_from_start: 0
      positions: [2.856162339993054, -0.5461234006516635, -2.555272331396071, -0.3938257565051084, 2.445224608325633, 2.571123213747051, -2.729166065376066]
    - positions: [0.7302515634241599, 1.753703597035813, -1.466113661271693, -1.575010366418537, -2.831283415592422, 2.480227006449731, 2.192450423860254]
      time_from_start: 0