joint_trajectory:
  joint_names: [panda_joint1, panda_joint2, panda_joint3, panda_joint4, panda_joint5, panda_joint6, panda_joint7]
  points:
    - time_from_start: 0
      positions: [0, -0.785, 0, -2.356, 0, 1.571, 0.785]
    - positions: [0.2785725300732497, -1.284819705668182, -0.2955370937450259, -1.799964955023806, 1.886646424636638, 1.637308160665519, 1.933028794814128]
      time_from_start: 0
    - positions: [2.24134816032115, -1.461348311207846, 1.252064937132184, -1.825674520992116, 2.85199854676854, 1.887896125323844, 2.642955224530083]
      time_from_start: 0