joint_trajectory:
  points:
    - time_from_start: 0
      positions: [0, -0.785, 0, -2.356, 0, 1.571, 0.785]
    - positions: [0.379783573398016, 0.1986598448300689, -0.8890107267461527, -2.156804945587717, -1.078819942025728, 2.073974773411456, 0.8365137347850776]
      time_from_start: 0
    - positions: [0.1409530081403514, 0.5997569812765738, -0.82693199187851, -1.939078199092354, -2.044612224993743, 2.363349198729066, 0.4009600595243761]
      time_from_start: 0
  joint_names: [panda_joint1, panda_joint2, panda_joint3, panda_joint4, panda_joint5, panda_joint6, panda_joint7]