joint_trajectory:
  joint_names: [panda_joint1, panda_joint2, panda_joint3, panda_joint4, panda_joint5, panda_joint6, panda_joint7]
  points:
    - time_from_start: 0
      positions: [0, -0.785, 0, -2.356, 0, 1.571, 0.785]
    - positions: [1.346949709359603, 1.472747935335338, 1.9242521352096, -2.924848568412825, -2.62247928446671, 2.911997825582512, 2.716593434792058]
      time_from_start: 0
    - time_from_start: 0
      positions: [-1.44944225357512, -1.283704836757827, 1.792129450202825, -1.205420837235438, 2.88397067646768, 2.277587042177518, 2.23558750484594]