joint_trajectory:
  points:
    - time_from_start: 0
      positions: [0, -0.785, 0, -2.356, 0, 1.571, 0.785]
    - time_from_start: 0
      positions: [-1.044261601253141, -0.5843137200426678, 1.511300689838541, -2.440829377865474, -1.447016285253272, 2.653135142019836, 0.100956375025012]
    - time_from_start: 0
      positions: [-1.753202728558105, -0.7155578588882598, 1.968187836932844, -2.306862161375475, -1.879628316327129, 2.668456304481729, 0.9496453872413214]
    - time_from_start: 0
      positions: [-2.290404242818564, -1.633677021964937, 1.889196698919289, -1.816812166561811, -2.896751734945167, 1.912212789268812, 2.058255601735977]
  joint_names: [panda_joint1, panda_joint2, panda_joint3, panda_joint4, panda_joint5, panda_joint6, panda_joint7]