joint_trajectory:
  joint_names: [panda_joint1, panda_joint2, panda_joint3, panda_joint4, panda_joint5, panda_joint6, panda_joint7]
  points:
    - positions: [0, -0.785, 0, -2.356, 0, 1.571, 0.785]
      time_from_start: 0
    - time_from_start: 0
      positions: [-0.2595847486095075, -0.8058993010363666, -1.310555694387241, -2.206234805224556, 0.7971003532975718, 2.152344039709188, 1.069638276234147]
    - time_from_start: 0
      positions: [0.9232728812989265, -1.065369856722673, -1.823619779657924, -1.35611003390456, 0.1410864786477753, 3.410039105285497, 2.772066551609404]