joint_trajectory:
  joint_names: [panda_joint1, panda_joint2, panda_joint3, panda_joint4, panda_joint5, panda_joint6, panda_joint7]
  points:
    - time_from_start: 0
      positions: [0, -0.785, 0, -2.356, 0, 1.571, 0.785]
    - positions: [0.08487117215956094, -0.9928339896280534, 0.2856867611346404, -1.782230496187152, 0.7045469437191744, 2.417232711645032, -0.9351906757256412]
      time_from_start: 0
    - positions: [-0.8953964557047356, -1.268785315869006, 1.156525770159402, -1.361983160455608, 1.360033847086974, 2.69529780366411, -2.379931605635719]
      time_from_start: 0