joint_trajectory:
  points:
    - time_from_start: 0
      positions: [0, -0.785, 0, -2.356, 0, 1.571, 0.785]
    - time_from_start: 0
      positions: [1.85251967975758, -0.3041480625662953, 1.349286573981168, -2.529518145890464, -1.461549811436702, 3.005544276430737, 1.267362700819783]
    - time_from_start: 0
      positions: [1.85279368583011, 0.4049710608255107, -1.68760973661401, -2.097913437363601, -2.483926792566042, 2.69989723450578, 0.5919121310919685]
  joint_names: [panda_joint1, panda_joint2, panda_joint3, panda_joint4, panda_joint5, panda_joint6, panda_joint7]