joint_trajectory:
  joint_names: [panda_joint1, panda_joint2, panda_joint3, panda_joint4, panda_joint5, panda_joint6, panda_joint7]
  points:
    - positions: [0, -0.785, 0, -2.356, 0, 1.571, 0.785]
      time_from_start: 0
    - positions: [0.8597693550255691, 0.005691502014670835, 0.3802991206886714, -2.736132502928156, -1.601373328728171, 2.746730995506525, 0.2314901847340758]
      time_from_start: 0
    - positions: [0.6146758500547254, 0.0972001105287946, 0.07339752290114071, -2.234884798726974, -2.418709951573832, 2.237894529488335, 0.2895063534548178]
      time_from_start: 0