joint_trajectory:
  joint_names: [panda_joint1, panda_joint2, panda_joint3, panda_joint4, panda_joint5, panda_joint6, panda_joint7]
  points:
    - time_from_start: 0
      positions: [0, -0.785, 0, -2.356, 0, 1.571, 0.785]
    - time_from_start: 0
      positions: [2.438296434672689, 1.713867006604001, -0.5051088880691679, -0.08437257586210034, 2.348797480264446, 2.168911003782414, -0.8046460584070534]
    - positions: [-2.607466195781329, -1.553668382345695, -1.905017141827863, -1.102859366377996, 2.530301770040673, 2.736096903778911, 0.04342898574367655]
      time_from_start: 0