joint_trajectory:
  points:
    - time_from_start: 0
      positions: [0, -0.785, 0, -2.356, 0, 1.571, 0.785]
    - time_from_start: 0
      positions: [-0.1390912281590337, -0.4793183679668078, 0.6912531372262425, -2.301788756091806, -0.6502758066380954, 3.659257868452932, -1.514664402954828]
    - time_from_start: 0
      positions: [-0.4327404842868606, -0.3779012505555075, 1.181619647388487, -2.267206496151354, -0.2161903913131996, 3.7525, -1.821338326704459]
  joint_names: [panda_joint1, panda_joint2, panda_joint3, panda_joint4, panda_joint5, panda_joint6, panda_joint7]