joint_trajectory:
  joint_names: [panda_joint1, panda_joint2, panda_joint3, panda_joint4, panda_joint5, panda_joint6, panda_joint7]
  points:
    - positions: [0, -0.785, 0, -2.356, 0, 1.571, 0.785]
      time_from_start: 0
    - positions: [1.205014983730607, -0.7287971791572406, -0.6976651390065401, -2.157464950011002, -2.279665238978017, 1.697277138898755, -0.3202167476200695]
      time_from_start: 0
    - time_from_start: 0
      positions: [1.138075658244722, -0.8071152008017812, -1.566306888899652, -1.97142500391515, -2.570585531303768, 2.105331493158357, -0.4777229579495678]