joint_trajectory:
  points:
    - positions: [0, -0.785, 0, -2.356, 0, 1.571, 0.785]
      time_from_start: 0
    - positions: [2.05115140001169, -1.589194573428278, -0.824342386457942, -2.753879166765595, -1.863634449033928, 2.401305177243527, -1.911604585573521]
      time_from_start: 0
    - time_from_start: 0
      positions: [2.885897060356617, -1.518485209997766, -1.270363172403759, -1.853687188381343, -2.897299449931634, 1.944457974124049, -1.071153267326401]
  joint_names: [panda_joint1, panda_joint2, panda_joint3, panda_joint4, panda_joint5, panda_joint6, panda_joint7]