joint_trajectory:
  points:
    - time_from_start: 0
      positions: [0, -0.785, 0, -2.356, 0, 1.571, 0.785]
    - time_from_start: 0
      positions: [1.037166221275414, 0.7812116060536356, 1.383875792336464, -3.031830707000359, 2.459246372146532, 2.898809321562294, -2.087376654630248]
    - time_from_start: 0
      positions: [-1.982028476069621, 1.7628, 1.39649562671062, -1.938527506921381, 2.799299040102768, 2.358246372038305, -0.6441257786840744]
  joint_names: [panda_joint1, panda_joint2, panda_joint3, panda_joint4, panda_joint5, panda_joint6, panda_joint7]