joint_trajectory:
  joint_names: [panda_joint1, panda_joint2, panda_joint3, panda_joint4, panda_joint5, panda_joint6, panda_joint7]
  points:
    - time_from_start: 0
      positions: [0, -0.785, 0, -2.356, 0, 1.571, 0.785]
    - time_from_start: 0
      positions: [-2.372579717172941, -1.270836999243905, 2.028125193201888, -2.046735300798201, 0.7643280466535135, 3.642718452731479, -1.474973113145678]
    - time_from_start: 0
      positions: [-2.8973, -1.613044620000648, 2.010962431135821, -1.961023838679995, 0.8628629881776514, 3.736983868521857, -1.52826000409305]