joint_trajectory:
  points:
    - time_from_start: 0
      positions: [0, -0.785, 0, -2.356, 0, 1.571, 0.785]
    - time_from_start: 0
      positions: [1.373305416578711, 0.3489128436486991, 1.130227116607883, -2.298519858828407, -1.204705744200162, 1.945502170745296, -0.436595639933024]
    - time_from_start: 0
      positions: [1.509359811861183, 0.9653512087422719, 0.481497195225549, -1.89881356618356, -2.897287326966734, 1.798444022191565, 0.3184236821613647]
  joint_names: [panda_joint1, panda_joint2, panda_joint3, panda_joint4, panda_joint5, panda_joint6, panda_joint7]