joint_trajectory:
  points:
    - time_from_start: 0
      positions: [0, -0.785, 0, -2.356, 0, 1.571, 0.785]
    - positions: [0.0464380300730021, 0.6117351026634237, -0.3802567725781856, -2.082667538598784, 0.5855364800844687, 1.435570522501817, 0.5157840375956144]
      time_from_start: 0
    - positions: [0.01321031979641279, 0.737604751170289, -0.306248307500451, -2.085330449119027, 0.920536074086262, 1.474702264942181, 0.4968832300406618]
      time_from_start: 0
    - time_from_start: 0
      positions: [-0.2515036195201205, 0.7074808445669023, 0.4651654715121209, -2.283620317506996, 2.8973, 1.839480252849688, 0.5404718841909584]
  joint_names: [panda_joint1, panda_joint2, panda_joint3, panda_joint4, panda_joint5, panda_joint6, panda_joint7]