joint_trajectory:
  joint_names: [panda_joint1, panda_joint2, panda_joint3, panda_joint4, panda_joint5, panda_joint6, panda_joint7]
  points:
    - positions: [0, -0.785, 0, -2.356, 0, 1.571, 0.785]
      time_from_start: 0
    - positions: [-0.289870436380139, -1.40467662874376, 0.8607543501062533, -1.920893590618288, 2.564760255706282, 2.523190566071552, 2.631483847242549]
      time_from_start: 0
    - positions: [-0.7410285992034875, -1.504388664539631, 1.169391269784216, -1.889689256634169, 2.523232832036837, 2.384835985501685, 2.8973]
      time_from_start: 0