joint_trajectory:
  joint_names: [panda_joint1, panda_joint2, panda_joint3, panda_joint4, panda_joint5, panda_joint6, panda_joint7]
  points:
    - time_from_start: 0
      positions: [0, -0.785, 0, -2.356, 0, 1.571, 0.785]
    - time_from_start: 0
      positions: [0.9703744305085857, -1.248441490843892, 1.923905000273883, -0.592131762516289, 0.0008791750091128314, 3.362650334748905, -2.000921905381419]
    - time_from_start: 0
      positions: [-1.925268220282945, -1.676819416743334, 1.934543336553568, -1.485106363450445, 0.6879444063299124, 3.7525, -1.480790190874137]