joint_trajectory:
  joint_names: [panda_joint1, panda_joint2, panda_joint3, panda_joint4, panda_joint5, panda_joint6, panda_joint7]
  points:
    - time_from_start: 0
      positions: [0, -0.785, 0, -2.356, 0, 1.571, 0.785]
    - time_from_start: 0
      positions: [0.8081617488411107, 0.2061026148723201, -0.5162518603943688, -2.471988418798684, -0.09372478888455785, 1.597247286561027, 0.2521139904517671]
    - positions: [2.622994822444998, 0.4398215060326327, -1.520739194420152, -2.262274035576147, -0.9881880822984879, 2.06700022906295, 0.4156790702575157]
      time_from_start: 0
    - time_from_start: 0
      positions: [2.555562706579973, 0.1932869378941317, -1.979360225877024, -2.051245852523964, -2.438906856728829, 2.701159879123346, 0.3096643906063392]