joint_trajectory:
  joint_names: [panda_joint1, panda_joint2, panda_joint3, panda_joint4, panda_joint5, panda_joint6, panda_joint7]
  points:
    - positions: [0, -0.785, 0, -2.356, 0, 1.571, 0.785]
      time_from_start: 0
    - positions: [-0.6491150052426851, -0.8019961818717419, -0.4248555642623919, -2.105039212904242, -0.0645579804169012, 0.5708704965282232, 1.440488360455213]
      time_from_start: 0
    - positions: [1.675791183927315, -0.04162040853347414, -1.892655956001459, -2.046914341956872, 2.214977270803792, 2.443733631372636, 1.542330251127021]
      time_from_start: 0