joint_trajectory:
  joint_names: [panda_joint1, panda_joint2, panda_joint3, panda_joint4, panda_joint5, panda_joint6, panda_joint7]
  points:
    - time_from_start: 0
      positions: [0, -0.785, 0, -2.356, 0, 1.571, 0.785]
    - time_from_start: 0
      positions: [0.153953194873903, -1.315897948769388, -1.647030017921182, -2.167990610574632, 0.8839582637472708, 1.987016166330476, 2.129461180460014]
    - positions: [0.7100651256831721, -1.476259028625692, -1.707760279395854, -1.918441892337794, 0.4564780358433853, 2.535680522641831, 2.387007902597922]
      time_from_start: 0
    - time_from_start: 0
      positions: [1.369522072497027, -1.612683973282008, -1.632975832699018, -1.37875906948914, -0.1641308511304451, 3.609605995880965, 2.505505123933418]