joint_trajectory:
  joint_names: [panda_joint1, panda_joint2, panda_joint3, panda_joint4, panda_joint5, panda_joint6, panda_joint7]
  points:
    - positions: [0, -0.785, 0, -2.356, 0, 1.571, 0.785]
      time_from_start: 0
    - time_from_start: 0
      positions: [-1.918668727788795, -1.142596483503096, -1.811643044520775, -2.428468788792961, 1.777236632009502, 1.274878319913987, -1.28959654929461]
    - time_from_start: 0
      positions: [-1.669386982087206, 0.1228446924470456, -0.08070346636393146, -2.031601421712565, 2.433811267969419, 2.409812528814673, 1.377328781489885]