joint_trajectory:
  joint_names: [panda_joint1, panda_joint2, panda_joint3, panda_joint4, panda_joint5, panda_joint6, panda_joint7]
  points:
    - time_from_start: 0
      positions: [0, -0.785, 0, -2.356, 0, 1.571, 0.785]
    - time_from_start: 0
      positions: [1.577433426897494, -0.709164187895612, -0.3537099346411525, -1.919865068118883, -2.69567527468676, 1.890699681646842, -1.044230307184943]
    - positions: [1.554683185717344, -1.65962476050997, -1.187739069303084, -2.021215834009303, -2.8973, 1.937982758934564, -1.190965697683082]
      time_from_start: 0