joint_trajectory:
  joint_names: [panda_joint1, panda_joint2, panda_joint3, panda_joint4, panda_joint5, panda_joint6, panda_joint7]
  points:
    - positions: [0, -0.785, 0, -2.356, 0, 1.571, 0.785]
      time_from_start: 0
    - time_from_start: 0
      positions: [2.798162785015115, 0.6370042989738285, 0.5754101837997792, -0.169438275109278, 1.870326761460072, 3.399371903052088, 2.570500954315625]
    - time_from_start: 0
      positions: [-0.03109434502181948, 1.455622623776775, -1.540378258747634, -1.325739289661996, 2.89729957557259, 3.118078999723432, 2.486272457388891]