joint_trajectory:
  points:
    - time_from_start: 0
      positions: [0, -0.785, 0, -2.356, 0, 1.571, 0.785]
    - positions: [0.7011937581398764, -0.9684240381713723, -2.21786245980772, -2.031193410907485, 0.5930973552211432, 2.353275617509007, -0.1198596805417914]
      time_from_start: 0
    - positions: [1.076385236734182, -1.132368650673994, -2.535354691639763, -1.64183258598245, 2.897299915807207, 2.129594849110961, 0.3579227590344755]
      time_from_start: 0
  joint_names: [panda_joint1, panda_joint2, panda_joint3, panda_joint4, panda_joint5, panda_joint6, panda_joint7]