joint_trajectory:
  joint_names: [left_s0, left_s1, left_e0, left_e1, left_w0, left_w1, left_w2]
  points:
    - time_from_start: 0
      positions: [-0.00345146, 0.0118884, 0.00421845, 1.39861, 0.0145728, 0.238918, 0.0007669899999999999]
    - positions: [-1.066566047467379, 0.7947388852515684, 0.9193203447749048, 2.00983224832302, -0.5659561322535462, 0.5670756324800884, -2.285132779936097]
      time_from_start: 0
    - time_from_start: 0
      positions: [-0.8136639593854798, 0.7969552813269312, 1.336130297331768, 1.680072819973618, -0.6116378271131573, 0.5008508125617137, -2.612647526516453]
    - positions: [0.2155184646575719, 0.7006683991067978, 2.395076887765453, 0.5873761812361671, 0.05218980698223202, 0.2612504892393154, -2.642947206655285]
      time_from_start: 0