joint_trajectory:
  points:
    - time_from_start: 0
      positions: [-0.00345146, 0.0118884, 0.00421845, 1.39861, 0.0145728, 0.238918, 0.0007669899999999999]
    - positions: [-0.1714195303254638, 0.2187284859209324, 0.1742040958798134, 1.957474058451131, 1.118282776312903, 1.001725322053747, 1.724776994639542]
      time_from_start: 0
    - positions: [0.6036342871411065, -0.1533489617314596, -1.020128868402475, 0.2349279947964244, 2.733305489041683, -0.1844963936258598, -1.738916741660486]
      time_from_start: 0
  joint_names: [left_s0, left_s1, left_e0, left_e1, left_w0, left_w1, left_w2]