joint_trajectory:
  joint_names: [left_s0, left_s1, left_e0, left_e1, left_w0, left_w1, left_w2]
  points:
    - time_from_start: 0
      positions: [-0.00345146, 0.0118884, 0.00421845, 1.39861, 0.0145728, 0.238918, 0.0007669899999999999]
    - time_from_start: 0
      positions: [-0.8962375906343484, -0.4375442585120908, -1.045796913757708, 2.55772519075498, 1.659336916838773, 1.905944634313218, -2.829762596259359]
    - time_from_start: 0
      positions: [-0.6329215682348862, 0.08028177351252032, 1.85230483680552, 0.6277537942298311, 1.887855730672844, -0.12703701800797, 2.543669374858714]