joint_trajectory:
  joint_names: [left_s0, left_s1, left_e0, left_e1, left_w0, left_w1, left_w2]
  points:
    - positions: [-0.00345146, 0.0118884, 0.00421845, 1.39861, 0.0145728, 0.238918, 0.0007669899999999999]
      time_from_start: 0
    - positions: [0.002789435887027514, 0.4722661938646493, 0.07466926339877759, 1.706367058941797, -2.01076237387412, 1.438031378196189, 1.107273680049541]
      time_from_start: 0
    - positions: [-1.115894823669377, 0.07019045776594446, -2.946251695252073, 0.7130730323940514, -2.160002255040221, 0.2638478576269179, 2.256320280619431]
      time_from_start: 0
    - time_from_start: 0
      positions: [-0.3605637695127778, -0.1490425606509584, 1.35543704577432, 0.6894841966800934, -3.058999885248729, 0.08275673824810674, 1.75904222428725]