joint_trajectory:
  joint_names: [left_s0, left_s1, left_e0, left_e1, left_w0, left_w1, left_w2]
  points:
    - positions: [-0.00345146, 0.0118884, 0.00421845, 1.39861, 0.0145728, 0.238918, 0.0007669899999999999]
      time_from_start: 0
    - positions: [-0.4150512697266081, 0.962042438403018, 1.597621971835579, 1.713608873006804, -1.172606038893497, 1.153107853755388, -0.4680439684748178]
      time_from_start: 0
    - time_from_start: 0
      positions: [0.4769375876571538, 0.7820809267449025, 3.041062956093759, 0.6024454657350297, -0.8323797457557547, 0.2742154056310024, -2.258170502265888]