joint_trajectory:
  joint_names: [panda_joint1, panda_joint2, panda_joint3, panda_joint4, panda_joint5, panda_joint6, panda_joint7]
  points:
    - time_from_start: 0
      positions: [0, -0.785, 0, -2.356, 0, 1.571, 0.785]
    - time_from_start: 0
      positions: [0.2199408454814858, -0.5215077384764609, 0.0392279089119022, -2.246044016058269, 0.1272812819461225, 1.599900388154839, 0.7047934904399504]
    - time_from_start: 0
      positions: [0.9841436146241944, 0.954758526078785, 0.615534566199788, -1.654471475665788, 1.571544741687718, 1.932774077832144, 0.09983591842937323]
    - time_from_start: 0
      positions: [0.8483412858741444, 1.568868285631016, 1.200860804418012, -1.432110433880188, 2.881061328164293, 2.236955848944386, -0.3026324340330279]