joint_trajectory:
  joint_names: [panda_joint1, panda_joint2, panda_joint3, panda_joint4, panda_joint5, panda_joint6, panda_joint7]
  points:
    - time_from_start: 0
      positions: [0, -0.785, 0, -2.356, 0, 1.571, 0.785]
    - positions: [-0.4576931843272078, 0.6831985538986275, -1.921529659301297, -2.410556043578235, 1.226599740343923, 2.06196200793512, 1.177411337021919]
      time_from_start: 0
    - positions: [-0.4399101952951516, 0.9971253318505543, -1.551380291893597, -1.976908192077445, 2.806783780385159, 2.25322510625776, 2.051739156984766]
      time_from_start: 0