joint_trajectory:
  points:
    - time_from_start: 0
      positions: [0, -0.785, 0, -2.356, 0, 1.571, 0.785]
    - positions: [1.067226017739698, -0.6490476417178095, -2.178462725442952, -2.317510819441226, 1.415223712750739, 2.203563395497667, -0.3859148429945146]
      time_from_start: 0
    - positions: [1.428361820848972, -0.956924859887758, -2.301143816842844, -2.050608598781116, 2.8973, 2.054761148709185, 0.2383459210911541]
      time_from_start: 0
  joint_names: [panda_joint1, panda_joint2, panda_joint3, panda_joint4, panda_joint5, panda_joint6, panda_joint7]