joint_trajectory:
  points:
    - time_from_start: 0
      positions: [0, -0.785, 0, -2.356, 0, 1.571, 0.785]
    - positions: [-0.2860848601982878, -0.1848810669361987, -1.689341044736137, -1.453851755824865, 1.831969056026648, 2.737225474441595, 2.397703509379326]
      time_from_start: 0
    - positions: [0.6294541187692888, 0.7309716824956916, -1.760673232889453, -1.534428534465365, 2.00471133114155, 2.634771367716824, 2.693513463240514]
      time_from_start: 0
  joint_names: [panda_joint1, panda_joint2, panda_joint3, panda_joint4, panda_joint5, panda_joint6, panda_joint7]