joint_trajectory:
  joint_names: [panda_joint1, panda_joint2, panda_joint3, panda_joint4, panda_joint5, panda_joint6, panda_joint7]
  points:
    - time_from_start: 0
      positions: [0, -0.785, 0, -2.356, 0, 1.571, 0.785]
    - time_from_start: 0
      positions: [1.733362391615147, 0.6351896206660195, -0.694448697253037, -2.053643737850781, 0.2317456300927327, 1.888837349531241, 0.7633860066117717]
    - positions: [-0.3126409216443817, 1.053714975436658, -0.8377096861493417, -1.814486735629625, -2.8973, 2.188345688717592, 1.370065348145492]
      time_from_start: 0