joint_trajectory:
  points:
    - time_from_start: 0
      positions: [0, -0.785, 0, -2.356, 0, 1.571, 0.785]
    - time_from_start: 0
      positions: [0.7646559538021216, -1.148410079639778, -0.2893096733798273, -2.796850632228516, -0.1117083466516342, 3.383851500661113, -0.6655908932671415]
    - time_from_start: 0
      positions: [-2.434978104259746, -1.308506766220258, -1.710263437413322, -1.051287681605044, -2.807387411562861, 2.55669087591513, -0.8321258932483903]
  joint_names: [panda_joint1, panda_joint2, panda_joint3, panda_joint4, panda_joint5, panda_joint6, panda_joint7]