joint_trajectory:
  points:
    - time_from_start: 0
      positions: [0, -0.785, 0, -2.356, 0, 1.571, 0.785]
    - time_from_start: 0
      positions: [-0.2700631768237427, 0.2843565479864885, 2.433424872762131, -2.025815304113707, -2.591760024650673, 2.037664162062246, -1.094851763736296]
    - positions: [-0.8875439738393673, 0.9862201600629568, 1.55484432806347, -1.977744878768406, -2.812079616581489, 2.291914443220645, -0.4711546243474894]
      time_from_start: 0
  joint_names: [panda_joint1, panda_joint2, panda_joint3, panda_joint4, panda_joint5, panda_joint6, panda_joint7]