joint_trajectory:
  joint_names: [panda_joint1, panda_joint2, panda_joint3, panda_joint4, panda_joint5, panda_joint6, panda_joint7]
  points:
    - positions: [0, -0.785, 0, -2.356, 0, 1.571, 0.785]
      time_from_start: 0
    - time_from_start: 0
      positions: [2.192806487510167, -0.8365799372127279, -2.071169793246547, -0.03570412832149295, -2.473771948905941, 1.099249382074922, 2.760363032952929]
    - positions: [-2.640986817214145, -1.332936542029596, -2.049521948983858, -1.978028987906461, 2.776053899869422, 2.176331762312985, -0.1368526988440002]
      time_from_start: 0