joint_trajectory:
  joint_names: [panda_joint1, panda_joint2, panda_joint3, panda_joint4, panda_joint5, panda_joint6, panda_joint7]
  points:
    - time_from_start: 0
      positions: [0, -0.785, 0, -2.356, 0, 1.571, 0.785]
    - positions: [0.4528176849371388, 0.752822821337066, -0.5800587667233247, -1.902399218475152, -1.53391484663342, 1.939995557651392, 1.246420658206866]
      time_from_start: 0
    - time_from_start: 0
      positions: [-0.1536297472291523, 0.9805422954781925, -0.4543677205269858, -1.555280430199503, -2.8973, 2.277411252873207, 0.9971437736811541]