joint_trajectory:
  points:
    - time_from_start: 0
      positions: [0, -0.785, 0, -2.356, 0, 1.571, 0.785]
    - positions: [2.390765026401868, -1.191655173089169, 0.6422541344586761, -2.210744878256786, 2.866917212976841, 1.560104073451366, 2.582930136764189]
      time_from_start: 0
    - positions: [-1.590759074055548, -1.636682638285239, 1.371915883615186, -1.254284513554789, 2.744845567108428, 2.824962150472988, 2.8973]
      time_from_start: 0
  joint_names: [panda_joint1, panda_joint2, panda_joint3, panda_joint4, panda_joint5, panda_joint6, panda_joint7]