joint_trajectory:
  points:
    - time_from_start: 0
      positions: [0, -0.785, 0, -2.356, 0, 1.571, 0.785]
    - positions: [-1.563805727558946, -1.218119739872865, 1.915551206900893, -2.066487902892813, -1.181222258712039, 2.038594326608568, -0.002499814155052335]
      time_from_start: 0
    - positions: [-1.766858126726753, -1.284129131269505, 1.980123876321145, -1.934490099459037, -1.630913048778471, 2.109432074359344, 0.4338042566173682]
      time_from_start: 0
    - positions: [-2.286181652719361, -1.40645019977087, 2.073075716705471, -1.505756934565123, -2.8973, 2.276936545059129, 1.698855690980574]
      time_from_start: 0
  joint_names: [panda_joint1, panda_joint2, panda_joint3, panda_joint4, panda_joint5, panda_joint6, panda_joint7]