joint_trajectory:
  points:
    - time_from_start: 0
      positions: [0, -0.785, 0, -2.356, 0, 1.571, 0.785]
    - time_from_start: 0
      positions: [-0.05593020593742848, -0.3608648273784667, -2.114136155243265, -1.594837854506006, 1.544240733580711, 3.530940114255063, -2.569629429046251]
    - time_from_start: 0
      positions: [-1.871002734918581, -1.561958055639157, 1.565399947325135, -1.163967169240534, 1.690538042076634, 3.132755528298951, -2.480111685967679]
  joint_names: [panda_joint1, panda_joint2, panda_joint3, panda_joint4, panda_joint5, panda_joint6, panda_joint7]