joint_trajectory:
  points:
    - time_from_start: 0
      positions: [0, -0.785, 0, -2.356, 0, 1.571, 0.785]
    - positions: [0.1528642444743246, -0.03003892089951276, -0.125361452137768, -1.971398709925834, 2.26675433135599, 2.69325144172011, 0.8000451616283957]
      time_from_start: 0
    - positions: [0.471787769209529, 0.4840552238938055, -0.6089293306425361, -1.60818815759416, 2.54636263613084, 2.513420721287758, 1.57237372596233]
      time_from_start: 0
  joint_names: [panda_joint1, panda_joint2, panda_joint3, panda_joint4, panda_joint5, panda_joint6, panda_joint7]