joint_trajectory:
  points:
    - time_from_start: 0
      positions: [0, -0.785, 0, -2.356, 0, 1.571, 0.785]
    - time_from_start: 0
      positions: [-1.430615986811882, -0.07005115507878368, 2.018553669080371, -2.239871856243583, -2.411329174144007, 3.418155019951519, 1.085683424658049]
    - positions: [-2.529892587024456, 1.370192478156226, 1.547490372428399, -1.279297949297633, -2.824409055480865, 2.819998621290148, -0.9014216895560018]
      time_from_start: 0
  joint_names: [panda_joint1, panda_joint2, panda_joint3, panda_joint4, panda_joint5, panda_joint6, panda_joint7]