joint_trajectory:
  joint_names: [panda_joint1, panda_joint2, panda_joint3, panda_joint4, panda_joint5, panda_joint6, panda_joint7]
  points:
    - positions: [0, -0.785, 0, -2.356, 0, 1.571, 0.785]
      time_from_start: 0
    - time_from_start: 0
      positions: [-2.357216408196467, -0.805172566358372, 1.339305269757253, -1.342752555394843, 2.001141268246571, 2.555096029063988, 2.449243738308127]
    - positions: [-2.464414265657454, -0.8057988538432713, 1.560979231844785, -1.253855398088366, 2.030696002691047, 2.593306802612958, 2.785257000657623]
      time_from_start: 0