joint_trajectory:
  joint_names: [panda_joint1, panda_joint2, panda_joint3, panda_joint4, panda_joint5, panda_joint6, panda_joint7]
  points:
    - positions: [0, -0.785, 0, -2.356, 0, 1.571, 0.785]
      time_from_start: 0
    - time_from_start: 0
      positions: [1.458420131660915, 0.4735016022195775, 0.1742685860732353, -1.890427269776456, -2.371253582015005, 2.543004450438902, 1.375726108784932]
    - positions: [1.47220794687504, 0.7888259400801954, 0.2877432404890402, -1.572475039248382, -2.5783464021344, 2.485728001053281, 0.9420247090287117]
      time_from_start: 0
    - positions: [1.377618767225329, 1.301472584273404, 0.5501806846569497, -0.9814653465321574, -2.896048043878158, 2.364191400812717, 0.08205438974412603]
      time_from_start: 0