joint_trajectory:
  points:
    - time_from_start: 0
      positions: [0, -0.785, 0, -2.356, 0, 1.571, 0.785]
    - positions: [0.2236574186053129, 0.182912241108343, -0.028667664105678, -0.440061389463418, -1.473567572803376, 1.159814812492113, 0.2903788587497549]
      time_from_start: 0
    - positions: [-1.386526540325567, -1.286459584997896, 2.76571123198763, -0.2755071143898752, 1.965901144786704, 3.643484740520081, 2.30401431599845]
      time_from_start: 0
  joint_names: [panda_joint1, panda_joint2, panda_joint3, panda_joint4, panda_joint5, panda_joint6, panda_joint7]