joint_trajectory:
  joint_names: [panda_joint1, panda_joint2, panda_joint3, panda_joint4, panda_joint5, panda_joint6, panda_joint7]
  points:
    - positions: [0, -0.785, 0, -2.356, 0, 1.571, 0.785]
      time_from_start: 0
    - time_from_start: 0
      positions: [1.013825793196386, 0.5836181586236533, -0.3765930217921847, -1.818449725347713, -1.319167394569495, 2.287754445473641, -0.04835123825660034]
    - positions: [0.6832310873846101, 1.221970242505759, -0.3310216740313657, -1.00368729010995, -2.481686289698241, 2.520693057296465, 0.5545525203144769]
      time_from_start: 0