joint_trajectory:
  points:
    - positions: [0, -0.785, 0, -2.356, 0, 1.571, 0.785]
      time_from_start: 0
    - positions: [1.36361025988102, 0.6819514860138856, -0.2577094430052731, -0.6809637755799464, -1.004633729818274, 2.814457366844088, -1.087506255390919]
      time_from_start: 0
    - time_from_start: 0
      positions: [1.309513321084972, 0.7631044187390422, -0.1130823063528045, -0.5686060240298958, -0.9127369286350537, 2.714238949701983, -1.410931135709681]
  joint_names: [panda_joint1, panda_joint2, panda_joint3, panda_joint4, panda_joint5, panda_joint6, panda_joint7]