joint_trajectory:
  joint_names: [panda_joint1, panda_joint2, panda_joint3, panda_joint4, panda_joint5, panda_joint6, panda_joint7]
  points:
    - time_from_start: 0
      positions: [0, -0.785, 0, -2.356, 0, 1.571, 0.785]
    - time_from_start: 0
      positions: [-2.057355933903815, -1.090776165552745, -2.506726157652895, -1.562692109308149, -2.544415916388215, 2.235774366296047, -0.1824788052656658]
    - positions: [-2.203193888097505, -1.18025608043984, -2.52697147942057, -1.32821930205493, -2.828235244718697, 2.07715100755158, 0.04734271970701592]
      time_from_start: 0