joint_trajectory:
  points:
    - positions: [0, -0.785, 0, -2.356, 0, 1.571, 0.785]
      time_from_start: 0
    - positions: [1.559358089888981, 1.316000078636594, -2.028436303088907, -0.3610796406859298, 2.653885512225656, 1.158180260588415, -2.800948821577057]
      time_from_start: 0
    - time_from_start: 0
      positions: [2.347354512390062, -1.509328783666337, -2.337546259506035, -0.622851880292792, 1.751775088915861, 2.718308003211565, 1.258380487870633]
  joint_names: [panda_joint1, panda_joint2, panda_joint3, panda_joint4, panda_joint5, panda_joint6, panda_joint7]