joint_trajectory:
  points:
    - positions: [0, -0.785, 0, -2.356, 0, 1.571, 0.785]
      time_from_start: 0
    - time_from_start: 0
      positions: [-0.8086242124196618, -0.8189636503869249, -0.01275690246075667, -1.283494257525899, -1.718269669406869, 1.597883266551082, 0.5911631163845369]
    - positions: [2.88864253417361, -1.288211111488043, -1.069950775606202, -1.490036094840552, -2.206998890293425, 2.401819611342314, -1.592808078936697]
      time_from_start: 0
  joint_names: [panda_joint1, panda_joint2, panda_joint3, panda_joint4, panda_joint5, panda_joint6, panda_joint7]