joint_trajectory:
  points:
    - positions: [0, -0.785, 0, -2.356, 0, 1.571, 0.785]
      time_from_start: 0
    - time_from_start: 0
      positions: [0.8566571114474832, -0.5082687106751734, -2.647785192483585, -1.450141362423309, 1.573441208353893, 2.396170712797824, 0.7910439591647185]
    - time_from_start: 0
      positions: [1.396797814844217, -0.7050498591951035, -2.897299999778197, -1.164185343393987, 2.202867729963, 2.764586665824949, 1.517859949640269]
  joint_names: [panda_joint1, panda_joint2, panda_joint3, panda_joint4, panda_joint5, panda_joint6, panda_joint7]