joint_trajectory:
  joint_names: [panda_joint1, panda_joint2, panda_joint3, panda_joint4, panda_joint5, panda_joint6, panda_joint7]
  points:
    - time_from_start: 0
      positions: [0, -0.785, 0, -2.356, 0, 1.571, 0.785]
    - positions: [1.595387531770618, -1.362608119536753, -0.6217537693652553, -1.195017264607845, -2.617201224383047, 2.045102985575302, -1.645808469654219]
      time_from_start: 0
    - positions: [1.669962447436714, -1.548864879145034, -0.6354662867344919, -1.105287828436784, -2.865852614950067, 2.157673082433337, -1.848102906941055]
      time_from_start: 0