joint_trajectory:
  points:
    - time_from_start: 0
      positions: [0, -0.785, 0, -2.356, 0, 1.571, 0.785]
    - positions: [-0.5184102683605327, -0.6607973816536226, 0.4934147879276655, -1.682134060876029, 0.02944983182373591, 1.894834093659923, -0.6802436045337483]
      time_from_start: 0
    - time_from_start: 0
      positions: [-2.449173907330056, -0.4348895928118939, 2.55425159491775, -1.22702397359875, -0.4015449329086084, 3.169623897755568, -1.710347026074741]
  joint_names: [panda_joint1, panda_joint2, panda_joint3, panda_joint4, panda_joint5, panda_joint6, panda_joint7]