joint_trajectory:
  points:
    - positions: [0, -0.785, 0, -2.356, 0, 1.571, 0.785]
      time_from_start: 0
    - positions: [1.230167639049989, 0.2652436467408935, 0.06114201745108116, -1.936052411002944, -0.8177053689500162, 1.564343332747692, -0.2074681658162777]
      time_from_start: 0
    - positions: [0.3098414639266129, 1.045477464203599, 0.6314652677537695, -1.589399315837821, -2.897299124577077, 2.039139791775215, 0.1297158588813488]
      time_from_start: 0
  joint_names: [panda_joint1, panda_joint2, panda_joint3, panda_joint4, panda_joint5, panda_joint6, panda_joint7]