joint_trajectory:
  points:
    - time_from_start: 0
      positions: [0, -0.785, 0, -2.356, 0, 1.571, 0.785]
    - positions: [2.284415023189218, -0.1150368924655718, -2.04776530434988, -1.802440551881703, -1.42370203179185, 2.288129555611012, -0.181286461822778]
      time_from_start: 0
    - positions: [2.418434223230649, -0.8787761623430819, -1.962207332747604, -1.527536476737498, -2.6001835463652, 2.193258801292986, -0.4525207469121422]
      time_from_start: 0
  joint_names: [panda_joint1, panda_joint2, panda_joint3, panda_joint4, panda_joint5, panda_joint6, panda_joint7]