joint_trajectory:
  joint_names: [panda_joint1, panda_joint2, panda_joint3, panda_joint4, panda_joint5, panda_joint6, panda_joint7]
  points:
    - positions: [0, -0.785, 0, -2.356, 0, 1.571, 0.785]
      time_from_start: 0
    - positions: [-0.8034033858443146, 0.1247580728955566, -2.566677622489259, -2.351116936896532, -2.210258286696998, 1.703061924085487, 1.896310006419569]
      time_from_start: 0
    - positions: [2.896111785858318, -0.3279416265165759, 2.763893312884103, -1.731729409676229, -2.599229335936191, 2.634913887121953, 0.4203218014814729]
      time_from_start: 0