joint_trajectory:
  joint_names: [panda_joint1, panda_joint2, panda_joint3, panda_joint4, panda_joint5, panda_joint6, panda_joint7]
  points:
    - positions: [0, -0.785, 0, -2.356, 0, 1.571, 0.785]
      time_from_start: 0
    - time_from_start: 0
      positions: [2.277687605694309, -1.093035051841848, -2.342213571882946, -2.875789896513824, -1.609145858377451, 0.6202116096368991, 1.880374534056568]
    - time_from_start: 0
      positions: [2.125383047775248, 1.696799938610358, -1.76949614368371, -1.872045807220801, 2.848866988516519, 2.53910473353742, 2.781272854961129]