joint_trajectory:
  points:
    - positions: [0, -0.785, 0, -2.356, 0, 1.571, 0.785]
      time_from_start: 0
    - time_from_start: 0
      positions: [-1.970324885453481, 1.425342802815377, 1.287286565655852, -1.925940903443981, 2.716799907341534, 2.169172818700475, -0.007259227637603949]
    - positions: [-1.571044261862312, 1.535937874697453, 0.9576339980288078, -0.7439127439488823, 2.867369840487578, 2.640564662604372, 0.06050795451335902]
      time_from_start: 0
  joint_names: [panda_joint1, panda_joint2, panda_joint3, panda_joint4, panda_joint5, panda_joint6, panda_joint7]