joint_trajectory:
  points:
    - time_from_start: 0
      positions: [0, -0.785, 0, -2.356, 0, 1.571, 0.785]
    - time_from_start: 0
      positions: [-0.1619125599940954, -1.161183054262823, -1.373693062920092, -1.560979442523228, -2.157370134633405, 1.801423095991344, -1.013385103899108]
    - positions: [1.980210996333468, -1.71424527238048, -1.308639284439816, -1.456229414888002, -2.895485614021886, 2.625136253830474, -1.272724589664762]
      time_from_start: 0
  joint_names: [panda_joint1, panda_joint2, panda_joint3, panda_joint4, panda_joint5, panda_joint6, panda_joint7]