joint_trajectory:
  points:
    - positions: [0, -0.785, 0, -2.356, 0, 1.571, 0.785]
      time_from_start: 0
    - time_from_start: 0
      positions: [1.636328111818012, -0.894998390174761, -2.263126222006392, -1.56004754584256, -1.413689897342241, 2.292755098819445, 0.9145564062360334]
    - positions: [1.752315255412531, -1.348766252331969, -2.705115112766869, -0.82803530715845, -2.896963838703846, 2.480709894229591, 0.1557935180050486]
      time_from_start: 0
  joint_names: [panda_joint1, panda_joint2, panda_joint3, panda_joint4, panda_joint5, panda_joint6, panda_joint7]