joint_trajectory:
  points:
    - time_from_start: 0
      positions: [0, -0.785, 0, -2.356, 0, 1.571, 0.785]
    - time_from_start: 0
      positions: [1.231100335574856, -0.4691726270875933, -0.4777523198577445, -2.335719526514589, 0.8903184673973552, 2.221722411876434, -0.175442557379999]
    - time_from_start: 0
      positions: [-0.463091647152432, 0.9863354606112417, 0.6130815040956875, -1.712696272229297, -2.897298356529462, 1.976183974555393, 0.1695238870715158]
  joint_names: [panda_joint1, panda_joint2, panda_joint3, panda_joint4, panda_joint5, panda_joint6, panda_joint7]