joint_trajectory:
  joint_names: [panda_joint1, panda_joint2, panda_joint3, panda_joint4, panda_joint5, panda_joint6, panda_joint7]
  points:
    - positions: [0, -0.785, 0, -2.356, 0, 1.571, 0.785]
      time_from_start: 0
    - time_from_start: 0
      positions: [-0.8326025876911498, -1.106306296613543, -1.807721014639838, -1.557962150427634, -2.625708982537949, 2.736038532503573, -0.5590937810880893]
    - time_from_start: 0
      positions: [0.8135752018134262, -1.326895004490703, -1.556320974021565, -1.598051758916318, -2.889309876267331, 2.568157545826932, -0.7925757090812523]