joint_trajectory:
  joint_names: [panda_joint1, panda_joint2, panda_joint3, panda_joint4, panda_joint5, panda_joint6, panda_joint7]
  points:
    - time_from_start: 0
      positions: [0, -0.785, 0, -2.356, 0, 1.571, 0.785]
    - positions: [-1.93051909946919, -1.329819849704425, 2.445868775854914, -2.175230914958461, -1.781934874211225, 2.353129993982418, 0.9302793544023578]
      time_from_start: 0
    - positions: [-2.818881799105446, -1.465604578109045, 1.854685751581012, -1.474497088714921, -2.591071406169621, 2.7129357524031, 1.544516235761249]
      time_from_start: 0
    - time_from_start: 0
      positions: [-2.8973, -1.590770609947961, 1.904453428193507, -1.335166668685381, -2.636237330747607, 2.566588819693145, 1.705435264774071]