joint_trajectory:
  points:
    - positions: [0, -0.785, 0, -2.356, 0, 1.571, 0.785]
      time_from_start: 0
    - positions: [-1.829979254808417, 1.493747641702182, -0.7693309512560722, -2.664832830872736, -1.245752746248476, 2.267367499640677, -0.04230573074272836]
      time_from_start: 0
    - positions: [1.050073026171919, 0.9742575422957062, -0.7434344537202399, -1.867271498948678, -2.8973, 2.133637919419795, 1.266488618260175]
      time_from_start: 0
  joint_names: [panda_joint1, panda_joint2, panda_joint3, panda_joint4, panda_joint5, panda_joint6, panda_joint7]