joint_trajectory:
  joint_names: [panda_joint1, panda_joint2, panda_joint3, panda_joint4, panda_joint5, panda_joint6, panda_joint7]
  points:
    - time_from_start: 0
      positions: [0, -0.785, 0, -2.356, 0, 1.571, 0.785]
    - time_from_start: 0
      positions: [1.84760377046266, -0.5457080905922006, -2.193168919830013, -0.9924089712866931, 0.4113024113314741, 2.590079748862937, -2.387131349086197]
    - time_from_start: 0
      positions: [2.251908161479696, -0.5663473282973842, -2.474355985217471, -0.8764614794154161, 0.308779529555628, 2.779318356419318, -2.638401412068631]
    - time_from_start: 0
      positions: [2.593613147640006, -0.68448239462004, -2.842752894392971, -0.7980307239960174, 0.2543160572104412, 3.025311619938388, -2.790376817972404]