joint_trajectory:
  points:
    - time_from_start: 0
      positions: [0, -0.785, 0, -2.356, 0, 1.571, 0.785]
    - positions: [0.8018789762002414, 0.5742475106947125, 0.8879238626474981, -0.4672511616401374, -1.42023639225075, 2.958889180182013, 1.643151609361405]
      time_from_start: 0
    - positions: [1.462511289796763, 1.371636564231999, 0.6589482259249604, -0.9392297925843233, -2.897123264715585, 2.295784124349354, -0.03824705371078034]
      time_from_start: 0
  joint_names: [panda_joint1, panda_joint2, panda_joint3, panda_joint4, panda_joint5, panda_joint6, panda_joint7]