joint_trajectory:
  joint_names: [panda_joint1, panda_joint2, panda_joint3, panda_joint4, panda_joint5, panda_joint6, panda_joint7]
  points:
    - time_from_start: 0
      positions: [0, -0.785, 0, -2.356, 0, 1.571, 0.785]
    - positions: [0.4903297407978791, -0.4020629830386676, -0.1946730006331242, -2.279676276072993, -0.2137381719886467, 2.229565773498708, -0.0123176898380815]
      time_from_start: 0
    - time_from_start: 0
      positions: [0.8143941410796413, 0.4154545907906672, -0.1721994332741395, -1.866472120758338, -1.315448761025007, 2.693793609787723, -0.4488227005569808]
    - positions: [0.4402556488674929, 1.044747804240103, 0.2230856020808308, -1.332467136633294, -2.720385197451715, 2.238588698877325, 0.3072285006440784]
      time_from_start: 0