joint_trajectory:
  points:
    - time_from_start: 0
      positions: [0, -0.785, 0, -2.356, 0, 1.571, 0.785]
    - positions: [1.462951156459649, -0.2158599055419913, -1.138688254899235, -1.971813200585032, -2.281138392524523, 2.922103141287718, -0.178338199589832]
      time_from_start: 0
    - time_from_start: 0
      positions: [1.237426530701489, 0.9131665674815722, -1.009024015816854, -1.106918204381147, -2.874982227405003, 3.035755511672785, 1.265849109760618]
  joint_names: [panda_joint1, panda_joint2, panda_joint3, panda_joint4, panda_joint5, panda_joint6, panda_joint7]