joint_trajectory:
  joint_names: [panda_joint1, panda_joint2, panda_joint3, panda_joint4, panda_joint5, panda_joint6, panda_joint7]
  points:
    - positions: [0, -0.785, 0, -2.356, 0, 1.571, 0.785]
      time_from_start: 0
    - time_from_start: 0
      positions: [-0.595306667530709, 1.147274577583941, 1.202805484259814, -1.824062099841482, 2.691950002342838, 2.233823883278824, 0.544815812135389]
    - positions: [-1.20582225614456, 1.217276175587875, 0.7602779717389739, -1.34878751507426, 2.8973, 2.387427300612789, 0.2440863610600336]
      time_from_start: 0