joint_trajectory:
  joint_names: [panda_joint1, panda_joint2, panda_joint3, panda_joint4, panda_joint5, panda_joint6, panda_joint7]
  points:
    - positions: [0, -0.785, 0, -2.356, 0, 1.571, 0.785]
      time_from_start: 0
    - time_from_start: 0
      positions: [-1.754602127076925, 0.6227495732914154, 0.794059825055863, -2.840297878458025, 1.362087296778597, 3.32961863840303, 1.899046753469931]
    - positions: [-1.719491696830794, -1.308861772598252, 1.587939462874828, -1.564509461529256, 2.897299793589712, 2.284185449696461, 2.332883561402928]
      time_from_start: 0