joint_trajectory:
  joint_names: [panda_joint1, panda_joint2, panda_joint3, panda_joint4, panda_joint5, panda_joint6, panda_joint7]
  points:
    - time_from_start: 0
      positions: [0, -0.785, 0, -2.356, 0, 1.571, 0.785]
    - time_from_start: 0
      positions: [1.493833741632086, 0.09154421951084957, 1.909601026989409, -0.4963446973482836, -2.849522661459132, 3.70045924222553, 0.3797481026948614]
    - positions: [2.240211654803156, -0.5717382446728664, 2.662027686642654, -0.5189478968189165, -2.801957331602158, 3.651355142065849, 0.736074129111184]
      time_from_start: 0