joint_trajectory:
  joint_names: [panda_joint1, panda_joint2, panda_joint3, panda_joint4, panda_joint5, panda_joint6, panda_joint7]
  points:
    - positions: [0, -0.785, 0, -2.356, 0, 1.571, 0.785]
      time_from_start: 0
    - time_from_start: 0
      positions: [-0.137881295498282, 0.5742838468058231, -0.2174287292560873, -1.684495987971551, -0.5490238396262339, 2.032963509928612, -0.3294761749160143]
    - time_from_start: 0
      positions: [-0.7785685505104638, 1.096471653884431, -0.03401290652522487, -1.197964836780227, -2.8973, 2.40380504721868, 0.6379972386112698]