joint_trajectory:
  points:
    - positions: [0, -0.785, 0, -2.356, 0, 1.571, 0.785]
      time_from_start: 0
    - time_from_start: 0
      positions: [1.255342678207708, 0.3105239587669787, 1.530823023165422, -1.803355325705984, -0.02301020645497795, 1.925322344823894, -0.255138834945692]
    - positions: [1.060754216800029, 0.9659236400763842, 0.6756698590250156, -1.532530085307418, -2.368640231426523, 2.028397277795617, 0.09849015882346412]
      time_from_start: 0
    - time_from_start: 0
      positions: [1.032282891844585, 1.059573911241771, 0.5205312443623513, -1.48444074873564, -2.798627262394843, 2.067011920355786, 0.1436214379397018]
  joint_names: [panda_joint1, panda_joint2, panda_joint3, panda_joint4, panda_joint5, panda_joint6, panda_joint7]