joint_trajectory:
  points:
    - time_from_start: 0
      positions: [0, -0.785, 0, -2.356, 0, 1.571, 0.785]
    - time_from_start: 0
      positions: [-0.6466525947978317, -0.651566247481888, -0.8918109846236512, -2.468368053750755, 0.8420501592579991, 1.844711766104901, 0.7731235597015593]
    - time_from_start: 0
      positions: [-2.778332700195201, -0.758956828164894, -2.491888262891716, -2.135540657583325, 2.89729990721644, 2.024767106445084, 0.4576113800781442]
  joint_names: [panda_joint1, panda_joint2, panda_joint3, panda_joint4, panda_joint5, panda_joint6, panda_joint7]