joint_trajectory:
  joint_names: [panda_joint1, panda_joint2, panda_joint3, panda_joint4, panda_joint5, panda_joint6, panda_joint7]
  points:
    - positions: [0, -0.785, 0, -2.356, 0, 1.571, 0.785]
      time_from_start: 0
    - time_from_start: 0
      positions: [-1.651335222144604, -0.2680374309197803, 1.153721855407511, -2.273668418578712, 1.584618145484713, 2.806724023092188, 0.4816134607784851]
    - positions: [-2.487844728548086, -0.7956220140937786, 1.63680230046212, -1.97810103040405, 2.8973, 2.52189840002674, 1.783651261184425]
      time_from_start: 0