joint_trajectory:
  joint_names: [panda_joint1, panda_joint2, panda_joint3, panda_joint4, panda_joint5, panda_joint6, panda_joint7]
  points:
    - positions: [0, -0.785, 0, -2.356, 0, 1.571, 0.785]
      time_from_start: 0
    - time_from_start: 0
      positions: [-0.09389399761604719, -1.202228662711909, -1.988792482297102, -1.989512985558325, 1.100848732616275, 2.656856490478652, 1.231153738127089]
    - time_from_start: 0
      positions: [0.6241881691847567, -1.106477912267613, -2.270164347001566, -1.911973392081205, 1.603435308430278, 2.561794659431368, 1.027158367393617]
    - time_from_start: 0
      positions: [1.051452187577607, -0.9826898024852908, -2.416560809180333, -1.760057665434456, 2.273970735721572, 2.341597282487798, 0.7502521496283473]