joint_trajectory:
  points:
    - positions: [0, -0.785, 0, -2.356, 0, 1.571, 0.785]
      time_from_start: 0
    - time_from_start: 0
      positions: [2.480120641956665, -1.569724908434786, -0.52387180137909, -2.652932304950221, -1.288642451358354, 1.66265403224621, -0.5615334277437998]
    - positions: [-1.725895807724773, -1.185863007230355, 2.744662042674516, -1.111486312047904, 2.8973, 2.368760212952358, 1.338459450124217]
      time_from_start: 0
  joint_names: [panda_joint1, panda_joint2, panda_joint3, panda_joint4, panda_joint5, panda_joint6, panda_joint7]