joint_trajectory:
  points:
    - time_from_start: 0
      positions: [0, -0.785, 0, -2.356, 0, 1.571, 0.785]
    - positions: [-1.307379082019926, 0.3363166332633181, -0.4117811044689939, -0.8523795571158264, -0.07315537699247623, 3.030696335855864, -2.132384841802074]
      time_from_start: 0
    - time_from_start: 0
      positions: [-1.269722641148283, 0.4239270486572539, -0.3027624136177467, -0.8554646379335548, -0.0237400684288811, 3.046134216969411, -2.221269178349498]
    - positions: [-1.172574174492752, 0.6493925271173189, -0.02185455937982081, -0.8631939584717279, 0.1032787201361325, 3.085281636448727, -2.44909421945902]
      time_from_start: 0
  joint_names: [panda_joint1, panda_joint2, panda_joint3, panda_joint4, panda_joint5, panda_joint6, panda_joint7]