joint_trajectory:
  points:
    - time_from_start: 0
      positions: [0, -0.785, 0, -2.356, 0, 1.571, 0.785]
    - time_from_start: 0
      positions: [-1.22253781234811, 0.9369953250763746, 2.130625559742918, -1.863100714229908, -2.226992172781609, 2.38923636814557, -1.391105580968571]
    - positions: [-1.62380170033595, 1.168994012305615, 2.048135930140235, -1.626613289193259, -2.255716980066605, 2.313888756912293, -1.355842785254414]
      time_from_start: 0
  joint_names: [panda_joint1, panda_joint2, panda_joint3, panda_joint4, panda_joint5, panda_joint6, panda_joint7]