joint_trajectory:
  joint_names: [panda_joint1, panda_joint2, panda_joint3, panda_joint4, panda_joint5, panda_joint6, panda_joint7]
  points:
    - time_from_start: 0
      positions: [0, -0.785, 0, -2.356, 0, 1.571, 0.785]
    - time_from_start: 0
      positions: [-1.713601600220218, 0.4819371330972951, 0.5348938215956296, -1.787650024565115, 0.02290170165429262, 3.201328920104136, -2.400563310166785]
    - time_from_start: 0
      positions: [-1.633306132179992, 0.803033737503722, 0.5457794593877838, -1.484068998297683, -0.1137468558247057, 3.7525, -2.638407689253316]