joint_trajectory:
  points:
    - positions: [0, -0.785, 0, -2.356, 0, 1.571, 0.785]
      time_from_start: 0
    - time_from_start: 0
      positions: [2.881459659638489, -0.6944477073814719, -1.746987090770481, -2.943038937608432, -0.436873049051175, 3.611582329147495, -2.505644144303678]
    - time_from_start: 0
      positions: [-2.877037563498725, -1.416609723815629, -2.022256566028894, -2.006131804585916, 2.892557797998379, 1.920783270861532, -0.280618314368114]
  joint_names: [panda_joint1, panda_joint2, panda_joint3, panda_joint4, panda_joint5, panda_joint6, panda_joint7]