joint_trajectory:
  joint_names: [panda_joint1, panda_joint2, panda_joint3, panda_joint4, panda_joint5, panda_joint6, panda_joint7]
  points:
    - time_from_start: 0
      positions: [0, -0.785, 0, -2.356, 0, 1.571, 0.785]
    - positions: [0.3316747293605445, -0.7160910545544346, 1.343691825839798, -0.8010834036219092, 0.8315789410879628, 3.092136582185945, -0.2506110610062557]
      time_from_start: 0
    - time_from_start: 0
      positions: [2.532512461953252, -0.765847776377534, 2.8973, -0.6502897962460458, -0.07111077437239588, 2.962270741944035, -2.107986053219898]