joint_trajectory:
  points:
    - positions: [0, -0.785, 0, -2.356, 0, 1.571, 0.785]
      time_from_start: 0
    - time_from_start: 0
      positions: [1.088134376921568, -0.7069360293526908, -0.8495964597101308, -2.423161176848194, -1.448661014100981, 2.392465980075653, 0.1775234859499973]
    - positions: [2.427762003587373, -0.8627231230134322, -2.862102641539268, -1.719711601964674, -2.840930790161983, 2.073447961669068, 0.4240244060382886]
      time_from_start: 0
  joint_names: [panda_joint1, panda_joint2, panda_joint3, panda_joint4, panda_joint5, panda_joint6, panda_joint7]