joint_trajectory:
  joint_names: [panda_joint1, panda_joint2, panda_joint3, panda_joint4, panda_joint5, panda_joint6, panda_joint7]
  points:
    - time_from_start: 0
      positions: [0, -0.785, 0, -2.356, 0, 1.571, 0.785]
    - time_from_start: 0
      positions: [0.03977723988325048, -0.9979313243599852, -0.5915631102221508, -2.569594087718949, 0.8217130544762874, 1.589483563223846, 1.181490983787853]
    - positions: [2.430037997775579, -0.906572485174137, -2.75729552107475, -1.809996653182214, 2.677344878739355, 2.145192450441064, 0.959300975380617]
      time_from_start: 0
    - positions: [2.704565834740439, -0.8541037840605777, -2.8973, -1.678472572333469, 2.735674768691391, 2.207209323654054, 0.8554505866766816]
      time_from_start: 0