joint_trajectory:
  joint_names: [panda_joint1, panda_joint2, panda_joint3, panda_joint4, panda_joint5, panda_joint6, panda_joint7]
  points:
    - positions: [0, -0.785, 0, -2.356, 0, 1.571, 0.785]
      time_from_start: 0
    - time_from_start: 0
      positions: [2.008754244231247, -0.09973411729350354, -1.119365974383018, -1.373149775170089, 0.7916967058538086, 1.569136689372824, -1.015049871071148]
    - time_from_start: 0
      positions: [1.934224884955754, 0.8313921099616832, -0.5273122525930775, -1.396008674164777, -0.3084316981112951, 1.99251518805974, -0.2966493258791274]
    - time_from_start: 0
      positions: [1.587629526696522, 1.204479563363537, -0.4356551075713642, -1.088794423824943, -2.041656471669176, 2.439706689854514, 0.3084466273395369]