joint_trajectory:
  points:
    - positions: [0, -0.785, 0, -2.356, 0, 1.571, 0.785]
      time_from_start: 0
    - positions: [-0.8251505048644145, 0.3509826825902924, -0.1303308592313822, -2.489648595904982, -1.328766378221242, 2.183117553156429, -0.3765118130036213]
      time_from_start: 0
    - time_from_start: 0
      positions: [-0.1338507683524507, 1.148568905119316, -0.9854362922596769, -2.024777981018958, -2.8973, 2.043970203767856, 1.571660611559904]
  joint_names: [panda_joint1, panda_joint2, panda_joint3, panda_joint4, panda_joint5, panda_joint6, panda_joint7]