joint_trajectory:
  joint_names: [panda_joint1, panda_joint2, panda_joint3, panda_joint4, panda_joint5, panda_joint6, panda_joint7]
  points:
    - time_from_start: 0
      positions: [0, -0.785, 0, -2.356, 0, 1.571, 0.785]
    - time_from_start: 0
      positions: [-1.842046639534823, 1.334607169743294, 2.554099711589727, -1.369011512962228, -1.606443862215932, 2.470809163927165, -2.044156603993276]
    - positions: [-1.968132434582392, 1.488063292761785, 2.713854262343323, -1.262444353660578, -1.82787853909619, 2.390839537788082, -2.352772361122045]
      time_from_start: 0
    - time_from_start: 0
      positions: [-1.857400097030574, 1.614365245919704, 2.691062915151425, -1.0349734733288, -2.186374879898566, 2.275873378681536, -2.505425702673384]