joint_trajectory:
  points:
    - time_from_start: 0
      positions: [0, -0.785, 0, -2.356, 0, 1.571, 0.785]
    - positions: [-1.243498655797405, 0.2880963785239452, 1.15685895560426, -1.905704026258426, 2.351461803106386, 2.844871631181569, 0.5056126164827623]
      time_from_start: 0
    - time_from_start: 0
      positions: [-0.7992602927495532, 0.6146737709161942, 1.037162007078301, -1.600433006949374, 2.393650306017981, 2.8139215435513, 0.9756790839761329]
  joint_names: [panda_joint1, panda_joint2, panda_joint3, panda_joint4, panda_joint5, panda_joint6, panda_joint7]