joint_trajectory:
  joint_names: [panda_joint1, panda_joint2, panda_joint3, panda_joint4, panda_joint5, panda_joint6, panda_joint7]
  points:
    - positions: [0, -0.785, 0, -2.356, 0, 1.571, 0.785]
      time_from_start: 0
    - time_from_start: 0
      positions: [2.49354107108425, 0.6988055533038535, -2.30451967322659, -2.168971903985903, -2.604200221317404, 3.119561870695999, 0.02190692760750701]
    - positions: [2.087923449763534, -0.7239542625794699, -2.8973, -1.101968929137393, -2.783127870926615, 2.874861064836537, 0.2846600768604489]
      time_from_start: 0