joint_trajectory:
  points:
    - positions: [0, -0.785, 0, -2.356, 0, 1.571, 0.785]
      time_from_start: 0
    - time_from_start: 0
      positions: [-1.307617112867328, 1.135600464857052, 2.344881009877984, -0.4235122876867246, -2.329113038667098, 2.495369438551667, -2.588075503314846]
    - positions: [-1.743513073498161, 1.247304215594517, 2.872347417261476, -0.2576325798872369, -2.491882293838863, 2.550974605892987, -2.673313270073201]
      time_from_start: 0
    - positions: [-1.766982180056188, 1.253181835080348, 2.897118976583219, -0.2516901790143701, -2.494401128628144, 2.553441842783304, -2.675890858055139]
      time_from_start: 0
  joint_names: [panda_joint1, panda_joint2, panda_joint3, panda_joint4, panda_joint5, panda_joint6, panda_joint7]