joint_trajectory:
  points:
    - time_from_start: 0
      positions: [0, -0.785, 0, -2.356, 0, 1.571, 0.785]
    - time_from_start: 0
      positions: [-2.338292684962926, -0.7992339160345494, 1.990782407413563, -2.679043327071005, 1.827987324641878, 0.8655062487395481, 0.8675637902638411]
    - positions: [-1.975785772204715, -1.16308910615557, 2.641933352838693, -1.257498298782517, 2.711235094879315, 2.108815130069702, 1.505097898752014]
      time_from_start: 0
  joint_names: [panda_joint1, panda_joint2, panda_joint3, panda_joint4, panda_joint5, panda_joint6, panda_joint7]