joint_trajectory:
  joint_names: [panda_joint1, panda_joint2, panda_joint3, panda_joint4, panda_joint5, panda_joint6, panda_joint7]
  points:
    - positions: [0, -0.785, 0, -2.356, 0, 1.571, 0.785]
      time_from_start: 0
    - time_from_start: 0
      positions: [0.5427853538496419, -1.390613082923926, -1.539843613260053, -1.966950155716925, 1.462849696497387, 0.6324927866854705, -0.0164020106966607]
    - time_from_start: 0
      positions: [1.492819781793099, 0.7488285542524747, -1.222950507424059, -0.9915580737419581, 1.784264406745764, 2.72835100494831, 2.886563700698918]