joint_trajectory:
  joint_names: [panda_joint1, panda_joint2, panda_joint3, panda_joint4, panda_joint5, panda_joint6, panda_joint7]
  points:
    - positions: [0, -0.785, 0, -2.356, 0, 1.571, 0.785]
      time_from_start: 0
    - time_from_start: 0
      positions: [0.3418350993572232, -0.8413401361689881, -1.53247925117126, -1.956650497085155, -1.709921423386784, 1.641682460358959, -0.7428120756193431]
    - time_from_start: 0
      positions: [1.204354679443154, -1.605918018464695, -1.26534076113846, -1.078597565860859, -2.419022820846798, 2.736787914768831, -1.635562268978606]
    - time_from_start: 0
      positions: [1.352338748365127, -1.74014994974395, -1.199237680144112, -0.9285838134087665, -2.523006477238988, 2.929172294550735, -1.774208418881968]