joint_trajectory:
  points:
    - positions: [0, -0.785, 0, -2.356, 0, 1.571, 0.785]
      time_from_start: 0
    - positions: [2.601356984664257, -0.3372065367407108, -2.049406867246542, -2.09936324254815, -1.779506598288112, 1.939883684899461, -0.1115930993453478]
      time_from_start: 0
    - time_from_start: 0
      positions: [2.692628387992624, -0.5825835035212421, -2.463407284363775, -1.535018545591918, -1.993416560424857, 2.339654302905223, -0.1868659271175692]
    - time_from_start: 0
      positions: [2.80655153946989, -0.9593017870773756, -2.897244468880529, -0.7756510161805797, -2.240298879583013, 2.823621656513122, -0.3028981471079021]
  joint_names: [panda_joint1, panda_joint2, panda_joint3, panda_joint4, panda_joint5, panda_joint6, panda_joint7]