joint_trajectory:
  joint_names: [panda_joint1, panda_joint2, panda_joint3, panda_joint4, panda_joint5, panda_joint6, panda_joint7]
  points:
    - time_from_start: 0
      positions: [0, -0.785, 0, -2.356, 0, 1.571, 0.785]
    - time_from_start: 0
      positions: [-0.4815548739538063, -1.390548377205245, -0.08875424077683114, -1.588998861137871, 0.2108119027816691, 2.631040542435366, -1.737851544915745]
    - positions: [0.8327132786490488, 1.627412881019476, 1.260778003121904, -0.7269797680441425, 2.127262219338277, 2.879746231801561, 0.4341430922732146]
      time_from_start: 0