joint_trajectory:
  joint_names: [panda_joint1, panda_joint2, panda_joint3, panda_joint4, panda_joint5, panda_joint6, panda_joint7]
  points:
    - positions: [0, -0.785, 0, -2.356, 0, 1.571, 0.785]
      time_from_start: 0
    - positions: [1.865381142657716, 1.021237679643743, -2.664642290223995, -2.842177004266577, -2.515329691604851, 0.3396634742314927, 1.535273194629047]
      time_from_start: 0
    - positions: [0.5958389647837561, 1.652016360113499, -1.236640227142277, -0.8857299427915971, -2.897299998899167, 2.456918998556556, 1.86506847316353]
      time_from_start: 0