joint_trajectory:
  points:
    - time_from_start: 0
      positions: [0, -0.785, 0, -2.356, 0, 1.571, 0.785]
    - positions: [-0.8259934750184217, -0.7060155494279206, 1.312358583754509, -1.500692593164903, -0.3021711908232331, 2.770515237201595, -1.312447446245427]
      time_from_start: 0
    - positions: [-1.810992597233111, -0.6590138274944211, 2.541764819198104, -0.9365183617005153, 0.2881426614894413, 3.077037169113942, -2.291946389618465]
      time_from_start: 0
  joint_names: [panda_joint1, panda_joint2, panda_joint3, panda_joint4, panda_joint5, panda_joint6, panda_joint7]