joint_trajectory:
  joint_names: [panda_joint1, panda_joint2, panda_joint3, panda_joint4, panda_joint5, panda_joint6, panda_joint7]
  points:
    - positions: [0, -0.785, 0, -2.356, 0, 1.571, 0.785]
      time_from_start: 0
    - positions: [1.776743611005414, 1.422370791826956, -2.282250412362069, -2.86285144923646, 2.306531580785615, 0.9670901848585345, 2.89619986084192]
      time_from_start: 0
    - positions: [1.044851085484426, 0.6184266981278421, -1.199403070090473, -1.791139190516624, 2.896998206675183, 2.57077913765209, 1.563590807714206]
      time_from_start: 0