joint_trajectory:
  points:
    - time_from_start: 0
      positions: [0, -0.785, 0, -2.356, 0, 1.571, 0.785]
    - positions: [0.6241281307694574, 0.9045357611922753, 0.507623787924217, -1.541830636176528, -2.736925719412481, 2.439227579915956, 1.413849652959262]
      time_from_start: 0
    - positions: [-0.2990147589533953, 0.958282362634574, -0.2794612165994957, -1.494161712183511, -2.80213196905911, 2.300891634309278, 0.7793443160221847]
      time_from_start: 0
  joint_names: [panda_joint1, panda_joint2, panda_joint3, panda_joint4, panda_joint5, panda_joint6, panda_joint7]