joint_trajectory:
  points:
    - positions: [0, -0.785, 0, -2.356, 0, 1.571, 0.785]
      time_from_start: 0
    - time_from_start: 0
      positions: [-1.309643794685674, -1.431298966090499, 2.076086006749492, -2.078236062562495, -1.020645927848516, 2.528432650290362, 1.443756061406241]
    - time_from_start: 0
      positions: [-1.726996466525917, -1.654125898642888, 1.924609781320727, -1.895173573527517, -2.137871911316418, 2.419761730529831, 1.885600459893304]
    - time_from_start: 0
      positions: [-1.896228792752421, -1.7628, 1.833022060960537, -1.797488886006734, -2.694891650746822, 2.333007108020731, 2.081869128406381]
  joint_names: [panda_joint1, panda_joint2, panda_joint3, panda_joint4, panda_joint5, panda_joint6, panda_joint7]