joint_trajectory:
  points:
    - time_from_start: 0
      positions: [0, -0.785, 0, -2.356, 0, 1.571, 0.785]
    - positions: [0.9643105581954309, -0.5446277405980535, -2.406469026956058, -2.068586601276989, 0.9786544820074237, 2.358761915582024, 0.772962559585282]
      time_from_start: 0
    - time_from_start: 0
      positions: [1.077708054644262, -1.114117744520642, -2.329066532149582, -1.638631675244812, 2.70411438022678, 2.350293181910648, 0.3585809503190341]
  joint_names: [panda_joint1, panda_joint2, panda_joint3, panda_joint4, panda_joint5, panda_joint6, panda_joint7]