joint_trajectory:
  joint_names: [panda_joint1, panda_joint2, panda_joint3, panda_joint4, panda_joint5, panda_joint6, panda_joint7]
  points:
    - time_from_start: 0
      positions: [0, -0.785, 0, -2.356, 0, 1.571, 0.785]
    - positions: [0.1871328599228526, 0.483336066771491, -0.6875894437594283, -2.41018522667938, -1.526897357119454, 2.220061633874623, 0.08967351636316212]
      time_from_start: 0
    - positions: [0.01295359787648693, 1.089757826053166, -0.9292793125316742, -1.955047023047837, -2.897298904677139, 2.096981807211921, 1.466115128081703]
      time_from_start: 0