joint_trajectory:
  joint_names: [panda_joint1, panda_joint2, panda_joint3, panda_joint4, panda_joint5, panda_joint6, panda_joint7]
  points:
    - positions: [0, -0.785, 0, -2.356, 0, 1.571, 0.785]
      time_from_start: 0
    - positions: [-0.3606049650278779, -0.2418176608539276, 0.2178555917018491, -1.359324292510508, 1.21357206221226, 1.764596358576755, 2.061714765936516]
      time_from_start: 0
    - positions: [-0.339450749982407, 0.4098013417063615, 0.817080226189582, -1.264642821808471, 0.7296264177238736, 3.112757721755277, 2.8973]
      time_from_start: 0