joint_trajectory:
  points:
    - time_from_start: 0
      positions: [0, -0.785, 0, -2.356, 0, 1.571, 0.785]
    - positions: [2.141444374894939, -0.1981592698840975, -1.416171594223818, -1.037406167801159, -1.459128255180815, 2.325687171343482, -1.118567773831915]
      time_from_start: 0
    - time_from_start: 0
      positions: [2.426128502899132, -0.6920799329151669, -2.403050449919491, -0.7838341082853041, -1.65398958961954, 2.597728904300444, -1.207772502375599]
  joint_names: [panda_joint1, panda_joint2, panda_joint3, panda_joint4, panda_joint5, panda_joint6, panda_joint7]