joint_trajectory:
  points:
    - positions: [0, -0.785, 0, -2.356, 0, 1.571, 0.785]
      time_from_start: 0
    - time_from_start: 0
      positions: [-1.770013234218776, -0.3896041193899229, 1.535084615155549, -1.600646615510695, -0.5071195384539509, 3.212962982313479, -1.384605341394475]
    - positions: [-1.869755330302959, -0.3623813042962244, 1.607550845491326, -1.628998142068462, -0.5243909251705062, 3.259058027860417, -1.467022962234367]
      time_from_start: 0
  joint_names: [panda_joint1, panda_joint2, panda_joint3, panda_joint4, panda_joint5, panda_joint6, panda_joint7]