joint_trajectory:
  points:
    - time_from_start: 0
      positions: [0, -0.785, 0, -2.356, 0, 1.571, 0.785]
    - time_from_start: 0
      positions: [-1.076355357624611, 0.7903488485214152, 0.2838191347599305, -1.435072912354268, 0.1129474240271805, 3.566473170908897, -2.103665018896833]
    - positions: [-1.388779771038506, 0.7840215566514919, -0.05694016515330993, -1.393653318175432, 0.1686729816987116, 3.738003944059059, -2.455440554927777]
      time_from_start: 0
  joint_names: [panda_joint1, panda_joint2, panda_joint3, panda_joint4, panda_joint5, panda_joint6, panda_joint7]