joint_trajectory:
  points:
    - time_from_start: 0
      positions: [0, -0.785, 0, -2.356, 0, 1.571, 0.785]
    - positions: [-1.350376962908169, 0.1030919001444615, 0.601362261077012, -1.220773578769751, -0.940640250526544, 1.703108054200494, 0.01766174658569189]
      time_from_start: 0
    - positions: [-2.247113259363133, 0.36877780441155, 1.355878823625787, -1.435816829156142, -1.830550358888813, 2.592706184876587, -0.8975365724832958]
      time_from_start: 0
  joint_names: [panda_joint1, panda_joint2, panda_joint3, panda_joint4, panda_joint5, panda_joint6, panda_joint7]