joint_trajectory:
  points:
    - time_from_start: 0
      positions: [0, -0.785, 0, -2.356, 0, 1.571, 0.785]
    - positions: [-0.07052504589590258, -0.6591821138676255, 2.177402201201999, -2.821333836917439, -1.491884701914806, 2.852567863734439, 2.173584997262387]
      time_from_start: 0
    - time_from_start: 0
      positions: [-1.097382023045462, -1.252728353118349, 2.155272096868127, -1.606638603590978, -2.496819539153096, 2.49513299148906, 1.261317003303382]
  joint_names: [panda_joint1, panda_joint2, panda_joint3, panda_joint4, panda_joint5, panda_joint6, panda_joint7]