joint_trajectory:
  joint_names: [panda_joint1, panda_joint2, panda_joint3, panda_joint4, panda_joint5, panda_joint6, panda_joint7]
  points:
    - positions: [0, -0.785, 0, -2.356, 0, 1.571, 0.785]
      time_from_start: 0
    - positions: [-0.7558848358542944, -0.5690547062527709, -0.7639018354746842, -1.660962034212498, 1.263884133555957, 2.188662233499362, 1.139702517540687]
      time_from_start: 0
    - time_from_start: 0
      positions: [2.698065844293076, 0.7184236387931124, -1.875532856366152, -2.417445735683395, 1.450298875961928, 3.393539050167665, 1.867553290218331]
    - time_from_start: 0
      positions: [2.130225869882556, 1.464855863754332, -1.705925251181405, -2.078123884127913, 2.897175582207513, 2.570018140609882, 2.473442152032195]