joint_trajectory:
  joint_names: [panda_joint1, panda_joint2, panda_joint3, panda_joint4, panda_joint5, panda_joint6, panda_joint7]
  points:
    - time_from_start: 0
      positions: [-1.043048571289998, 1.7628, 1.061514082667275, -1.639897708990045, 2.566636657703372, 2.108258437523818, -0.2130187530698233]
    - time_from_start: 0
      positions: [-1.776621983023227, 1.038049604210599, 0.1909769924795107, -1.426821328202672, 1.489849003758035, 0.8565167500969062, 1.939574464973041]
    - positions: [-2.390052043440463, -1.37602480062644, 1.628599870801376, -1.235843554780503, 2.892413132854904, 2.90477844129473, 2.402175391188211]
      time_from_start: 0