joint_trajectory:
  joint_names: [panda_joint1, panda_joint2, panda_joint3, panda_joint4, panda_joint5, panda_joint6, panda_joint7]
  points:
    - time_from_start: 0
      positions: [2.137633914213135, -1.641756633548923, -2.343675563220585, -1.172360708287675, 2.634932765874932, 2.23285937444433, 0.234316505851879]
    - positions: [2.096795572457564, -1.643466643268598, -2.34947020587723, -1.242794230276411, 2.419768793539715, 2.249624340435088, 0.3434604161406618]
      time_from_start: 0
    - positions: [0.8633789200295446, -1.188792073539786, -2.607712553394952, -1.098803958733032, 0.2988241232159583, 1.259161807367987, 1.22978028237954]
      time_from_start: 0
    - positions: [-0.3642155966063669, 1.426438818259459, -1.898782064225361, -0.04277618327782672, -1.791996074736754, 3.328456016727361, 1.319386206654912]
      time_from_start: 0