joint_trajectory:
  joint_names: [panda_joint1, panda_joint2, panda_joint3, panda_joint4, panda_joint5, panda_joint6, panda_joint7]
  points:
    - positions: [0.4798445819411413, 1.678674808441222, 0.9417336586704987, -1.506492237526957, 2.534760120397179, 2.168761847665591, 0.01285898366793553]
      time_from_start: 0
    - positions: [-1.997471828422068, 0.2993814760260001, -2.413528963787072, -1.939525009048859, 0.5064199919355363, 1.772713846893475, 0.9874457216240159]
      time_from_start: 0
    - positions: [-2.004643471639607, -0.3043041324039039, -2.741157515660365, -1.533109262438669, -1.455788996280719, 2.343130757155055, 0.6508944341855702]
      time_from_start: 0
    - positions: [-1.988930657828046, -0.7243721209560418, -2.890791902691356, -1.217406098222575, -2.894926275383747, 2.759492880846989, 0.3928985625170709]
      time_from_start: 0