joint_trajectory:
  points:
    - positions: [1.647755901403103, -1.495590297772454, -2.433521303759036, -1.217544630692629, 2.70600099837131, 2.273303382499083, 0.3219653381123165]
      time_from_start: 0
    - time_from_start: 0
      positions: [0.1530495532231912, -1.361843295225937, -1.868203718954464, -1.887122071860599, 1.926961253356787, 2.77618852398281, -0.4012010746115318]
    - positions: [-0.7675738341444538, 1.249415653219414, -0.6770193904814794, -0.4179737236091648, 2.544685830828133, 3.103848302705297, 2.021772902107405]
      time_from_start: 0
  joint_names: [panda_joint1, panda_joint2, panda_joint3, panda_joint4, panda_joint5, panda_joint6, panda_joint7]