joint_trajectory:
  points:
    - time_from_start: 0
      positions: [1.468052983981145, -1.731986866318176, -2.29325170598999, -1.14696513154969, 2.645872238076287, 2.177234319172349, 0.1508884397252421]
    - positions: [0.4298123004249286, -1.685495988901516, -2.129098764489001, -0.5367055792539744, 2.271129281836858, 2.418238248789145, 0.6892138242415119]
      time_from_start: 0
    - time_from_start: 0
      positions: [-1.076653021983469, 0.5075452721204485, 0.01848493481914566, -1.61509500076255, -2.362557431680611, 2.328638825070842, 0.6726381159410937]
    - time_from_start: 0
      positions: [-0.9084870308224706, 0.6824459763799865, -0.2779309602260173, -1.38393445602215, -2.8973, 2.672182189072215, 0.741670925150565]
  joint_names: [panda_joint1, panda_joint2, panda_joint3, panda_joint4, panda_joint5, panda_joint6, panda_joint7]