joint_trajectory:
  joint_names: [panda_joint1, panda_joint2, panda_joint3, panda_joint4, panda_joint5, panda_joint6, panda_joint7]
  points:
    - time_from_start: 0
      positions: [2.318634846989977, -1.7628, -2.037270368943767, -1.383031579109166, 2.578126396034609, 2.251883626582158, -0.1360624982143539]
    - time_from_start: 0
      positions: [0.8952903497506958, -1.62647908953062, -2.084571048365435, -1.713618708507824, 1.587894205344915, 1.534112075272513, 0.03821884482766491]
    - time_from_start: 0
      positions: [0.1875747473238198, 0.5381993886257633, -0.05586769901993038, -1.237693393303379, -1.94806619395956, 2.035830801534366, -0.1553709260602095]
    - positions: [-0.5317429603768826, 0.7810222957613315, 0.7514389171725969, -1.269198413737578, -2.746063769511446, 2.691791462139884, -0.08390544415580969]
      time_from_start: 0