joint_trajectory:
  points:
    - time_from_start: 0
      positions: [0.5300253932612335, 1.7628, 0.9638766954908691, -1.145571783605943, 2.653789507840168, 2.196265330374732, 0.03229365843364988]
    - positions: [-0.2184467512295819, 1.290740298058908, 0.3227875096445203, -1.105622135205993, 2.509868070587999, 1.920619746899079, -0.112155959788382]
      time_from_start: 0
    - time_from_start: 0
      positions: [-0.5099616861955485, 1.060479938278127, 0.3667914140861631, -1.049426272511113, 2.21085858480731, 1.903041487254772, -0.09439204218321082]
    - positions: [-1.52544922716331, -0.8450966285900073, 2.398595387708747, -1.223087413697779, -2.811556233059559, 2.83715185156255, 1.004778767787028]
      time_from_start: 0
  joint_names: [panda_joint1, panda_joint2, panda_joint3, panda_joint4, panda_joint5, panda_joint6, panda_joint7]