joint_trajectory:
  joint_names: [panda_joint1, panda_joint2, panda_joint3, panda_joint4, panda_joint5, panda_joint6, panda_joint7]
  points:
    - positions: [1.80078894031204, -1.7628, -2.069594745452414, -1.38076099016273, 2.565605770126419, 2.233778668447695, -0.1035983800379114]
      time_from_start: 0
    - positions: [0.7586975490725929, -1.260049122157044, -2.263081169515861, -1.345958497914119, 0.6829090970533611, 2.628725186612527, 0.412322065495927]
      time_from_start: 0
    - positions: [-1.814543062204821, -1.115804873249866, 2.67141687545157, -2.48174902092712, -0.653044153072126, 2.869491082835011, 2.405958635909483]
      time_from_start: 0
    - positions: [2.792858493871991, -0.6074371180726467, 2.8973, -1.332536864816372, -2.810802608717811, 2.785471223862222, 0.6135886606208699]
      time_from_start: 0