joint_trajectory:
  joint_names: [panda_joint1, panda_joint2, panda_joint3, panda_joint4, panda_joint5, panda_joint6, panda_joint7]
  points:
    - time_from_start: 0
      positions: [-2.582659896283549, -1.7628, 2.047456984134846, -1.094378710770133, -2.048540536701561, 2.591796012611399, 1.1630047921291]
    - time_from_start: 0
      positions: [-1.311174156206359, -1.566538242505139, 1.514564164481204, -1.097391518536647, -1.269421980356953, 2.508557176027229, 0.9640869915156056]
    - time_from_start: 0
      positions: [-2.182789347601635, 0.3416179510412736, 0.5821939797457309, -0.7931880066062789, 2.781207560520992, 2.198133747989778, -0.4583822742428163]
    - time_from_start: 0
      positions: [-2.731833858578615, -0.9918832328753511, 2.163187700702126, -1.040319170045287, -2.705887981934218, 3.006926132769971, 1.124900525319503]