joint_trajectory:
  joint_names: [panda_joint1, panda_joint2, panda_joint3, panda_joint4, panda_joint5, panda_joint6, panda_joint7]
  points:
    - positions: [0.6047691093072356, 1.702913076216233, 0.738053788136489, -1.009575094434392, 2.58247424167207, 2.275570580645925, 0.3573104582201878]
      time_from_start: 0
    - time_from_start: 0
      positions: [-1.479416106442083, 0.7994180038288237, -0.1172590612164699, -1.819430180708878, -2.189109945735196, 2.682189821877982, -1.368052933046874]
    - positions: [-1.719441248439128, -1.762373969717707, 1.091215047105217, -0.9657560638445113, -0.009018981183687307, 3.699343621590156, -0.2648538803347685]
      time_from_start: 0