joint_trajectory:
  points:
    - positions: [-2.451393024473368, -1.7628, -2.296144841225738, -0.983273222534944, 2.665244105407136, 2.245805731008983, 0.1914649612853757]
      time_from_start: 0
    - positions: [-1.57419731033233, -1.436321565095521, -2.226822600798432, -1.807551142205114, 2.130452903336546, 2.090190673092492, 0.295780076436139]
      time_from_start: 0
    - positions: [-1.428903735639366, -1.721746551372927, 1.299601771281469, -1.297911116817297, -0.09698743307841806, 3.750893619975983, -0.3973040007112283]
      time_from_start: 0
  joint_names: [panda_joint1, panda_joint2, panda_joint3, panda_joint4, panda_joint5, panda_joint6, panda_joint7]