joint_trajectory:
  joint_names: [panda_joint1, panda_joint2, panda_joint3, panda_joint4, panda_joint5, panda_joint6, panda_joint7]
  points:
    - positions: [-2.046322742094398, -1.717367121078065, -2.127246619113958, -1.080919577761808, 2.661864730362066, 2.320360175147585, 0.02384662259563773]
      time_from_start: 0
    - positions: [-0.874825798032851, -1.742924703228321, -2.350356509742117, -1.187927718757664, 2.227269686368517, 1.837864049164208, -0.04491779944347796]
      time_from_start: 0
    - positions: [0.6846808214830236, 0.3045706189993771, 2.031908281154837, -0.8108240849876776, 0.2266728772030677, 1.090730418055318, 1.152136309018732]
      time_from_start: 0
    - positions: [1.413538385197571, 1.09254611255586, 0.4313310279381378, -0.596218558520879, -2.544192089158835, 3.012605181092012, -0.187917210058695]
      time_from_start: 0