joint_trajectory:
  points:
    - positions: [-0.4902817145716399, 1.7628, 0.8528159182469461, -1.035577479114786, 2.596230940226895, 2.246650387799474, 0.2067995101065394]
      time_from_start: 0
    - time_from_start: 0
      positions: [-0.7600589655061287, 1.591835850021365, 0.1701499285220068, -0.9478800256720387, 1.51472754719089, 2.188734549590181, 0.1015985182858081]
    - positions: [-1.220080291510631, 1.141702478356684, -0.4688447099248071, -0.8345883578989624, -0.01006938832590534, 2.170121516559843, -0.04662281401762494]
      time_from_start: 0
    - positions: [-2.8973, -0.9470443673313933, 2.780726447514405, -0.954487558475609, -2.83169105547968, 2.85891137545905, 0.7774554416003353]
      time_from_start: 0
  joint_names: [panda_joint1, panda_joint2, panda_joint3, panda_joint4, panda_joint5, panda_joint6, panda_joint7]