joint_trajectory:
  joint_names: [panda_joint1, panda_joint2, panda_joint3, panda_joint4, panda_joint5, panda_joint6, panda_joint7]
  points:
    - time_from_start: 0
      positions: [-2.138089297722257, 1.702199099456054, 1.034293880417898, -1.333540406232165, 2.611056737246134, 2.247655863916034, -0.04710198884731652]
    - time_from_start: 0
      positions: [-0.8026188994420574, 1.364612415126174, 0.5202194602138251, -1.03829622130137, 0.9210100299403787, 2.20074500144196, -0.1005252863772295]
    - positions: [1.590314139885098, -0.6676452118190391, -2.8973, -1.238600005249776, -2.725284761268681, 2.766610205603337, 0.2438651575826574]
      time_from_start: 0