joint_trajectory:
  points:
    - time_from_start: 0
      positions: [0.2785743511480962, 1.576618257824514, -0.8188977670231492, -1.113652119326296, -2.43023022663314, 2.421369080657373, 1.154465202265224]
    - positions: [0.9088762973495657, 0.6890381496561113, -0.2645493376180653, -1.625084013443029, -1.025305392837521, 2.199716192692803, 0.2688643887886693]
      time_from_start: 0
    - positions: [2.206877459133721, -0.4317004467416105, -2.184604638458682, -1.189999120144222, -2.164811763700253, 2.580233449051899, 0.1017310215560705]
      time_from_start: 0
    - time_from_start: 0
      positions: [2.702532054917442, -0.8228287400659647, -2.8973, -1.003640636112919, -2.692150634186373, 2.85272345638175, 0.1745599199812962]
  joint_names: [panda_joint1, panda_joint2, panda_joint3, panda_joint4, panda_joint5, panda_joint6, panda_joint7]