joint_trajectory:
  points:
    - time_from_start: 0
      positions: [2.225646694368319, -1.7628, -2.075147460865594, -1.640838364955867, 2.603058229123556, 2.062571279123269, -0.2345309073230163]
    - time_from_start: 0
      positions: [1.018677626032771, -1.332322327423498, -2.046929379066817, -1.461631771817508, 0.8600593505108318, 2.392306827370052, -0.606941179663119]
    - positions: [0.4791086631195806, 0.3146020264437763, -0.8246256498996241, -1.203681091430514, -2.119199597005411, 2.727957801574806, 0.2629387755037964]
      time_from_start: 0
    - positions: [0.6010197196962289, 0.6465814885689205, -0.8007371484413502, -1.431872011891111, -2.8973, 2.822398622858278, 1.005610617352792]
      time_from_start: 0
  joint_names: [panda_joint1, panda_joint2, panda_joint3, panda_joint4, panda_joint5, panda_joint6, panda_joint7]