joint_trajectory:
  joint_names: [right_s0, right_s1, right_e0, right_e1, right_w0, right_w1, right_w2]
  points:
    - time_from_start: 0
      positions: [0.00115049, 0.0145728, 0.00230097, 1.41586, -0.00115049, 0.253107, -0.18868]
    - positions: [-0.4588574244179959, -0.1485107145402578, 0.2907850826574894, 0.3936056278068572, -1.204027616574429, 1.688951311347825, 0.7059420043523423]
      time_from_start: 0
    - positions: [1.189305686533212, 0.2866296081425359, -1.635163428784711, 0.7588594340055752, -1.245690974287642, -0.2809149932370645, 3.059]
      time_from_start: 0