joint_trajectory:
  joint_names: [right_s0, right_s1, right_e0, right_e1, right_w0, right_w1, right_w2]
  points:
    - positions: [0.00115049, 0.0145728, 0.00230097, 1.41586, -0.00115049, 0.253107, -0.18868]
      time_from_start: 0
    - time_from_start: 0
      positions: [1.051398844330144, 0.02758820813754603, 2.673683732170244, 1.644572226964868, -2.808016524584033, -0.01928384686622597, -1.696638930337504]
    - time_from_start: 0
      positions: [0.9415899504052003, -0.1426436438163166, -0.6212084035959728, 0.7715049018545677, -2.527583876618025, 0.03966792204866482, -3.057629490326878]