joint_trajectory:
  points:
    - time_from_start: 0
      positions: [0.00115049, 0.0145728, 0.00230097, 1.41586, -0.00115049, 0.253107, -0.18868]
    - time_from_start: 0
      positions: [0.5599654353750898, 0.7838376313699409, 1.271121376673375, 0.6549509645700453, -2.729544842319097, 1.074416440026921, -0.2952425397657787]
    - time_from_start: 0
      positions: [0.7145229482414717, 0.8874403026681397, 1.93880590114814, 1.168859115910716, -1.054291121469345, 1.869281538998862, -2.689174245990813]
    - positions: [0.5262693932901932, -0.1483680167478042, 0.6367651926985483, 0.5493624543115782, 1.329815713175599, -0.44979974524399, -1.830408784210292]
      time_from_start: 0
  joint_names: [right_s0, right_s1, right_e0, right_e1, right_w0, right_w1, right_w2]