joint_trajectory:
  points:
    - positions: [0.00115049, 0.0145728, 0.00230097, 1.41586, -0.00115049, 0.253107, -0.18868]
      time_from_start: 0
    - time_from_start: 0
      positions: [-0.1539723634775878, -1.210975622124504, 0.938924155920867, 1.319584174619056, 1.830984868876636, 1.912473982439151, -1.521354555279482]
    - positions: [0.8932343868953966, 0.7173468839037592, -2.349894975949944, 0.8394867189190679, -0.4935601495223416, -0.4000165920982833, 3.058999969004935]
      time_from_start: 0
  joint_names: [right_s0, right_s1, right_e0, right_e1, right_w0, right_w1, right_w2]