joint_trajectory:
  joint_names: [right_s0, right_s1, right_e0, right_e1, right_w0, right_w1, right_w2]
  points:
    - time_from_start: 0
      positions: [0.00115049, 0.0145728, 0.00230097, 1.41586, -0.00115049, 0.253107, -0.18868]
    - time_from_start: 0
      positions: [-1.009989838300065, 0.03345817264821394, -1.881757909529739, 1.799542533375323, -0.9827042273073459, 1.703133383313158, -1.645580197789706]
    - time_from_start: 0
      positions: [1.118259145310881, -0.1955666311914633, -0.7711254020143185, 0.8589666834524157, 2.809410057119065, -0.04706452999509313, -1.931663238976244]