joint_trajectory:
  joint_names: [right_s0, right_s1, right_e0, right_e1, right_w0, right_w1, right_w2]
  points:
    - time_from_start: 0
      positions: [0.00115049, 0.0145728, 0.00230097, 1.41586, -0.00115049, 0.253107, -0.18868]
    - time_from_start: 0
      positions: [-1.081039267969091, 0.7338167251925918, 2.054628798426422, 0.9167408879389984, -0.0163654854511841, -1.182678718224964, 1.559319190971554]
    - positions: [0.8148422298556944, 0.3656731369429447, 2.182755735089893, 0.2432314731431545, -3.051512496714349, 0.3375837709451391, 0.908020438596864]
      time_from_start: 0