joint_trajectory:
  points:
    - time_from_start: 0
      positions: [0.00115049, 0.0145728, 0.00230097, 1.41586, -0.00115049, 0.253107, -0.18868]
    - positions: [-0.6122464841041184, 0.1389674568447008, 1.291064373880599, 2.057716533012035, -2.746074310216568, -0.1739145601093133, 1.40565519250167]
      time_from_start: 0
    - time_from_start: 0
      positions: [0.385270116113294, 0.3052104168917529, 1.863226301027127, 0.7085644570281616, -3.008625957687961, 0.6408358998642235, 1.136935914512009]
    - positions: [0.3376737882482115, 0.3883902563649603, 1.887257528947459, 0.6862365438576327, -3.057363439469754, 0.6570414184930696, 1.162236010926463]
      time_from_start: 0
  joint_names: [right_s0, right_s1, right_e0, right_e1, right_w0, right_w1, right_w2]