joint_trajectory:
  joint_names: [kuka_arm_0_joint, kuka_arm_1_joint, kuka_arm_2_joint, kuka_arm_3_joint, kuka_arm_4_joint, kuka_arm_5_joint, kuka_arm_6_joint, WRJ2, WRJ1, FFJ4, FFJ3, FFJ2, FFJ1, KTHJ5, THJ4, THJ3, THJ2, THJ1, LFJ5, LFJ4, LFJ3, LFJ2, LFJ1, MFJ4, MFJ3, MFJ2, MFJ1, RFJ4, RFJ3, RFJ2, RFJ1]
  points:
    - positions: [0, 0, 0, 0, 0, 0, 0, 0, 0, 0, 0, 0, 0, 0, 0, 0, 0, 0, 0, 0, 0, 0, 0, 0, 0, 0, 0, 0, 0, 0, 0]
      time_from_start: 0
    - time_from_start: 0
      positions: [-1.241463057739135, -0.5746238031075184, 0.3984365138501721, 0.8809894636490825, 0.6140219240022785, 0.4354275397689383, 0.2767747528049933, -0.02125098542642829, -0.409240965509311, -0.04893430762453232, 0.5672379655646611, 0.3845167751138963, 0.7507357762063508, -0.2643745901562249, 0.6924270512300502, -0.02880092777773355, 0.1064328134041904, 0.4304752356234933, 0.2316015947324167, -0.1608945439646267, 0.708663671100227, 0.5718661335152126, 0.4710010911430359, 0.07448723976549361, 0.5621938456444591, 0.3848750214967602, 0.1447882766581133, -0.1392405049322598, 0.5536111547759599, 0.6468914395431475, 0.4566769046016782]
    - positions: [-1.12908764275033, -0.8445267388858929, -1.456287978162056, 1.839883177609992, -2.937397541841508, -0.5434159210198019, 1.125657080755241, -0.4522778226025849, -0.4206295661974186, 0.3031068592173288, 1.103842121531639, 0.9500479258551248, 0.8534694305620113, -1.012296124834567, 0.6798660865803249, 0.1197769500614144, -0.02053052905038932, 0.7318651391512249, 0.6226470535953781, -0.3420140099642635, 0.6119768242263816, 0.7557802684794571, 1.477152137951091, 0.2992611714607435, 1.501041617249433, 0.5703537737051004, 0.5408717729072354, -0.2421998544881703, 1.439927022941463, 0.9374599191827304, 1.168382657858121]
      time_from_start: 0
    - positions: [-0.7156637578747373, -1.570429797619858, 0.8834765135092431, 1.089833326783397, -0.6472282580360379, 0.4271476145310126, 0.9631290637031422, -0.04111088160928398, -0.7853981633974483, 0.2724466447444279, 0.03242643860970294, 0.5236098542872645, 0.03083505394646797, -0.5099377379870187, 0.3210068686645897, -0.05063853037983265, 0.3657432712266408, 0.7362559967005134, 0.00688914636500982, -0.2489593231010847, 0.3139295881380964, 0.1496382684164212, 0.1126569872824327, 0.2392980234693301, 0.03657731996223933, 0.3583136274001606, 0.1999682407137479, -0.2637958491986964, 0.2801509214586801, 0.3051512262433205, 3.07589989366375e-17]
      time_from_start: 0