joint_trajectory:
  points:
    - positions: [0, 0, 0, 0, 0, 0, 0, 0, 0, 0, 0, 0, 0, 0, 0, 0, 0, 0, 0, 0, 0, 0, 0, 0, 0, 0, 0, 0, 0, 0, 0]
      time_from_start: 0
    - time_from_start: 0
      positions: [0.7053966708810654, 0.5230447839279, -2.028224977599557, 1.303004159015654, 0.5036682864184185, -0.2795598913467475, -1.148609030355301, -0.09649221107360209, -0.2122141886617151, 0.01469033651389938, 0.8698851162348291, 0.6271229413867158, 0.7334750286945078, -0.4534900303528641, 0.4750358878802764, 0.04507564874763416, -0.1693956650504399, 1.139977547229293, 0.2657518680962524, -0.2841365488923139, 0.820633829474134, 0.8438554186283337, 1.204619129035453, -0.04822069319646226, 1.078561562485048, 0.7383344421318163, 1.009221035075328, 0.2111748849573881, 0.4329613396780915, 0.5021034780255986, 0.7857905529371692]
    - positions: [1.337816335644869, 1.223437840599403, -2.224798176027863, 1.797730479512311, 1.35130662981743, -0.6593971550559614, -0.8528283309331984, -0.0839679413516385, -0.4128513502982855, 0.1133131181042087, 0.845135822964009, 0.6598275100430312, 0.8951501132465574, -0.3585845037320564, 0.3361399918544518, 0.1543037370145532, -0.225607021615975, 1.082955618267174, 0.2083700509561, -0.3474188693547524, 1.277474971895478, 0.5050357663600487, 1.352005184364044, -0.01060382442718572, 0.9506117625469601, 1.171169353612498, 0.9626409143875407, 0.1194959585674946, 0.1845945258672217, 0.6644982268462742, 0.8768459267797654]
      time_from_start: 0
    - time_from_start: 0
      positions: [2.46548352480816, 1.569763993742815, -2.422375262405719, 0.9360666064883123, 1.883229982428519, -0.5400425484514046, -1.184247272082032, -0.4763417881057534, -0.772432153066306, -0.1763505893232469, 0.05701362278896369, 0.2487820747147219, 0.2736595021445325, -0.3668950934997564, 0.2829473859600647, 0.1679731610909636, -0.1220304098156185, 0.8401535241560762, 1.309737543391814e-16, 0.1680315728228816, 0.03160817483789875, 0.06030174239088604, 0.4921507295032394, -0.1522812346132563, 0.005188783823554711, 0.4740351339670213, 0.1269142400705586, 0.1538568851659141, 0.2730533158573365, 0.1395223489088301, 0.1888009386235624]
  joint_names: [kuka_arm_0_joint, kuka_arm_1_joint, kuka_arm_2_joint, kuka_arm_3_joint, kuka_arm_4_joint, kuka_arm_5_joint, kuka_arm_6_joint, WRJ2, WRJ1, FFJ4, FFJ3, FFJ2, FFJ1, KTHJ5, THJ4, THJ3, THJ2, THJ1, LFJ5, LFJ4, LFJ3, LFJ2, LFJ1, MFJ4, MFJ3, MFJ2, MFJ1, RFJ4, RFJ3, RFJ2, RFJ1]