joint_trajectory:
  joint_names: [kuka_arm_0_joint, kuka_arm_1_joint, kuka_arm_2_joint, kuka_arm_3_joint, kuka_arm_4_joint, kuka_arm_5_joint, kuka_arm_6_joint, WRJ2, WRJ1, FFJ4, FFJ3, FFJ2, FFJ1, KTHJ5, THJ4, THJ3, THJ2, THJ1, LFJ5, LFJ4, LFJ3, LFJ2, LFJ1, MFJ4, MFJ3, MFJ2, MFJ1, RFJ4, RFJ3, RFJ2, RFJ1]
  points:
    - positions: [0, 0, 0, 0, 0, 0, 0, 0, 0, 0, 0, 0, 0, 0, 0, 0, 0, 0, 0, 0, 0, 0, 0, 0, 0, 0, 0, 0, 0, 0, 0]
      time_from_start: 0
    - positions: [1.401983504668772, 0.933277721441121, -2.57248820199292, 1.527151060484821, -2.500737573834561, 1.209518466631472, 2.246057552938391, -0.2794682403828012, 0.01809929096804318, -0.0652347325049852, 0.5229638080457286, 1.090254965741791, 1.348814515524085, 0.2583069479752018, 0.8445373225490036, -0.09702207391896098, -0.001337347932567536, 0.6503735466097038, 0.3702019320400256, -0.1900040881858289, 0.3824135961045132, 1.132718519375268, 1.098201083122925, 0.01126398376969534, 0.7732513649938145, 1.06497750395384, 0.5193813758209168, -0.1207747795014844, 0.07898496882793468, 1.206150863502061, 0.232130724676912]
      time_from_start: 0
    - time_from_start: 0
      positions: [1.811317900455427, 1.247617035131837, -2.212139315240533, 1.685066433885432, -1.896057706282773, 0.7728830706608032, 1.871994169894587, -0.1618202967385944, -0.007191483171763144, -0.06219577574498091, 0.2424174566785348, 0.8269612987683185, 1.069140314875783, -0.1599299033036584, 0.7258402246504256, -0.1019681049554867, 0.1681588717545903, 1.128202539742716, 0.3365641309608092, 0.1496878051687079, 0.7740309413163931, 0.9079695273005133, 0.5274734586298581, 0.2795203599447419, 0.8952558798693954, 0.5792390066457106, 0.7557121211935973, -0.3010104126698793, 0.1756429407655367, 0.8500495723651815, 0.07017875816118532]
    - time_from_start: 0
      positions: [2.338519114987676, 1.569326597885742, -2.395506041533968, 0.9277458944854743, -1.110120753909704, 0.469067208506958, 1.550844863890363, -0.1050782966878279, -0.7729319245344297, 0.2162525513352598, 0.1338607504521104, 0.3616841377225559, 0.1297748105440903, -0.5681047814449016, 0.3608293547533094, -0.05238470707586837, 0.1115617368020326, 0.9847236558125003, 0.0148874153916142, -0.1875096858251631, 0.1589111018715876, 0.3175440653023884, 0.1497672291191377, 0.2303671241079729, 0.241159978894657, 0.2031478718096086, 0.2007226374027669, -0.2043557371682918, 0.1575879805521432, 0.4532421563556575, 0.01565044154384929]