joint_trajectory:
  points:
    - time_from_start: 0
      positions: [-0.00345146, 0.0118884, 0.00421845, 1.39861, 0.0145728, 0.238918, 0.0007669899999999999, 0.00115049, 0.0145728, 0.00230097, 1.41586, -0.00115049, 0.253107, -0.18868]
    - time_from_start: 0
      positions: [0.3841470348559701, -0.724013874012511, -0.6256627787997679, 2.389519760514609, 2.56945567082474, 1.081362947543723, 0.6540690616527574, 0.3409127395379783, -1.398417741794605, 0.2029512305655454, 2.132544137862511, 0.9806147598447277, 0.1806656875212185, -0.1635513647980988]
    - positions: [-0.03970085581353788, -1.001776007339358, 1.163703467388334, 2.549388721809722, -2.928861277572811, 1.807759371780742, 0.9863796648043213, -1.245943356533543, 0.770219331969507, 0.4599201214059589, 0.6667845950322224, -2.355654457582626, -1.437737095176114, -0.7516127050346695]
      time_from_start: 0
    - positions: [-1.318533002126672, -0.481001407003901, 0.2711815307149053, 1.416259607776621, 2.619867909498397, 0.8782642827636249, -3.059, 1.131356646779446, 0.4670094881619027, -0.1923709054016978, 0.2321379207266711, 0.6500476600199426, -0.7448443178440002, -0.3186809117095266]
      time_from_start: 0
  joint_names: [left_s0, left_s1, left_e0, left_e1, left_w0, left_w1, left_w2, right_s0, right_s1, right_e0, right_e1, right_w0, right_w1, right_w2]