joint_trajectory:
  joint_names: [left_s0, left_s1, left_e0, left_e1, left_w0, left_w1, left_w2, right_s0, right_s1, right_e0, right_e1, right_w0, right_w1, right_w2]
  points:
    - time_from_start: 0
      positions: [-0.00345146, 0.0118884, 0.00421845, 1.39861, 0.0145728, 0.238918, 0.0007669899999999999, 0.00115049, 0.0145728, 0.00230097, 1.41586, -0.00115049, 0.253107, -0.18868]
    - positions: [-0.1428453284210007, 0.2985271432627927, 1.20359914488632, 0.4245975499516352, 0.8103643348840999, 0.2792250829575049, 1.070132175659295, -0.65603259139561, 0.9454100540964867, 0.8120889126707245, 0.02368359293323009, -0.07098748371144747, -1.391694881852913, 1.895031336859335]
      time_from_start: 0
    - positions: [-0.8590165663057047, -0.1551251578982449, -2.345473529058022, 0.6010806929748939, 3.059, 0.7725275983335207, -0.7162539636011273, 0.7244175483393106, 0.07420249559458966, 1.688366435082232, 0.9132144196274532, 3.056043516806144, 0.8514316343775546, 1.501201629874462]
      time_from_start: 0