joint_trajectory:
  joint_names: [left_s0, left_s1, left_e0, left_e1, left_w0, left_w1, left_w2, right_s0, right_s1, right_e0, right_e1, right_w0, right_w1, right_w2]
  points:
    - time_from_start: 0
      positions: [-0.00345146, 0.0118884, 0.00421845, 1.39861, 0.0145728, 0.238918, 0.0007669899999999999, 0.00115049, 0.0145728, 0.00230097, 1.41586, -0.00115049, 0.253107, -0.18868]
    - positions: [-0.2078095003311453, -0.2261930173165163, 2.071625429961169, 0.6391278641400857, 1.695179564694874, -0.174769853044451, 0.8710512032927946, -0.9606571003719221, 0.829982819940895, 0.6167687940307096, 1.533491921951994, 2.328326879899484, -0.5144955353504299, -0.07139729027170683]
      time_from_start: 0
    - positions: [-0.5013462625561027, -0.1950136784547938, -0.5437286275532216, 0.4757172260768711, 0.9072035767231137, 1.703033363902944, -2.951323288899847, 1.193184975700026, -0.435806607400067, -0.1508584422100108, 0.4982081391401589, -2.330694636575412, 1.692735742814629, -2.689984875055496]
      time_from_start: 0
    - time_from_start: 0
      positions: [-1.278495264251525, -0.3657435317232735, 0.8174686251159071, 1.459956794923788, -0.136167624286689, -0.8661244484149034, -0.6601674499804506, 1.023407431552059, 0.1367144387067937, 2.332713940517537, 0.8535209570315798, 2.808081194660917, 0.9649381930170288, 1.021499390319197]