joint_trajectory:
  points:
    - time_from_start: 0
      positions: [-0.00345146, 0.0118884, 0.00421845, 1.39861, 0.0145728, 0.238918, 0.0007669899999999999, 0.00115049, 0.0145728, 0.00230097, 1.41586, -0.00115049, 0.253107, -0.18868]
    - positions: [-0.1564300874256308, -0.9789908492146058, -1.379185050468696, -0.01127800054289401, -0.1829941991926169, 1.659297982938889, 1.231541734138969, 0.5781414529404403, -0.9962696045991031, -2.464604771602124, 2.338987914179452, -2.253728369827382, 0.7913954985532836, 0.06158692778786623]
      time_from_start: 0
    - time_from_start: 0
      positions: [-0.4917500897581578, 0.005280068021647452, -1.324173780743657, 1.325785705053359, -3.058983415458589, 1.039106627214229, -1.838670738176818, 0.3270055952039899, 0.3977578611180446, 1.037022487132554, 0.875698732519104, -0.8013791625206556, -0.8110918581914995, -0.5914730041649191]
  joint_names: [left_s0, left_s1, left_e0, left_e1, left_w0, left_w1, left_w2, right_s0, right_s1, right_e0, right_e1, right_w0, right_w1, right_w2]