joint_trajectory:
  joint_names: [left_s0, left_s1, left_e0, left_e1, left_w0, left_w1, left_w2, right_s0, right_s1, right_e0, right_e1, right_w0, right_w1, right_w2]
  points:
    - time_from_start: 0
      positions: [-0.00345146, 0.0118884, 0.00421845, 1.39861, 0.0145728, 0.238918, 0.0007669899999999999, 0.00115049, 0.0145728, 0.00230097, 1.41586, -0.00115049, 0.253107, -0.18868]
    - time_from_start: 0
      positions: [0.7301406323863913, -0.4724894747519863, 2.267233541118128, 2.161426546727307, 2.003471162807196, 2.075566442664268, 1.111652226876467, 0.624588397851281, -0.2943149895495734, 1.618500093602092, 1.039124809841625, 0.8708783310847359, 1.70010928469572, 1.258021604118869]
    - time_from_start: 0
      positions: [-1.375439924288707, -0.5302571181177097, 0.4701905232087096, 1.480375611167654, -0.4367353375275962, -0.8094664158210562, -0.1140923203550453, 0.3344053168738171, -1.12483682449372, 0.4511713516712825, 0.7770563673902836, -3.059, -0.3844591834971879, 2.870369404061298]