joint_trajectory:
  joint_names: [left_s0, left_s1, left_e0, left_e1, left_w0, left_w1, left_w2, right_s0, right_s1, right_e0, right_e1, right_w0, right_w1, right_w2]
  points:
    - time_from_start: 0
      positions: [-0.00345146, 0.0118884, 0.00421845, 1.39861, 0.0145728, 0.238918, 0.0007669899999999999, 0.00115049, 0.0145728, 0.00230097, 1.41586, -0.00115049, 0.253107, -0.18868]
    - time_from_start: 0
      positions: [0.623037955540199, 0.203442794275936, 1.568995932675199, 0.9596888135373591, 2.323501808031928, -1.228448560445973, -0.4794477988015862, 0.4573752217749667, 0.6515546236075465, -2.521458352342798, 2.04714286930114, 0.7922565921535716, -0.4132951643258032, -1.365290702323895]
    - positions: [-0.2350026312608315, -1.32972702946933, 0.3263993006063592, 1.169246505006216, 0.8040946889445184, 0.3220531652209011, -1.063678018266335, -0.1067499545386232, -0.5698454019371417, 0.4062712794556083, 2.313062581870705, 0.4648765377020463, -1.535548957769626, 0.996853199322242]
      time_from_start: 0
    - time_from_start: 0
      positions: [-1.051897437361359, 0.5292204888278565, -3.05417993878, 1.515886581693426, -2.792110593510143, 1.042543480774702, -0.2642469136745547, 1.102709042831684, 0.4526934307922421, 0.9362467180218121, 0.2730252892213492, -0.1975627326810652, -0.8078790287844227, -0.6801348491251484]