joint_trajectory:
  points:
    - positions: [-0.00345146, 0.0118884, 0.00421845, 1.39861, 0.0145728, 0.238918, 0.0007669899999999999, 0.00115049, 0.0145728, 0.00230097, 1.41586, -0.00115049, 0.253107, -0.18868]
      time_from_start: 0
    - positions: [1.693419988023937, -0.2081565962308085, -2.700603113620491, 2.143912459990941, 1.890442820438184, 0.5613038139066262, -3.007720517790411, 0.5851622994726422, 0.4341738334400582, 1.438330094267095, 1.876237540406175, -1.597164710646961, 1.330196879505749, -1.037090167257003]
      time_from_start: 0
    - positions: [-0.6620872990781138, 0.9317772886885511, -1.723680641606422, 0.4953809259066338, 1.488604425508462, -0.8722871318079093, 0.5317196520644991, 1.261731502553904, 0.8893636931933541, -2.803804246378686, 1.90216775243748, -0.2408573808395265, -0.9619531446612175, 3.058999803909749]
      time_from_start: 0
  joint_names: [left_s0, left_s1, left_e0, left_e1, left_w0, left_w1, left_w2, right_s0, right_s1, right_e0, right_e1, right_w0, right_w1, right_w2]