joint_trajectory:
  joint_names: [left_s0, left_s1, left_e0, left_e1, left_w0, left_w1, left_w2, right_s0, right_s1, right_e0, right_e1, right_w0, right_w1, right_w2]
  points:
    - time_from_start: 0
      positions: [-0.00345146, 0.0118884, 0.00421845, 1.39861, 0.0145728, 0.238918, 0.0007669899999999999, 0.00115049, 0.0145728, 0.00230097, 1.41586, -0.00115049, 0.253107, -0.18868]
    - positions: [-1.419517118336297, 0.3839653677591124, 0.7574524942951077, 1.490900282979011, -2.544048849237617, 1.312940772599684, -3.046125392160844, -1.695140328621627, 1.042977163179312, -1.918539114697273, 0.1100477397767827, 1.152986060139723, -1.389840793090681, -3.016007428271696]
      time_from_start: 0
    - time_from_start: 0
      positions: [-0.7459503667267506, 0.5311228838392428, -0.9651524975400821, 0.5754851213233141, 0.5840945740645744, -0.9471617552825443, 0.5518052886304727, 0.3738524211500461, -0.3877491684048033, 0.6933691829222477, 1.680261647558626, 3.036090256004148, 1.129034259330445, 2.54859921746275]