joint_trajectory:
  points:
    - time_from_start: 0
      positions: [-0.00345146, 0.0118884, 0.00421845, 1.39861, 0.0145728, 0.238918, 0.0007669899999999999, 0.00115049, 0.0145728, 0.00230097, 1.41586, -0.00115049, 0.253107, -0.18868]
    - time_from_start: 0
      positions: [-0.1830469106379251, -0.3597048037899657, 2.79013719192018, 0.1085163793554529, -1.963808318346739, -0.848189019363175, 0.9754077252950522, 0.9012486146369194, -0.6977957079000769, -2.108004335057218, 0.9081622143080457, 0.04026652970910094, 0.04401799739658663, -1.927382933319546]
    - time_from_start: 0
      positions: [-0.6865071202888093, -0.608112637038919, 0.1207258712432446, 1.791046377012999, 0.1767615850967158, -1.210168350235923, -0.1595761694387569, 1.062198990637412, 0.2973641518453438, 0.1599497991855218, 0.7784729234945085, 0.2442600308976638, -1.133826382787604, -0.2620630835790665]
  joint_names: [left_s0, left_s1, left_e0, left_e1, left_w0, left_w1, left_w2, right_s0, right_s1, right_e0, right_e1, right_w0, right_w1, right_w2]