joint_trajectory:
  points:
    - time_from_start: 0
      positions: [-0.00345146, 0.0118884, 0.00421845, 1.39861, 0.0145728, 0.238918, 0.0007669899999999999, 0.00115049, 0.0145728, 0.00230097, 1.41586, -0.00115049, 0.253107, -0.18868]
    - positions: [-1.631671070346711, -2.112297451524064, 1.605796155679809, 0.516620531855151, -1.811388903835788, 1.456260153647365, 2.29395422414178, -0.5229183060425731, -0.7747450523707082, -2.090703210486102, 0.3312759273294359, 1.524432576566935, 0.9335375290046946, -0.5540748550095596]
      time_from_start: 0
    - positions: [-1.340591697774359, -0.1591124411868901, -3.054179933400174, 0.84344892249643, 0.597251471347614, -1.137418917323897, 2.757024786305128, 0.486728050307905, 0.7875506194597423, 2.931892835046338, 1.973787239023357, 0.1587779412445796, -1.156089729523463, -3.058999805681645]
      time_from_start: 0
  joint_names: [left_s0, left_s1, left_e0, left_e1, left_w0, left_w1, left_w2, right_s0, right_s1, right_e0, right_e1, right_w0, right_w1, right_w2]