joint_trajectory:
  points:
    - time_from_start: 0
      positions: [-0.00345146, 0.0118884, 0.00421845, 1.39861, 0.0145728, 0.238918, 0.0007669899999999999, 0.00115049, 0.0145728, 0.00230097, 1.41586, -0.00115049, 0.253107, -0.18868]
    - positions: [-0.9155927129903979, -0.2867909316853618, 2.22728628705257, 1.233486663327552, 3.020895465450828, 2.071817951219971, -0.8319987262128854, 0.5924556585522116, 0.9886177739812996, -2.96285192605636, 2.293435141023248, -1.083883845005184, -0.06590823821070146, -0.8839644281850196]
      time_from_start: 0
    - time_from_start: 0
      positions: [-0.5687961197823623, -0.7456720211182365, -0.2450421812560792, 1.82542232424693, 0.04830305829030915, -1.054101558037684, 0.1598343356444463, 1.177076118109744, -0.5217548188265493, 2.346748269843209, 0.2894092083925521, -3.059, 0.9200847538226258, 0.6262093434302423]
  joint_names: [left_s0, left_s1, left_e0, left_e1, left_w0, left_w1, left_w2, right_s0, right_s1, right_e0, right_e1, right_w0, right_w1, right_w2]