joint_trajectory:
  joint_names: [left_s0, left_s1, left_e0, left_e1, left_w0, left_w1, left_w2, right_s0, right_s1, right_e0, right_e1, right_w0, right_w1, right_w2]
  points:
    - time_from_start: 0
      positions: [-0.00345146, 0.0118884, 0.00421845, 1.39861, 0.0145728, 0.238918, 0.0007669899999999999, 0.00115049, 0.0145728, 0.00230097, 1.41586, -0.00115049, 0.253107, -0.18868]
    - time_from_start: 0
      positions: [1.408883903860703, -0.7253594945208168, -0.6081062261310568, 0.1603867991259321, -1.445033629201818, -1.433698522867823, -1.495365557757672, -0.5536290838157487, -0.2830536517938598, 0.06894944707341066, 0.02781848833337425, 2.772770292968024, 1.956298894333918, 0.7852650480549781]
    - positions: [-1.16740462689617, 0.07698299917944017, 0.4848205328864894, 1.279363801193219, 2.739023587215472, 1.189287235145569, 2.769594295285974, -0.176062406791544, 0.007559076017349309, 1.325347484648608, 1.732203956978202, -0.2892317504514318, -0.8117150435110969, -1.240004508227276]
      time_from_start: 0