joint_trajectory:
  points:
    - time_from_start: 0
      positions: [-0.00345146, 0.0118884, 0.00421845, 1.39861, 0.0145728, 0.238918, 0.0007669899999999999, 0.00115049, 0.0145728, 0.00230097, 1.41586, -0.00115049, 0.253107, -0.18868]
    - time_from_start: 0
      positions: [0.008729175040199655, 0.1082274523652162, 2.37679113200648, 1.95972437425144, 1.446991827173159, -1.035725228353049, -0.2525939817372711, -1.30799816291869, 0.350749826122541, 2.550516236381478, 0.5242151023102923, -1.07081933556404, 1.393490509271965, 1.904497252608184]
    - time_from_start: 0
      positions: [-0.3084204440115675, -0.8320548177651667, -0.5989043058835583, 1.888785942237642, 0.01520904579509235, -0.9491034254417006, 0.3795400679823858, -0.03465999624892952, 1.036962643143629, 1.644380129906241, 1.343228259826503, 1.84961883291995, 0.5840441217766127, 1.870768108528176]
  joint_names: [left_s0, left_s1, left_e0, left_e1, left_w0, left_w1, left_w2, right_s0, right_s1, right_e0, right_e1, right_w0, right_w1, right_w2]