joint_trajectory:
  points:
    - time_from_start: 0
      positions: [-0.00345146, 0.0118884, 0.00421845, 1.39861, 0.0145728, 0.238918, 0.0007669899999999999, 0.00115049, 0.0145728, 0.00230097, 1.41586, -0.00115049, 0.253107, -0.18868]
    - positions: [0.3216315336499385, -0.7210499964342452, -1.066670490383883, 1.521960725724697, 1.477847608962562, 0.9802066448572351, -2.777782527205069, -1.511739060149177, -0.9348378520687108, 0.3351330801512589, 1.547634844819084, -2.95885185931623, 0.8174335994489557, 0.4467212679344228]
      time_from_start: 0
    - positions: [-1.223630576224685, 0.7322115470864196, -3.05417993878, 1.626630884281417, -2.542894935894259, 1.009183905714485, -0.4196409924395966, 0.7990509143515427, -0.1597616300473451, 2.513695582158866, 1.101685477943213, -3.059, 1.246853679733893, 0.5956076143080072]
      time_from_start: 0
  joint_names: [left_s0, left_s1, left_e0, left_e1, left_w0, left_w1, left_w2, right_s0, right_s1, right_e0, right_e1, right_w0, right_w1, right_w2]