joint_trajectory:
  joint_names: [left_s0, left_s1, left_e0, left_e1, left_w0, left_w1, left_w2, right_s0, right_s1, right_e0, right_e1, right_w0, right_w1, right_w2]
  points:
    - positions: [-0.00345146, 0.0118884, 0.00421845, 1.39861, 0.0145728, 0.238918, 0.0007669899999999999, 0.00115049, 0.0145728, 0.00230097, 1.41586, -0.00115049, 0.253107, -0.18868]
      time_from_start: 0
    - time_from_start: 0
      positions: [0.9582434873148933, -1.051779699993785, 2.009671651305378, 2.15359052012302, 1.777679720672779, -0.1614314995590498, 0.1092769257132895, -0.9508741039661017, 0.2312857802673243, -0.805659551125065, 0.1785285980524495, -2.92546522754617, 1.155363478630343, 1.273510864220094]
    - positions: [-0.3973078895673751, 0.5268091555999475, -0.4897845441902938, 0.7182831315803729, 0.6758119154871665, -1.103243441959331, 0.1638780471831496, 1.544679279340071, -0.334141890039904, -0.4458412979252279, 1.682760448178111, -2.523985360803369, 1.125003144798967, -2.936324859971017]
      time_from_start: 0