joint_trajectory:
  points:
    - time_from_start: 0
      positions: [-0.00345146, 0.0118884, 0.00421845, 1.39861, 0.0145728, 0.238918, 0.0007669899999999999, 0.00115049, 0.0145728, 0.00230097, 1.41586, -0.00115049, 0.253107, -0.18868]
    - positions: [-0.3221363401542439, -0.2328132570246233, 2.705836224485351, 2.116150651960634, -2.373303630286362, 1.572573414208838, -0.7721051469431259, -1.422232852208477, -0.3000913925729691, 1.969077563225093, 0.7205051275556906, -0.08103699557948874, -0.5459417392909569, -0.6650180631168188]
      time_from_start: 0
    - time_from_start: 0
      positions: [-1.167239061305831, 0.1869930449304364, -1.30207965531803, 0.5223812348072665, 0.0788303806468275, -0.9364249411456251, 1.204349295581654, -0.008133232540400994, -0.3250583907762892, 1.548109925506176, 1.705117418678829, -2.878390800193914, 0.8943441786819497, 1.646672541005551]
  joint_names: [left_s0, left_s1, left_e0, left_e1, left_w0, left_w1, left_w2, right_s0, right_s1, right_e0, right_e1, right_w0, right_w1, right_w2]