joint_trajectory:
  points:
    - time_from_start: 0
      positions: [-0.00345146, 0.0118884, 0.00421845, 1.39861, 0.0145728, 0.238918, 0.0007669899999999999, 0.00115049, 0.0145728, 0.00230097, 1.41586, -0.00115049, 0.253107, -0.18868]
    - positions: [0.0329163302479587, 0.2168041037437507, 0.6833113540543643, 1.520957892984152, 2.732091706055217, 0.8341616030499468, -1.381505774994381, 0.8528683088740423, 0.9443906866260807, 1.855378984801384, 0.5557944274861365, 2.175603427674622, -0.8305055854188474, -0.7592772185886281]
      time_from_start: 0
    - positions: [-0.1754749306627171, -0.4467177803812468, -0.6640630321082224, 1.45117700157946, 0.3355511483937498, -0.7795216837902864, 0.3591270628177354, 0.5718763707045043, 0.4366421886251672, 2.527364207938294, 1.507178064432439, 3.059, 1.031239375275349, 0.5878184165243926]
      time_from_start: 0
  joint_names: [left_s0, left_s1, left_e0, left_e1, left_w0, left_w1, left_w2, right_s0, right_s1, right_e0, right_e1, right_w0, right_w1, right_w2]