joint_trajectory:
  points:
    - time_from_start: 0
      positions: [-0.00345146, 0.0118884, 0.00421845, 1.39861, 0.0145728, 0.238918, 0.0007669899999999999, 0.00115049, 0.0145728, 0.00230097, 1.41586, -0.00115049, 0.253107, -0.18868]
    - time_from_start: 0
      positions: [-1.275138645045067, -0.640181614612229, 1.984816013798193, 2.139209542755037, -0.1765027323989199, 1.204808759848191, 1.357964627141599, -0.4156834589666643, -1.323079889309127, -1.531395036258712, 0.2223375897808, 0.8808374568270518, 1.922688432069399, -2.692495700007305]
    - time_from_start: 0
      positions: [-0.5807582339104632, 0.6396178372429436, 3.05417993878, 1.292276610963346, 2.749929126695858, 0.7014178979337858, 0.3864938078665844, 0.7056703388156433, 1.029597197793994, 2.859006963102061, 1.132716118389188, 2.111675054218095, 0.2006787360297465, 1.164011066681288]
  joint_names: [left_s0, left_s1, left_e0, left_e1, left_w0, left_w1, left_w2, right_s0, right_s1, right_e0, right_e1, right_w0, right_w1, right_w2]