joint_trajectory:
  joint_names: [left_s0, left_s1, left_e0, left_e1, left_w0, left_w1, left_w2, right_s0, right_s1, right_e0, right_e1, right_w0, right_w1, right_w2]
  points:
    - positions: [-0.00345146, 0.0118884, 0.00421845, 1.39861, 0.0145728, 0.238918, 0.0007669899999999999, 0.00115049, 0.0145728, 0.00230097, 1.41586, -0.00115049, 0.253107, -0.18868]
      time_from_start: 0
    - time_from_start: 0
      positions: [1.066796312377555, -0.9395961801046504, 0.03408427050252572, 0.1418037692736834, 0.3434507198557259, -1.324642572516362, 2.584056515065488, 0.4442331953213388, 0.2311791742211211, -2.256857248783712, 0.4450233836099505, 1.467033758637496, 0.6210999521578096, -0.2186462275199594]
    - positions: [-0.7316625275840812, -1.013675840266282, -0.930219762649544, 1.478809575633234, -0.9466829752494482, -0.9373720612245748, 1.268698850129927, 0.5166262159708623, 1.04154804851822, 2.242735892831526, 1.768233111956314, -0.6548136558172134, -0.9085293773760114, -2.233071593937343]
      time_from_start: 0