joint_trajectory:
  points:
    - time_from_start: 0
      positions: [-0.00345146, 0.0118884, 0.00421845, 1.39861, 0.0145728, 0.238918, 0.0007669899999999999, 0.00115049, 0.0145728, 0.00230097, 1.41586, -0.00115049, 0.253107, -0.18868]
    - time_from_start: 0
      positions: [0.731608439381064, -0.3208701538587919, 1.637068962097501, 0.9819963165102525, 0.9814174318877047, 1.618056786633641, 2.60270248920517, -1.516204766659025, -0.6605469219060613, -1.239917147961783, 0.1774240326723084, 1.77180098443525, 0.5501852107543268, -0.2125786466281863]
    - positions: [-0.9529764592257194, 0.9719788023338563, -2.618183552433037, 1.01524001840533, -1.820426396358039, 0.605081940712824, -1.62096710890696, 0.8846832411438863, -0.07548287933720664, 1.511672663858998, 0.930704488475124, -3.058999993923231, 1.022210673121149, 1.573220305779947]
      time_from_start: 0
  joint_names: [left_s0, left_s1, left_e0, left_e1, left_w0, left_w1, left_w2, right_s0, right_s1, right_e0, right_e1, right_w0, right_w1, right_w2]