joint_trajectory:
  joint_names: [left_s0, left_s1, left_e0, left_e1, left_w0, left_w1, left_w2, right_s0, right_s1, right_e0, right_e1, right_w0, right_w1, right_w2]
  points:
    - positions: [-0.00345146, 0.0118884, 0.00421845, 1.39861, 0.0145728, 0.238918, 0.0007669899999999999, 0.00115049, 0.0145728, 0.00230097, 1.41586, -0.00115049, 0.253107, -0.18868]
      time_from_start: 0
    - positions: [1.626812377771695, -0.5746972408914006, 0.07582228176738415, 0.0515172592299059, 1.885718040376436, 0.5307156617911892, -1.610604305487592, 0.8824578021718863, 0.8929489720873538, 1.218161800473406, 0.8140948032904415, -0.8414216974056328, -0.334466435939252, 2.843916851588525]
      time_from_start: 0
    - time_from_start: 0
      positions: [-0.8086476045607417, -0.4550325654690647, -0.3993600576587416, 1.435687714951441, -0.2394765069064195, -1.030074004488351, 0.4838233652325454, 0.7880772479068634, 0.400414442539075, 2.363606290919401, 1.31875521348116, -0.3235284955995664, -1.049570581046598, -2.229920129374966]