joint_trajectory:
  points:
    - positions: [-0.00345146, 0.0118884, 0.00421845, 1.39861, 0.0145728, 0.238918, 0.0007669899999999999, 0.00115049, 0.0145728, 0.00230097, 1.41586, -0.00115049, 0.253107, -0.18868]
      time_from_start: 0
    - time_from_start: 0
      positions: [-0.00679058509786179, -0.4978798040477557, 2.366007487898718, 2.130781880316325, -2.76946988389222, 0.6815538371912662, -0.8323868055171335, -0.9549390429792389, 0.4164420196493159, -1.508311549133413, 0.7773443466080351, 1.189834775530268, -1.129137773648827, -1.908044778061099]
    - time_from_start: 0
      positions: [-1.098029089289102, -0.9789391253237834, -0.34929506769746, 1.442920130203929, 2.254666179497558, 0.792785244664881, -2.2008197708181, 0.006001088864458823, 1.013542455473864, 1.971723316494192, 1.684168763208865, 2.611697420950548, 0.5866586672063193, 0.9852081486941712]
  joint_names: [left_s0, left_s1, left_e0, left_e1, left_w0, left_w1, left_w2, right_s0, right_s1, right_e0, right_e1, right_w0, right_w1, right_w2]