joint_trajectory:
  joint_names: [left_s0, left_s1, left_e0, left_e1, left_w0, left_w1, left_w2, right_s0, right_s1, right_e0, right_e1, right_w0, right_w1, right_w2]
  points:
    - positions: [-0.00345146, 0.0118884, 0.00421845, 1.39861, 0.0145728, 0.238918, 0.0007669899999999999, 0.00115049, 0.0145728, 0.00230097, 1.41586, -0.00115049, 0.253107, -0.18868]
      time_from_start: 0
    - time_from_start: 0
      positions: [-0.1996899401339207, -0.1201035020167017, -1.302882451659313, 1.530069941939491, -0.006720295286821778, 0.3078057212504114, 0.6479308990474779, 0.22414766528203, -0.2534394186676325, 0.4014081773380128, 1.229095134946912, -0.3713839139904664, 0.4879235923456904, 0.8354154290956258]
    - positions: [-0.3102711129858522, -0.06195026008554583, -1.404334874347495, 1.484095562507999, 0.1462606297320665, 0.03293952665161975, 0.6270042552444834, 0.1766463641086682, -0.1555628190534335, 0.6807615448032779, 1.275899248330936, -0.1416139746742229, 0.55195858094453, 1.045160033994654]
      time_from_start: 0
    - time_from_start: 0
      positions: [-0.7690647536759355, 0.544282897589825, -1.861571874455815, 1.21529000820691, 0.5785018698985056, -1.10770686269123, 1.632850510435171, -0.1572693066081486, 0.5816009653344351, 1.122309324103135, 0.9441714031151641, 1.666141147674187, 0.703721384946473, 2.836586986709534]