joint_trajectory:
  points:
    - time_from_start: 0
      positions: [-0.00345146, 0.0118884, 0.00421845, 1.39861, 0.0145728, 0.238918, 0.0007669899999999999, 0.00115049, 0.0145728, 0.00230097, 1.41586, -0.00115049, 0.253107, -0.18868]
    - positions: [-1.407015364308413, -0.3247161720492848, -0.1412215463858701, 1.469273742809695, 0.8858911210950724, 0.2798822110817454, 0.4485324669023268, -0.3227434688970888, 0.2011504370412486, 2.159302731384675, 2.11441429514492, 0.5674638501743745, 0.1753823481514787, -1.974474912108654]
      time_from_start: 0
    - time_from_start: 0
      positions: [1.067414906866265, -0.675597731918562, -1.753006337595929, 0.5440082648014649, 2.517257451744285, -1.305273136823896, -0.2244858239283785, 1.414140021561936, 0.6393915938227437, -0.9641340866875034, 2.303504857219755, 2.093328542587813, -1.529132026313808, -1.236432298306376]
    - time_from_start: 0
      positions: [-0.7754560102264987, 0.6187519321899322, -1.54505868371049, 0.8439896573592406, 0.7550434347941648, -0.9913257505509763, 1.070999853089234, 0.9015037251083057, 0.7392620236353862, 2.376329633879515, 1.345953212337108, -0.7264691733644181, -0.9784832334989121, -2.0171939646318]
  joint_names: [left_s0, left_s1, left_e0, left_e1, left_w0, left_w1, left_w2, right_s0, right_s1, right_e0, right_e1, right_w0, right_w1, right_w2]