joint_trajectory:
  joint_names: [left_s0, left_s1, left_e0, left_e1, left_w0, left_w1, left_w2, right_s0, right_s1, right_e0, right_e1, right_w0, right_w1, right_w2]
  points:
    - time_from_start: 0
      positions: [-0.00345146, 0.0118884, 0.00421845, 1.39861, 0.0145728, 0.238918, 0.0007669899999999999, 0.00115049, 0.0145728, 0.00230097, 1.41586, -0.00115049, 0.253107, -0.18868]
    - positions: [1.145605836461562, -0.2744498114334417, -0.4524005437189134, 0.1776793668754398, 1.500314251202159, 0.4603775418698888, 1.791387496773619, -0.771352421124373, -1.288332904852926, -0.5906385376198409, 0.2657254604371264, -2.156697840388865, -0.2773778681243806, -0.4032513831625693]
      time_from_start: 0
    - time_from_start: 0
      positions: [0.9541611747898822, -1.275738301774021, 2.998193032106692, 0.162760681848973, 0.4096155162421056, -0.6207312025083842, 0.4900460787937044, 0.2771131317597919, -0.8898357717092147, -1.216925861506527, 0.7887200596807523, -0.7035496373176575, -0.01546782708904249, -1.579295772581827]
    - time_from_start: 0
      positions: [-0.8917375589700636, 0.167216462059136, -1.569103437347675, 1.031113370762104, 0.1807256912238925, -1.144713812640771, 1.469072482778374, 0.5675539978394489, -0.7731083221830737, 1.221673285828198, 1.339901018965656, 0.7726363969010764, -0.9393039961907489, -1.473063303978339]