joint_trajectory:
  joint_names: [left_s0, left_s1, left_e0, left_e1, left_w0, left_w1, left_w2, right_s0, right_s1, right_e0, right_e1, right_w0, right_w1, right_w2]
  points:
    - time_from_start: 0
      positions: [-0.00345146, 0.0118884, 0.00421845, 1.39861, 0.0145728, 0.238918, 0.0007669899999999999, 0.00115049, 0.0145728, 0.00230097, 1.41586, -0.00115049, 0.253107, -0.18868]
    - time_from_start: 0
      positions: [1.031269690616869, -0.5690466623473911, 0.4747650280346458, 1.772347808559425, -0.9555454493071887, -0.5714554017057867, 3.018101040906739, -0.5617682520154879, -0.6362170235579832, 1.023004171132208, 1.589790406897664, 0.7662095052395017, -0.7109492361398346, 0.1047776444558988]
    - time_from_start: 0
      positions: [1.035489205152687, 0.8066170923071914, -0.3968967103027694, 0.9147140342146157, 2.877567996639758, -1.26374820462159, -0.1200216798600739, -1.548258196371644, 0.4876500767725522, -2.596659371491703, 0.5524830943606793, -1.895048390469048, 0.4022417413578949, 1.939565266025719]
    - time_from_start: 0
      positions: [-0.7757273845408768, -0.1097494541619662, -1.409917670479714, 1.33746449450514, -0.110188531683205, -1.311113820136139, 1.442725472372965, 0.5340202389488656, -0.1603026001063068, 0.5499608659191454, 1.647586366773084, 3.010107377550985, 1.374807052308963, 2.623289373864828]