joint_trajectory:
  points:
    - time_from_start: 0
      positions: [-0.00345146, 0.0118884, 0.00421845, 1.39861, 0.0145728, 0.238918, 0.0007669899999999999, 0.00115049, 0.0145728, 0.00230097, 1.41586, -0.00115049, 0.253107, -0.18868]
    - time_from_start: 0
      positions: [0.5878952626387188, -1.055393680135254, -2.240593243440326, 2.297634457777254, 0.5309444153988734, -0.07911212208482787, -2.037048133487813, -0.2050399184772365, 0.4999386625750923, 2.825508629514882, -0.0420015092836693, 0.9944662922346037, 1.683392257648611, -0.8524025340788066]
    - time_from_start: 0
      positions: [-0.8280588533136366, -0.4697057423978533, 0.4157806048769659, 1.481601092022304, 0.1571606580980087, -1.037256587129106, -0.4502499034294275, 0.4455357948753821, 0.5131022957578607, 2.410931661851138, 1.643546174360018, 3.058999995105149, 1.036913254316175, 0.6691376210092159]
  joint_names: [left_s0, left_s1, left_e0, left_e1, left_w0, left_w1, left_w2, right_s0, right_s1, right_e0, right_e1, right_w0, right_w1, right_w2]