joint_trajectory:
  joint_names: [left_s0, left_s1, left_e0, left_e1, left_w0, left_w1, left_w2, right_s0, right_s1, right_e0, right_e1, right_w0, right_w1, right_w2]
  points:
    - positions: [-0.00345146, 0.0118884, 0.00421845, 1.39861, 0.0145728, 0.238918, 0.0007669899999999999, 0.00115049, 0.0145728, 0.00230097, 1.41586, -0.00115049, 0.253107, -0.18868]
      time_from_start: 0
    - positions: [-0.7205114872437371, -0.5109617706183343, -2.856891132671396, 0.4125811883620917, -2.912066078762524, 1.075750593050447, -1.987693270504009, 0.9640709522690107, -0.3582856656913644, 2.139958671806816, 0.5800493051316588, 2.361687847211957, 1.273099524645489, 1.959095758709125]
      time_from_start: 0
    - time_from_start: 0
      positions: [-0.6984386440627711, -0.04833823627886375, -2.446997983166887, 1.046085262112707, 3.01684452995236, 1.033489973729427, -0.6366856631355702, 1.098749212516973, 0.7345708473711472, -2.517689344484988, 1.520741498842587, 0.1653386524969089, -0.7530031088233975, 2.572673497228287]