joint_trajectory:
  joint_names: [left_s0, left_s1, left_e0, left_e1, left_w0, left_w1, left_w2, right_s0, right_s1, right_e0, right_e1, right_w0, right_w1, right_w2]
  points:
    - positions: [-0.00345146, 0.0118884, 0.00421845, 1.39861, 0.0145728, 0.238918, 0.0007669899999999999, 0.00115049, 0.0145728, 0.00230097, 1.41586, -0.00115049, 0.253107, -0.18868]
      time_from_start: 0
    - positions: [0.8107805258761958, -0.6707677982449529, -2.062559583507238, 0.6449494608631356, -1.701084036612883, 0.1173503188197369, -2.435939614322968, 1.691824037809233, 0.6014423140473664, 2.293445634530271, 1.134158833127469, -1.69545735392347, 0.1628058138353443, -1.164619938102551]
      time_from_start: 0
    - positions: [-0.4772757729712793, -1.018407353535852, -1.004199763447786, 1.869921197673915, 2.477836228939381, 1.029326035899123, -2.214673192717039, 1.533410771151525, -0.0681024997873899, 0.3443085094785915, 0.5299924127414868, 0.888443508868739, -0.993396537967107, -1.059814314658376]
      time_from_start: 0