joint_trajectory:
  joint_names: [left_s0, left_s1, left_e0, left_e1, left_w0, left_w1, left_w2, right_s0, right_s1, right_e0, right_e1, right_w0, right_w1, right_w2]
  points:
    - time_from_start: 0
      positions: [-0.00345146, 0.0118884, 0.00421845, 1.39861, 0.0145728, 0.238918, 0.0007669899999999999, 0.00115049, 0.0145728, 0.00230097, 1.41586, -0.00115049, 0.253107, -0.18868]
    - positions: [1.298903819242483, 0.3358615090297539, 1.260664203065065, 0.4844366475632414, -2.438970366400201, 0.384143491974309, -1.889912726956885, -0.02618241013682954, -1.175052974949591, 0.4457380501145343, 0.827527399137616, 0.4256772374752908, 0.5249209645868578, 0.9497514597666452]
      time_from_start: 0
    - positions: [-1.03426510118332, 1.004212050020695, 0.7778668837375324, 0.6171296384548767, -0.5423975310814568, -1.566047065281666, 0.671265090089757, -1.460488964810084, 0.8371917521678842, 1.285094273090163, 0.3588862185170874, -0.6356296082651243, -0.6563245437354458, 1.639794994305354]
      time_from_start: 0
    - time_from_start: 0
      positions: [0.04033133776268856, -0.3397159461919758, -2.202598738397768, 1.165229632782755, -0.9919002570146003, -0.8339952066179206, 2.625835332257511, 1.40954676463581, -0.1908060079135806, 0.2173044848294764, 0.7481993060947304, 0.8566070075262241, -0.9140463799286734, -0.8665088228336791]