joint_trajectory:
  joint_names: [left_s0, left_s1, left_e0, left_e1, left_w0, left_w1, left_w2, right_s0, right_s1, right_e0, right_e1, right_w0, right_w1, right_w2]
  points:
    - time_from_start: 0
      positions: [-0.00345146, 0.0118884, 0.00421845, 1.39861, 0.0145728, 0.238918, 0.0007669899999999999, 0.00115049, 0.0145728, 0.00230097, 1.41586, -0.00115049, 0.253107, -0.18868]
    - positions: [1.254463941663975, 0.4094557142639532, 0.08173187695114104, 1.070369164600968, 1.719586079255212, 2.084165674983867, -2.920256362568121, -1.070110577799009, 0.5191916455077008, 1.372127807323571, 0.370866537916474, 0.06209554186882471, -0.7537807408968271, 1.523853585720063]
      time_from_start: 0
    - positions: [1.44795850182255, -0.1156614951440131, 2.471367097473446, 0.4271069581676274, -1.988938219624572, 1.25465148549442, -0.8272492716917768, -1.205085359851866, -0.8504997521736657, -1.30085029937599, 1.937832572448998, -1.173936493745074, -0.3092142081767451, -2.227545261430554]
      time_from_start: 0
    - positions: [-0.5845036244458857, -1.367122314327347, -0.5579606652696668, 1.873405612841239, -0.620489837935608, -0.6137641208213971, 0.6450364855866421, 0.2126456836986929, 1.015432808822611, 1.579520686910335, 1.191875193668275, -1.282669440047806, -0.8327386031539079, -1.130990134788165]
      time_from_start: 0