joint_trajectory:
  joint_names: [left_s0, left_s1, left_e0, left_e1, left_w0, left_w1, left_w2, right_s0, right_s1, right_e0, right_e1, right_w0, right_w1, right_w2]
  points:
    - positions: [-0.00345146, 0.0118884, 0.00421845, 1.39861, 0.0145728, 0.238918, 0.0007669899999999999, 0.00115049, 0.0145728, 0.00230097, 1.41586, -0.00115049, 0.253107, -0.18868]
      time_from_start: 0
    - time_from_start: 0
      positions: [0.2635661325083118, -0.1357619371344332, -2.64368508954796, 0.3631312171211466, -0.1568306300844999, 1.20445729168507, 1.237875888078008, 1.246852815703486, -0.6109431114289907, -2.667905882299059, 2.485983715966344, -1.767607978715096, -0.7698776225142693, 1.098668099593371]
    - positions: [-0.1759040061890461, 0.2582806324744398, -2.332340381519431, 1.268533332885668, 2.732652014788247, 0.6954251109796259, -0.4807263634303004, 1.119235233996904, 0.05383701283630025, 1.080502914030754, 0.4147805669170664, -2.969541925858262, 0.7315105934683018, 1.918323996241942]
      time_from_start: 0