joint_trajectory:
  joint_names: [left_s0, left_s1, left_e0, left_e1, left_w0, left_w1, left_w2, right_s0, right_s1, right_e0, right_e1, right_w0, right_w1, right_w2]
  points:
    - time_from_start: 0
      positions: [-0.00345146, 0.0118884, 0.00421845, 1.39861, 0.0145728, 0.238918, 0.0007669899999999999, 0.00115049, 0.0145728, 0.00230097, 1.41586, -0.00115049, 0.253107, -0.18868]
    - positions: [-0.4081844442584885, 1.036827797022183, 2.538531214513746, 1.605641703860834, -1.123939943825361, -0.2874497863833192, -1.519305941268802, -1.595562615418312, -0.4354018408567644, 0.4732220588027602, 1.658926365725696, 2.394639171776827, -1.160498908443488, 1.617548452174757]
      time_from_start: 0
    - time_from_start: 0
      positions: [-1.008985763420898, -0.04439941501522834, -0.468770862489399, 1.237748136603824, 2.915017234438812, 1.311868758379099, -2.603255328424094, 0.6977621296361642, 0.1802325143482604, 2.382564783774705, 1.490913694298665, -0.05987297530105315, -1.310463522808923, -2.387799715727261]