joint_trajectory:
  points:
    - positions: [-0.00345146, 0.0118884, 0.00421845, 1.39861, 0.0145728, 0.238918, 0.0007669899999999999, 0.00115049, 0.0145728, 0.00230097, 1.41586, -0.00115049, 0.253107, -0.18868]
      time_from_start: 0
    - positions: [0.075043525958854, 0.6799583382303829, -0.3818485693846578, 0.6759841564362867, 1.190093133728952, -0.3767680079655225, -2.689414842624217, 0.3818255406359938, -1.305002575788181, 1.447524515920015, 1.464591283758171, -2.830494847378228, 1.442440790061594, 1.721421866438817]
      time_from_start: 0
    - positions: [-0.2110719164633412, 0.7321078369341321, -1.667749543979322, 0.9094861513075793, 1.332901542443019, -0.5537816154607459, 0.8131817820036087, 1.215378192496181, -0.1485737362250865, 2.363789569855865, 0.2671258300227869, -0.3249748119431281, -0.7014172198321402, -2.105933960670864]
      time_from_start: 0
  joint_names: [left_s0, left_s1, left_e0, left_e1, left_w0, left_w1, left_w2, right_s0, right_s1, right_e0, right_e1, right_w0, right_w1, right_w2]