joint_trajectory:
  joint_names: [left_s0, left_s1, left_e0, left_e1, left_w0, left_w1, left_w2, right_s0, right_s1, right_e0, right_e1, right_w0, right_w1, right_w2]
  points:
    - time_from_start: 0
      positions: [-0.00345146, 0.0118884, 0.00421845, 1.39861, 0.0145728, 0.238918, 0.0007669899999999999, 0.00115049, 0.0145728, 0.00230097, 1.41586, -0.00115049, 0.253107, -0.18868]
    - time_from_start: 0
      positions: [0.5334477469667411, -0.3781260650204492, -2.145371762350419, 0.01520009525865315, 2.014680861429778, 1.209851249958958, -1.047811111590359, -1.010477706323648, -1.146177129988558, 2.947595789278489, 0.2007016762848943, 2.257562047501095, -0.0960586456303556, 2.500302606817335]
    - time_from_start: 0
      positions: [-0.7559977216139342, 0.07599795052747925, -0.9800570597533456, 1.22521915233875, -3.059, 1.233256463195581, -2.18455774399219, 0.8184384821276866, 0.9212823660775942, 2.803804118020279, 1.817388353867822, 2.787459475711116, 0.9672657205314189, 0.4211240100356404]