joint_trajectory:
  joint_names: [left_s0, left_s1, left_e0, left_e1, left_w0, left_w1, left_w2, right_s0, right_s1, right_e0, right_e1, right_w0, right_w1, right_w2]
  points:
    - positions: [-0.00345146, 0.0118884, 0.00421845, 1.39861, 0.0145728, 0.238918, 0.0007669899999999999, 0.00115049, 0.0145728, 0.00230097, 1.41586, -0.00115049, 0.253107, -0.18868]
      time_from_start: 0
    - positions: [0.7176424678866109, 0.8135787319419907, 2.367889302308518, 1.804744115100242, -2.896203146324027, -0.1498479048733918, -1.202559885090683, 0.867946040910454, 0.1353398240706887, -1.675787413862831, 1.114559053345583, 0.6647283226866274, -1.204359934429247, 1.332027875885833]
      time_from_start: 0
    - positions: [-0.303062293194002, 0.4853187176410946, -1.64513342378717, 1.622829761363934, 0.4357181739366947, -1.106491532091139, 1.673484699286846, 0.7397130064365691, -1.121075869754454, 0.6844510084347326, 1.597215095232296, 0.866588459333289, -0.786776618547617, -1.028930246540424]
      time_from_start: 0