joint_trajectory:
  joint_names: [left_s0, left_s1, left_e0, left_e1, left_w0, left_w1, left_w2, right_s0, right_s1, right_e0, right_e1, right_w0, right_w1, right_w2]
  points:
    - time_from_start: 0
      positions: [-0.00345146, 0.0118884, 0.00421845, 1.39861, 0.0145728, 0.238918, 0.0007669899999999999, 0.00115049, 0.0145728, 0.00230097, 1.41586, -0.00115049, 0.253107, -0.18868]
    - positions: [0.6662546182294009, -1.001713496676646, 1.41044918991816, 2.283335438017733, -1.436378264172468, 1.338918716621501, -0.4394793611192145, -1.390788060397263, -0.08707368499087131, 1.79095105835931, 0.4812843483267351, -2.304870018643793, 0.2910265977340478, -1.264388221452944]
      time_from_start: 0
    - positions: [0.2790812285418858, -0.307314678202383, -1.400688090195594, 0.308690749598667, 2.472299414460547, 1.764413787324322, -2.978090701371432, -0.7895391298378286, -0.5330176493288017, -0.7586647761649239, 1.06997818812076, 0.1261973201264626, 0.2043705104471674, 0.775705656531267]
      time_from_start: 0
    - time_from_start: 0
      positions: [-0.680098454692713, 0.2619980194634284, -3.054179931214783, 1.555671807683822, 3.046305133971099, 1.28388582309763, -0.05638320072823055, 0.8609779217042652, -0.3215094393673539, 1.228860758735138, 1.174694789201952, 0.3611389342297258, -1.165567713033725, -1.3923418034126]