joint_trajectory:
  points:
    - time_from_start: 0
      positions: [-0.00345146, 0.0118884, 0.00421845, 1.39861, 0.0145728, 0.238918, 0.0007669899999999999, 0.00115049, 0.0145728, 0.00230097, 1.41586, -0.00115049, 0.253107, -0.18868]
    - time_from_start: 0
      positions: [1.655019315125036, -0.60089203968551, -0.03001911253920264, 2.409641051611863, -0.9853864031462001, 0.1315110784882476, -2.385296236598864, -1.063061209388295, -0.8018149996991268, -1.311815516041461, 0.7067188839074223, 1.824810570449569, -0.2791625479314654, -1.345201802209951]
    - time_from_start: 0
      positions: [-0.5913318459160765, 0.239132425979267, 0.01815353839211985, 0.6076837187262213, 0.2437573670264724, -0.8602955117170821, -0.1734782143035492, 0.08765886929679687, 0.8010216829594472, 2.097185225911274, 1.434495918085726, -0.3494794207731604, -0.4575660750470154, -2.180869878969551]
  joint_names: [left_s0, left_s1, left_e0, left_e1, left_w0, left_w1, left_w2, right_s0, right_s1, right_e0, right_e1, right_w0, right_w1, right_w2]