joint_trajectory:
  joint_names: [left_s0, left_s1, left_e0, left_e1, left_w0, left_w1, left_w2, right_s0, right_s1, right_e0, right_e1, right_w0, right_w1, right_w2]
  points:
    - positions: [-0.00345146, 0.0118884, 0.00421845, 1.39861, 0.0145728, 0.238918, 0.0007669899999999999, 0.00115049, 0.0145728, 0.00230097, 1.41586, -0.00115049, 0.253107, -0.18868]
      time_from_start: 0
    - time_from_start: 0
      positions: [0.157865996890225, -0.7257580998321063, -0.2052956824487113, 0.04206718531623481, -1.008659970859997, 1.264216287646612, 1.649168307472021, 0.8638523193170751, -0.1271199848875399, 3.040967552469748, 1.166659516722895, 2.926499966568779, 0.9966699568480228, -2.955041320536286]
    - time_from_start: 0
      positions: [-0.3389740318378118, 1.005868126572974, -2.416845867175695, 1.767122512193485, 0.2683603576100987, -0.7352949178377333, 2.561990018572171, 0.3458976315528353, 0.04337633165421121, 0.6520415690406528, 1.282259319567202, -0.4171824412068124, -1.070977608505734, -0.4903972799691206]