joint_trajectory:
  points:
    - time_from_start: 0
      positions: [-0.00345146, 0.0118884, 0.00421845, 1.39861, 0.0145728, 0.238918, 0.0007669899999999999, 0.00115049, 0.0145728, 0.00230097, 1.41586, -0.00115049, 0.253107, -0.18868]
    - positions: [1.076823040335314, 0.7650735349468887, -0.4956666919525059, 0.9603238216293974, -0.4024094089022836, 0.8401705393086698, -2.910392119965051, 0.3421124278791647, 0.2099910037158992, -2.47895664379126, 2.437383129336871, -2.250435235457961, -0.6475164573918925, 2.711268465142697]
      time_from_start: 0
    - positions: [-1.132800026168427, -0.4376592527307131, 0.5324373156227395, 1.481254278186216, -0.1105154696125266, -0.9394888139510964, -0.4110760134361672, 0.9898278375306172, -1.085353538939011, -0.2846559109833225, 1.560448148547867, -0.090541890781257, -0.4723189219686106, 0.2102547394680881]
      time_from_start: 0
  joint_names: [left_s0, left_s1, left_e0, left_e1, left_w0, left_w1, left_w2, right_s0, right_s1, right_e0, right_e1, right_w0, right_w1, right_w2]