joint_trajectory:
  points:
    - positions: [-0.00345146, 0.0118884, 0.00421845, 1.39861, 0.0145728, 0.238918, 0.0007669899999999999, 0.00115049, 0.0145728, 0.00230097, 1.41586, -0.00115049, 0.253107, -0.18868]
      time_from_start: 0
    - time_from_start: 0
      positions: [-0.9596425641419081, 0.5437289553917948, -1.570664022549817, 0.9519613526863975, -1.042758596533444, -1.104770894892322, -1.96553180269571, -1.359717398546834, 0.2279294102718126, 1.841341868340238, 1.82416335780546, 1.624240834478755, -0.7677446871315453, -1.322897129377816]
    - positions: [-1.192764296789609, 0.8777731930806238, -3.05417993878, 1.096819573250518, 1.132887752996159, -0.5202996223485331, 2.001039686127142, 0.3429111092616867, -0.9168596775470798, 1.037661920140518, 0.629930763374412, 2.154479950098634, -0.4938947189698221, -2.826986723786928]
      time_from_start: 0
  joint_names: [left_s0, left_s1, left_e0, left_e1, left_w0, left_w1, left_w2, right_s0, right_s1, right_e0, right_e1, right_w0, right_w1, right_w2]