joint_trajectory:
  points:
    - positions: [-0.00345146, 0.0118884, 0.00421845, 1.39861, 0.0145728, 0.238918, 0.0007669899999999999, 0.00115049, 0.0145728, 0.00230097, 1.41586, -0.00115049, 0.253107, -0.18868]
      time_from_start: 0
    - time_from_start: 0
      positions: [0.3787666155212763, 0.07584617277700456, 0.7204802716509291, 1.567158937927335, 2.148508840019815, -1.414446673850133, 0.9344184541478753, 0.1064523116124385, 0.9444274517423477, -2.412926288221063, 1.376132080639712, 3.00097921105614, 1.957430351432787, 0.7239411692055873]
    - time_from_start: 0
      positions: [1.30526830123154, 0.6048125183698723, -2.997184159458544, 0.8629643294736742, 2.467081344635692, 0.1001127758056382, -0.9004403675245123, -0.2101278138315474, 0.03284283475298455, 2.773846093412248, 0.6250700470833107, -2.011548549779225, 1.608483934667291, -1.734775288700126]
    - time_from_start: 0
      positions: [-0.1365179213151165, 0.6725265319854556, -1.671272979420457, 1.350073828788793, 0.7434311541514054, -0.6930030573111314, 1.474957331899747, 1.238021297966917, -0.2768935979682312, 0.9192856947094075, 0.4652544063327156, 0.6748949917162494, -0.8175232299972451, -1.545270417428684]
  joint_names: [left_s0, left_s1, left_e0, left_e1, left_w0, left_w1, left_w2, right_s0, right_s1, right_e0, right_e1, right_w0, right_w1, right_w2]