joint_trajectory:
  joint_names: [left_s0, left_s1, left_e0, left_e1, left_w0, left_w1, left_w2, right_s0, right_s1, right_e0, right_e1, right_w0, right_w1, right_w2]
  points:
    - time_from_start: 0
      positions: [-0.00345146, 0.0118884, 0.00421845, 1.39861, 0.0145728, 0.238918, 0.0007669899999999999, 0.00115049, 0.0145728, 0.00230097, 1.41586, -0.00115049, 0.253107, -0.18868]
    - positions: [1.525673189582004, -0.2664383826409464, -1.228870296249336, 1.728682393595576, -0.1187610374870709, 1.114272668110155, -2.921601555062924, 0.1434863646533728, -0.1216442380878142, -1.060321417049146, 1.312518953681923, -1.682960260184482, 0.4350785937846773, 0.8870014208122159]
      time_from_start: 0
    - time_from_start: 0
      positions: [1.366886387845986, 0.6964131959709339, -1.263505330253988, 0.5783282767301424, 1.463580592123326, 0.1698725659844273, 0.5724534726501442, -0.08214407114908395, -0.1163993883845396, -1.590725090104516, 0.0686270157182589, -1.299483312390279, -0.8290935461342964, 1.840688546587713]
    - positions: [-1.339849453567945, 0.3111836371635491, 0.8017802636943175, 1.401545630424795, 2.509448178127601, 1.238024049218848, 2.413372816300303, 0.1415593304967567, -0.6676592981639937, 0.6830838661351283, 1.967979730669721, -0.1829738769571892, -1.096065360646944, -0.4428890381103862]
      time_from_start: 0