joint_trajectory:
  points:
    - time_from_start: 0
      positions: [-0.00345146, 0.0118884, 0.00421845, 1.39861, 0.0145728, 0.238918, 0.0007669899999999999, 0.00115049, 0.0145728, 0.00230097, 1.41586, -0.00115049, 0.253107, -0.18868]
    - positions: [0.6088330172339167, 0.9413650346095674, -1.326182320048684, 0.1021502816164866, -1.175705327135045, -0.01237703805662105, 0.7333439387367107, 1.02773427643549, 0.8650206680917183, 2.886625640405883, 0.3684338699160143, -1.286867227986921, 2.013629645167974, 1.982600243865047]
      time_from_start: 0
    - positions: [-0.6137661326235406, 1.022067561001299, -1.906733724224891, 0.8417272237283623, 1.451592384261408, -0.8445706860181332, 0.938312630569871, 1.02822777406034, -0.4308524839382007, 0.5438793228375184, 1.413393243094309, 0.4652313196175843, -1.204648416083473, -0.7141751515900248]
      time_from_start: 0
  joint_names: [left_s0, left_s1, left_e0, left_e1, left_w0, left_w1, left_w2, right_s0, right_s1, right_e0, right_e1, right_w0, right_w1, right_w2]