joint_trajectory:
  joint_names: [left_s0, left_s1, left_e0, left_e1, left_w0, left_w1, left_w2, right_s0, right_s1, right_e0, right_e1, right_w0, right_w1, right_w2]
  points:
    - positions: [-0.00345146, 0.0118884, 0.00421845, 1.39861, 0.0145728, 0.238918, 0.0007669899999999999, 0.00115049, 0.0145728, 0.00230097, 1.41586, -0.00115049, 0.253107, -0.18868]
      time_from_start: 0
    - positions: [1.192181168653627, -0.5175196052636017, -0.3780083657532232, 0.3314084120867773, -0.7014882430708966, 1.823368460599834, -0.3525823794412428, -0.1024680237299072, -1.101775391598698, -0.1764415830960262, 0.8402773973615839, 2.033418597721495, -0.9545648210376613, 0.05392732434021319]
      time_from_start: 0
    - time_from_start: 0
      positions: [-0.7572204814075469, -0.5120918021347364, -1.282233529064808, 1.19654926684857, 2.59811570775096, 1.074201828358583, -1.630600305886946, 1.476319713157753, -0.4923960804022616, -0.478378478130758, 1.486588652124935, 0.5669074502401583, -0.840838361605001, 0.05491225871203336]