joint_trajectory:
  joint_names: [left_s0, left_s1, left_e0, left_e1, left_w0, left_w1, left_w2, right_s0, right_s1, right_e0, right_e1, right_w0, right_w1, right_w2]
  points:
    - positions: [-0.00345146, 0.0118884, 0.00421845, 1.39861, 0.0145728, 0.238918, 0.0007669899999999999, 0.00115049, 0.0145728, 0.00230097, 1.41586, -0.00115049, 0.253107, -0.18868]
      time_from_start: 0
    - positions: [-0.7244328239790025, 0.001934362539556034, 1.713773838188625, 0.9235631612446158, -1.851013621256687, 1.244635914228033, 1.319574055752717, 0.3064901476017217, 0.8578821509010162, 1.040928373066054, 0.737461373174563, -1.097649213362485, 0.5281248836288714, 2.932499558086041]
      time_from_start: 0
    - positions: [-0.6356338292364508, -0.3646048906841727, 3.045934625429121, 0.3118750854759499, 2.970077992266734, 0.6869160464317986, 0.2216415864223473, 1.317797848751956, -0.6082643850082557, 0.01006777748532623, 0.6754872688354795, -1.680195395509557, 0.5333713922627229, 1.701668457047303]
      time_from_start: 0