joint_trajectory:
  joint_names: [left_s0, left_s1, left_e0, left_e1, left_w0, left_w1, left_w2, right_s0, right_s1, right_e0, right_e1, right_w0, right_w1, right_w2]
  points:
    - positions: [-0.00345146, 0.0118884, 0.00421845, 1.39861, 0.0145728, 0.238918, 0.0007669899999999999, 0.00115049, 0.0145728, 0.00230097, 1.41586, -0.00115049, 0.253107, -0.18868]
      time_from_start: 0
    - time_from_start: 0
      positions: [0.3815073933999686, 0.179459032231942, 2.426236318011894, 0.1253252415442839, -1.480759511396755, -0.8526443449025366, -0.9565481095383874, -1.025774777263605, -0.2046215192731469, 0.2882287878274195, 1.153168386559933, 1.634860854547005, 1.597124786787432, 0.9102360338764264]
    - time_from_start: 0
      positions: [1.266398802628957, -0.3219620632361619, 0.296497052761322, 0.7160594317046924, 0.8050557450344789, 1.671457941417109, -0.3522160986158998, 0.4554477168067499, -0.3598858778253196, -0.2799224161086964, 1.965773704988882, -2.35228514747927, 0.4159811196214969, -1.4504749500365]
    - positions: [-0.3396716932895836, -1.351458227870066, -0.7076371117962673, 1.789484052727526, -0.5456276347491983, -0.4930061270096096, 0.6479183907851073, -0.1958538754165247, -0.8626887873864333, 1.726607137527451, 0.815658395375467, -1.128789465435102, 0.6477049562445829, 0.163878020558226]
      time_from_start: 0