joint_trajectory:
  points:
    - time_from_start: 0
      positions: [-0.00345146, 0.0118884, 0.00421845, 1.39861, 0.0145728, 0.238918, 0.0007669899999999999, 0.00115049, 0.0145728, 0.00230097, 1.41586, -0.00115049, 0.253107, -0.18868]
    - positions: [-0.8295773653848463, -0.1042769952155647, 0.9991838338418635, 1.889392058962956, -2.932529792204499, 1.824913317551606, -2.3133645296162, -1.692300800256127, -0.9588753280085509, 0.8576123951079957, 0.1581569112297147, 2.422368893861305, -0.7288494519036789, -0.02904816326033322]
      time_from_start: 0
    - time_from_start: 0
      positions: [-0.6928614262163098, -0.2704668779787607, 2.021427207580438, -0.002664689858444043, 0.542035398277454, 1.987870146855603, 2.583535142115317, 0.8780612481823447, 0.5494694626387209, 1.942409828207111, 2.242681278126314, 1.937706550768111, 0.4505151670826293, 1.419030771704857]
    - positions: [-1.099494535434644, -0.05095635989393361, -3.053527052783898, 0.9181088780143126, -2.770104385839661, 1.022216783107941, -0.2835463237452723, 1.218217318374504, -0.4201290611072626, -0.007519884032822678, 1.288889659152733, 0.5451903637875057, -0.9417234749788521, -0.3330824618214842]
      time_from_start: 0
  joint_names: [left_s0, left_s1, left_e0, left_e1, left_w0, left_w1, left_w2, right_s0, right_s1, right_e0, right_e1, right_w0, right_w1, right_w2]