joint_trajectory:
  points:
    - positions: [-0.00345146, 0.0118884, 0.00421845, 1.39861, 0.0145728, 0.238918, 0.0007669899999999999, 0.00115049, 0.0145728, 0.00230097, 1.41586, -0.00115049, 0.253107, -0.18868]
      time_from_start: 0
    - positions: [0.8928819172203517, 0.02161588760372268, 2.646344577335148, 1.856524380631745, -0.05750802541710431, -0.4998707500579975, -1.217981148695108, -0.6339323559050658, -0.5888966734958812, 1.96905424888145, 1.135181395552121, -0.7021272847885265, 0.05515093986698272, 2.960392960351892]
      time_from_start: 0
    - time_from_start: 0
      positions: [-0.8168381502675657, -0.1535339238037383, -0.1018538430194931, 1.367197871811727, -0.06113465099354104, -1.210421572495527, 0.1309932604865552, 0.8363532930785892, -0.7493418629326568, -0.5518113034750195, 1.741654443516182, 2.78028155877089, 1.079862331064298, -2.558541639784687]
  joint_names: [left_s0, left_s1, left_e0, left_e1, left_w0, left_w1, left_w2, right_s0, right_s1, right_e0, right_e1, right_w0, right_w1, right_w2]