joint_trajectory:
  joint_names: [left_s0, left_s1, left_e0, left_e1, left_w0, left_w1, left_w2, right_s0, right_s1, right_e0, right_e1, right_w0, right_w1, right_w2]
  points:
    - positions: [-0.00345146, 0.0118884, 0.00421845, 1.39861, 0.0145728, 0.238918, 0.0007669899999999999, 0.00115049, 0.0145728, 0.00230097, 1.41586, -0.00115049, 0.253107, -0.18868]
      time_from_start: 0
    - positions: [1.285003188000806, -1.063357961559202, 1.557275000184436, 1.532432650798, 1.694672776768916, -0.522033942272087, -1.170092114119325, -1.18540636274582, -0.2446470420230178, -2.359287091721733, 0.8480293561676515, 0.995176424371544, 1.732363221869996, -0.4903292866600677]
      time_from_start: 0
    - positions: [-0.5941232754767014, 0.9627403438622814, -2.201163413476394, 0.867668381774247, 1.535977752948627, -0.5790694732485895, 1.03751518441407, 1.28954314043233, 0.2406832915475751, 3.054171004985259, 0.9680414327372724, 2.459325476384259, 0.9047165596264138, 0.557905507920476]
      time_from_start: 0