joint_trajectory:
  points:
    - time_from_start: 0
      positions: [-0.00345146, 0.0118884, 0.00421845, 1.39861, 0.0145728, 0.238918, 0.0007669899999999999, 0.00115049, 0.0145728, 0.00230097, 1.41586, -0.00115049, 0.253107, -0.18868]
    - positions: [1.259831875049907, 0.4160976577205586, 2.179460596735623, 0.05973178815469145, 0.7471760771325791, -0.4589181209035456, 1.519366745677777, -0.4225684616727505, -1.022696273942012, -2.728339267937872, 0.7725245123114436, 1.229693586934358, -0.5240884214048243, 2.308207965033595]
      time_from_start: 0
    - time_from_start: 0
      positions: [1.516787264655768, -0.6401704358989371, -1.287658819602159, 0.7335980027299372, -2.120474405028392, -0.4738858185517469, -1.846572989203502, 0.8369065856116618, -0.6824131953013128, 1.479263717298775, 1.557865188262425, -1.037305605115369, -0.2011369502031319, -1.671343682262581]
    - positions: [-0.8675842330805144, -0.9611851103210265, 0.4438881640293383, 1.787270892380896, 0.3532893147445231, -0.8847178475311138, -0.4981767938863116, 0.4721886824987919, -0.03814360805392539, 0.7960025652405751, 1.440550834893909, -0.2042064483309386, -1.2077028533616, -0.7452604640446704]
      time_from_start: 0
  joint_names: [left_s0, left_s1, left_e0, left_e1, left_w0, left_w1, left_w2, right_s0, right_s1, right_e0, right_e1, right_w0, right_w1, right_w2]