joint_trajectory:
  joint_names: [left_s0, left_s1, left_e0, left_e1, left_w0, left_w1, left_w2, right_s0, right_s1, right_e0, right_e1, right_w0, right_w1, right_w2]
  points:
    - positions: [-0.00345146, 0.0118884, 0.00421845, 1.39861, 0.0145728, 0.238918, 0.0007669899999999999, 0.00115049, 0.0145728, 0.00230097, 1.41586, -0.00115049, 0.253107, -0.18868]
      time_from_start: 0
    - time_from_start: 0
      positions: [1.46119872090883, -0.865226460559759, 0.9026303688723183, 1.099215803978965, -1.603727444492746, -0.6410349550608793, -0.9950330569595098, -0.5074864990607466, 0.9467469298942017, 1.98407332686951, 1.29830800095573, 1.730910116262734, -1.283726527608467, -0.4164697012919931]
    - positions: [-0.6686208406250322, 0.1893485346827659, -1.699130343994046, 0.125030948032625, 0.4639126668833198, -0.4816575847562934, 0.0001123128058386769, -1.54372516700803, -0.5624829594725742, -0.3985255982882783, 1.064748226610944, 0.3599405305660328, -0.7869687867315724, 0.7639262758940459]
      time_from_start: 0
    - positions: [-0.4262671438343842, 0.2647354074827235, -0.4212479506066764, 0.8920052754691215, 0.5183468763346178, -1.049867870056295, 0.1749092422629676, -0.1139806878337697, 0.162567221882782, 1.30381021615389, 1.64352872398459, -0.4206918174482979, -0.8220046533354118, -1.23435156418013]
      time_from_start: 0