joint_trajectory:
  points:
    - time_from_start: 0
      positions: [-0.00345146, 0.0118884, 0.00421845, 1.39861, 0.0145728, 0.238918, 0.0007669899999999999, 0.00115049, 0.0145728, 0.00230097, 1.41586, -0.00115049, 0.253107, -0.18868]
    - time_from_start: 0
      positions: [-1.313400365507268, 0.3121480677868242, -1.967384665682802, 1.206412892700173, -0.7651188192092815, 0.2905681678999552, -2.734058517723344, -1.685860817778525, -1.278374585493468, 0.205736743523163, 1.206945662502199, -2.537213414326776, 0.2873671414665906, -0.3334276501992717]
    - time_from_start: 0
      positions: [-0.8992330765971958, -0.8002000082376026, -1.032727647775204, 0.6604123459930131, -1.257423243899466, -0.7807228180322759, 2.082942402071145, 1.488250436970387, 0.2476973090058929, 3.045951280817281, 0.5174533219430325, 1.941103017970437, 0.7972130446110863, 1.182767458290674]
  joint_names: [left_s0, left_s1, left_e0, left_e1, left_w0, left_w1, left_w2, right_s0, right_s1, right_e0, right_e1, right_w0, right_w1, right_w2]