joint_trajectory:
  joint_names: [left_s0, left_s1, left_e0, left_e1, left_w0, left_w1, left_w2, right_s0, right_s1, right_e0, right_e1, right_w0, right_w1, right_w2]
  points:
    - positions: [-0.00345146, 0.0118884, 0.00421845, 1.39861, 0.0145728, 0.238918, 0.0007669899999999999, 0.00115049, 0.0145728, 0.00230097, 1.41586, -0.00115049, 0.253107, -0.18868]
      time_from_start: 0
    - time_from_start: 0
      positions: [-0.3333705053960681, -0.2173541636955922, 1.61569495410008, 2.496849204163998, -1.869552974724211, -1.347894618567599, 0.3340659668678416, -1.434731091194466, 1.029305088159163, -1.080977938316444, 0.8256644916897639, 3.020135735115036, 1.468592188209129, -0.06397275940980762]
    - positions: [-0.9250067689214524, -0.255300907440942, -0.7930621470217276, 1.030397224989163, -0.3460382717636135, -0.9712628278726317, 1.006068841775921, 0.3863925874924491, -0.4382693766987423, 1.484311031707237, 1.294596234123661, 0.4780349379219557, -0.8834489186660006, -1.621808147736923]
      time_from_start: 0