joint_trajectory:
  joint_names: [left_s0, left_s1, left_e0, left_e1, left_w0, left_w1, left_w2, right_s0, right_s1, right_e0, right_e1, right_w0, right_w1, right_w2]
  points:
    - time_from_start: 0
      positions: [-0.00345146, 0.0118884, 0.00421845, 1.39861, 0.0145728, 0.238918, 0.0007669899999999999, 0.00115049, 0.0145728, 0.00230097, 1.41586, -0.00115049, 0.253107, -0.18868]
    - time_from_start: 0
      positions: [1.241260391979542, -0.469343832277227, -0.6582984823267344, 0.8712344619296489, -0.1323828261881137, 1.642856411589921, -0.02187966730631885, 0.6353532001378355, 1.003302235725336, 1.714899039356501, 1.690907791069709, 1.690351998601574, 2.030182828546951, 1.61467914957786]
    - time_from_start: 0
      positions: [-1.285931698679059, 0.1582607317811193, -2.986315653100497, 0.9305967814238081, -2.502658588754941, 0.9603307898806631, -0.5722936947731826, 1.169710509508557, 0.6622501429372355, 2.266608879082173, 0.3598227238129122, -1.313720505867652, -0.7804099141998838, -0.960069240999358]