joint_trajectory:
  points:
    - positions: [-0.00345146, 0.0118884, 0.00421845, 1.39861, 0.0145728, 0.238918, 0.0007669899999999999, 0.00115049, 0.0145728, 0.00230097, 1.41586, -0.00115049, 0.253107, -0.18868]
      time_from_start: 0
    - positions: [0.8469195272816403, 0.9090529445041904, 0.4882954852522339, 0.6450174907222389, 2.236406436407473, -0.2100129121632652, -1.316195040817838, -0.1068576322767314, -0.06837083872500793, -0.1328613248193111, 1.381281940042041, 0.6745157984057442, -0.7750463720060986, -1.647787717198953]
      time_from_start: 0
    - positions: [1.178522673057256, 0.6090637996927835, -0.7710687522226096, 1.452335554467514, -0.502710721541662, 1.591922554710532, 1.681551572479774, -1.54629201721321, -0.02641320195374997, 1.533911698269025, 2.410622837740928, 1.688360617883969, 0.5226829464488687, -0.7740915121445431]
      time_from_start: 0
    - positions: [-1.295593340043066, -0.7828709875582892, 0.02633136491938103, 1.228281523926057, -0.9195565802302326, -0.6461638707727035, 0.7815586831899072, 0.7007358573134359, -1.213749937198692, -0.05918586562861423, 1.145275588972251, 1.129927228688284, 0.1480555635363012, -1.111605349035615]
      time_from_start: 0
  joint_names: [left_s0, left_s1, left_e0, left_e1, left_w0, left_w1, left_w2, right_s0, right_s1, right_e0, right_e1, right_w0, right_w1, right_w2]