joint_trajectory:
  joint_names: [left_s0, left_s1, left_e0, left_e1, left_w0, left_w1, left_w2, right_s0, right_s1, right_e0, right_e1, right_w0, right_w1, right_w2]
  points:
    - time_from_start: 0
      positions: [-0.00345146, 0.0118884, 0.00421845, 1.39861, 0.0145728, 0.238918, 0.0007669899999999999, 0.00115049, 0.0145728, 0.00230097, 1.41586, -0.00115049, 0.253107, -0.18868]
    - time_from_start: 0
      positions: [1.664781975211187, 0.1877620958955961, 1.356733292030007, 0.3216934413379058, -0.4810439921701328, -0.2186794501104841, -0.4397860853606836, -0.722665526166255, -1.565398853170685, 0.09869170871514754, 1.876164482617751, -2.511163984179497, -0.4837129146060877, -1.66102823123103]
    - time_from_start: 0
      positions: [-0.04358952083760248, -0.8923678060444069, 1.168004182284158, 0.6369178835889323, 2.215487769637257, -1.287443854820997, -1.389941733625718, -0.3554231972907658, -0.2837648944524116, -2.334011174521741, 0.7270733897974714, -2.893194055977743, -1.551353932510535, -1.053983881574124]
    - positions: [-0.5281706272059341, -0.6349603556852967, -0.3781612505976094, 1.296870935501009, 0.05034097165427843, -0.6163925363874545, 0.262660045389649, 0.6558547396942871, 0.8754912314767735, 2.521323699554133, 0.6577655774134276, -2.008399337330659, -0.3852021253287379, -0.6957798006772424]
      time_from_start: 0