joint_trajectory:
  joint_names: [left_s0, left_s1, left_e0, left_e1, left_w0, left_w1, left_w2, right_s0, right_s1, right_e0, right_e1, right_w0, right_w1, right_w2]
  points:
    - positions: [-0.00345146, 0.0118884, 0.00421845, 1.39861, 0.0145728, 0.238918, 0.0007669899999999999, 0.00115049, 0.0145728, 0.00230097, 1.41586, -0.00115049, 0.253107, -0.18868]
      time_from_start: 0
    - time_from_start: 0
      positions: [1.695989820847073, -0.1416652213796041, -1.722335986447217, 1.118238828584552, 2.950766528142617, 0.05515566958077089, -1.596082924629562, 0.1187029861763891, -0.8788245264296417, 2.597943311581761, 0.4492919682590291, 1.344460822013207, -1.394286893000333, 2.617030645200983]
    - time_from_start: 0
      positions: [0.04586875158880217, -0.7212457751290511, -1.189419496576885, 1.87792974805514, 2.954848589323355, 0.8525074117910272, -2.237590282535398, -0.04506592968954806, 0.9715197689517532, 1.738499030868122, 1.601359822108608, -0.7921037616194353, -0.6246284527541727, -1.786519884216031]