joint_trajectory:
  points:
    - positions: [-0.00345146, 0.0118884, 0.00421845, 1.39861, 0.0145728, 0.238918, 0.0007669899999999999, 0.00115049, 0.0145728, 0.00230097, 1.41586, -0.00115049, 0.253107, -0.18868]
      time_from_start: 0
    - time_from_start: 0
      positions: [-0.1448267732753385, -0.4589323453550769, -0.7792592691648257, 1.5393417297747, -1.220205869522443, 0.7558905720512366, -1.09553384104584, 0.6083977186484369, 0.07799328777970874, 1.502462229134969, 1.27307820222905, 1.605252354335871, 0.643098750092991, 0.3547588756744608]
    - positions: [-0.181342818396228, -0.3920967324265668, -0.7773339151002103, 1.530487296491355, -1.856543415589094, 0.8078714661731454, -1.603649237855641, 0.7844704381508878, 0.2831382140374635, 2.030166460734558, 1.224292471118035, 2.155336722833878, 0.8598819834573441, 0.4841542964085164]
      time_from_start: 0
    - positions: [-0.2442804933837358, -0.2245188056956516, -1.115780939520347, 1.539005508977836, -3.059, 0.9576033674612798, -2.128449063178937, 1.044276557048014, 0.4360713125229679, 2.957798777839584, 1.354754798373907, 2.751331033697946, 1.006741826026052, 0.40128475048096]
      time_from_start: 0
  joint_names: [left_s0, left_s1, left_e0, left_e1, left_w0, left_w1, left_w2, right_s0, right_s1, right_e0, right_e1, right_w0, right_w1, right_w2]