joint_trajectory:
  points:
    - positions: [-0.00345146, 0.0118884, 0.00421845, 1.39861, 0.0145728, 0.238918, 0.0007669899999999999, 0.00115049, 0.0145728, 0.00230097, 1.41586, -0.00115049, 0.253107, -0.18868]
      time_from_start: 0
    - positions: [0.1298804951479517, -0.09990885647851977, 2.445178628447459, 2.331006880826317, -1.063693707245402, 1.0957000539466, 0.5170977731728925, -1.60194410561986, -0.8701884840573182, -0.5706909015362518, 1.254877903520129, -0.8284284550165757, 1.477977642652141, 1.289781933754217]
      time_from_start: 0
    - time_from_start: 0
      positions: [-0.1509709546870102, 0.849798403949413, -1.788876608607803, 1.255514874021999, 1.024659803188125, -0.583177317613076, 1.386221059057167, 0.9732270792906034, -0.8791417353883777, -0.4323638742173725, 1.650958528046018, -0.2154040203605771, -0.7810612795373507, 0.4273614140574014]
  joint_names: [left_s0, left_s1, left_e0, left_e1, left_w0, left_w1, left_w2, right_s0, right_s1, right_e0, right_e1, right_w0, right_w1, right_w2]