joint_trajectory:
  points:
    - time_from_start: 0
      positions: [-0.00345146, 0.0118884, 0.00421845, 1.39861, 0.0145728, 0.238918, 0.0007669899999999999, 0.00115049, 0.0145728, 0.00230097, 1.41586, -0.00115049, 0.253107, -0.18868]
    - positions: [-0.08298904507283345, 0.3289913196284324, 1.962152409568173, 0.6222650899263098, -0.9842479165829721, 0.4283995322558718, -2.487508497941774, 0.2614910830400305, 0.09923599502956515, -1.143610633275982, 2.136178299582563, 1.152081953875721, -1.480624174710074, 0.4441964006768542]
      time_from_start: 0
    - time_from_start: 0
      positions: [-0.9014050217066762, 0.8737758339505387, -2.567020955249257, 1.451221501460251, -2.393789758828243, 0.8677397877535157, -0.9569728424187811, 0.7751456975978236, -0.7698777377869567, 1.726357485420971, 0.1723682246152695, -1.876769904213826, 0.8011736722459242, 0.2211919352844385]
  joint_names: [left_s0, left_s1, left_e0, left_e1, left_w0, left_w1, left_w2, right_s0, right_s1, right_e0, right_e1, right_w0, right_w1, right_w2]