joint_trajectory:
  joint_names: [left_s0, left_s1, left_e0, left_e1, left_w0, left_w1, left_w2, right_s0, right_s1, right_e0, right_e1, right_w0, right_w1, right_w2]
  points:
    - time_from_start: 0
      positions: [-0.00345146, 0.0118884, 0.00421845, 1.39861, 0.0145728, 0.238918, 0.0007669899999999999, 0.00115049, 0.0145728, 0.00230097, 1.41586, -0.00115049, 0.253107, -0.18868]
    - positions: [1.192067722196411, 0.855039946686011, -0.09994101079877504, 0.231208124956116, 0.1410241731274873, 1.473881033009784, -2.42307221708959, -0.590631235364572, -1.518095465274062, 0.6818265490823427, 0.2511358115784824, -2.962463177690748, 2.002853262363887, 2.631377859018743]
      time_from_start: 0
    - time_from_start: 0
      positions: [-1.225639859133359, 0.9405252813678238, 1.190682563311009, 2.132349534510635, -2.820028982141521, 1.327349906664475, 1.86600441938825, -0.251937541398763, -0.01394111926807096, -1.889162617887965, 2.029101767486893, -2.47818859339878, -1.119895626205815, 0.9477913316548801]
    - time_from_start: 0
      positions: [-0.2622016728202277, 0.5177074393984388, -0.6543112616915371, 0.8899287022231972, -2.316543711866306, 1.113578877987407, -2.807455144726786, 0.6303320683236996, -0.09070333634602143, 0.9083012207486235, 1.528588764048097, -0.01817097354151323, -1.353172259032102, -0.889825780302996]