joint_trajectory:
  joint_names: [left_s0, left_s1, left_e0, left_e1, left_w0, left_w1, left_w2, right_s0, right_s1, right_e0, right_e1, right_w0, right_w1, right_w2]
  points:
    - time_from_start: 0
      positions: [-0.00345146, 0.0118884, 0.00421845, 1.39861, 0.0145728, 0.238918, 0.0007669899999999999, 0.00115049, 0.0145728, 0.00230097, 1.41586, -0.00115049, 0.253107, -0.18868]
    - positions: [0.1110237329355474, -0.5785478995696696, -0.9003244666710966, 1.522607958016076, -0.1099581677856182, 0.366687547310886, 0.2605425317323563, -0.2670609790276902, -0.3157361381387747, -0.5385645564219599, 1.515455113090545, 0.6277077214416987, 0.45497566291279, -1.172264391063547]
      time_from_start: 0
    - time_from_start: 0
      positions: [-0.3544100422252305, 0.578608580724802, -2.007627698883461, 1.362628190568648, 1.950062064789702, -0.5521295428639719, 2.639779767408967, -1.042554762427602, 0.4451862864252183, -2.197197055127982, 1.311596769076772, -2.879418793336023, 0.561225083754759, 1.347309467121959]
    - positions: [-0.7779341904265947, -0.5031044419475348, 0.04728952922983019, 1.531283451031805, 0.02570842368519526, -1.02577010739542, -0.05893544660320217, 1.067325129658792, 0.5590485035511101, -0.5949842567904228, 0.2585175967169531, 0.8469757975502946, -0.7627853449623621, -0.09439688275768345]
      time_from_start: 0