joint_trajectory:
  joint_names: [left_s0, left_s1, left_e0, left_e1, left_w0, left_w1, left_w2, right_s0, right_s1, right_e0, right_e1, right_w0, right_w1, right_w2]
  points:
    - positions: [-0.00345146, 0.0118884, 0.00421845, 1.39861, 0.0145728, 0.238918, 0.0007669899999999999, 0.00115049, 0.0145728, 0.00230097, 1.41586, -0.00115049, 0.253107, -0.18868]
      time_from_start: 0
    - time_from_start: 0
      positions: [1.150950881186583, -1.360381098203361, -0.5146483905871313, 2.319769070548936, -2.166432867568918, 0.441793901662392, 0.0454461705093272, -0.7898019322363018, 0.5311401551002639, 1.035131944821721, 1.115493338773958, 2.943848340775817, 0.555984131679252, 1.114457963040564]
    - time_from_start: 0
      positions: [-0.2559026051423789, 0.9408541975588238, -2.224460696416004, 1.83865682442575, 0.3300815566539201, -0.8580638647742407, 2.413627875259775, 1.375912777034253, -0.1221965623724757, -0.1535610115730373, 1.210408173123657, 0.6501534530720829, -1.090541975013037, -0.1504875079694347]