joint_trajectory:
  points:
    - positions: [-0.00345146, 0.0118884, 0.00421845, 1.39861, 0.0145728, 0.238918, 0.0007669899999999999, 0.00115049, 0.0145728, 0.00230097, 1.41586, -0.00115049, 0.253107, -0.18868]
      time_from_start: 0
    - time_from_start: 0
      positions: [0.9297929111211714, -0.819858396325726, 0.646160866920757, 0.05963192406110464, -0.06897598537523297, -0.331676844262117, -0.6018127759713678, 0.9253325121498648, 0.2421916725696067, 0.5486298905299081, 0.7358868430042638, 1.063440948590636, 1.300145409541216, 1.129576298583765]
    - time_from_start: 0
      positions: [0.4341538056143386, -0.6696095282714811, -1.483601470897185, 0.5521845904085784, -2.651215761107858, 0.1634777216008447, 2.398462913856842, -1.521651909788193, 0.6540333099281419, 0.286278297578797, 1.768348214401863, -1.897032928091008, 0.1703341367307434, 0.858681055815425]
    - positions: [-0.5319860027764003, 0.9629776658085467, -2.188674547179426, 1.24472438082747, 1.001179556121079, -0.6294854263873227, 1.664185320226293, 1.155315837211488, 0.7426435902204355, 3.05417993878, 1.419402437315521, -0.6214271603477202, -0.80875873462048, -2.603503071438304]
      time_from_start: 0
  joint_names: [left_s0, left_s1, left_e0, left_e1, left_w0, left_w1, left_w2, right_s0, right_s1, right_e0, right_e1, right_w0, right_w1, right_w2]