joint_trajectory:
  joint_names: [left_s0, left_s1, left_e0, left_e1, left_w0, left_w1, left_w2, right_s0, right_s1, right_e0, right_e1, right_w0, right_w1, right_w2]
  points:
    - time_from_start: 0
      positions: [-0.00345146, 0.0118884, 0.00421845, 1.39861, 0.0145728, 0.238918, 0.0007669899999999999, 0.00115049, 0.0145728, 0.00230097, 1.41586, -0.00115049, 0.253107, -0.18868]
    - time_from_start: 0
      positions: [0.979186739626186, -0.8389205595445817, -0.8609272971231232, 1.024824299842119, -1.853479830763303, -1.46117098647798, -2.079666975900531, -1.397172347793653, -0.7981035300525834, 0.1754186888463427, 0.83771886961814, -1.546729843642563, -1.103911349832679, -2.551493866652716]
    - time_from_start: 0
      positions: [-0.5442688803530594, -1.337781128667656, -0.6307454078914908, 1.651924640588352, -0.9019749954388525, -0.4847033867692628, 0.9886606843388246, 1.306778847526733, 0.2660760037570004, 0.5922938926382908, 0.465015996907465, -2.805147665406474, 1.000157163630357, 2.352972289412212]