joint_trajectory:
  joint_names: [left_s0, left_s1, left_e0, left_e1, left_w0, left_w1, left_w2, right_s0, right_s1, right_e0, right_e1, right_w0, right_w1, right_w2]
  points:
    - positions: [-0.00345146, 0.0118884, 0.00421845, 1.39861, 0.0145728, 0.238918, 0.0007669899999999999, 0.00115049, 0.0145728, 0.00230097, 1.41586, -0.00115049, 0.253107, -0.18868]
      time_from_start: 0
    - positions: [-0.2082164921806853, 0.4375479308282957, 2.839479342834159, 0.5051427811374887, 1.34846697447123, -0.268793162843793, -1.297984701508656, -0.3797384267791937, 0.3419879644764587, -1.672181313661842, 0.2709142369069159, -1.067140680216718, 1.41875767620622, -2.123507434813772]
      time_from_start: 0
    - time_from_start: 0
      positions: [1.025212950774469, 0.2421782740280034, -3.052343605331302, 0.8903335900288074, 0.2301933773648925, 1.418446237821728, 3.037516273580957, -1.076212036308188, -0.5485045548384075, 1.907914016090674, 1.827495737542398, -2.575878495842219, -0.4921832944361635, -2.618081899388228]
    - positions: [-0.3671103975923227, 0.8139870684698967, -2.472363437679697, 1.221095812721833, 0.2599237918466153, -0.3375298866609905, 2.446538818688711, 0.05566439772251818, -0.419485741887058, 1.456038930211023, 1.078159089213507, 0.7028866506528313, -0.3533515265315527, -1.873574393538087]
      time_from_start: 0