joint_trajectory:
  joint_names: [left_s0, left_s1, left_e0, left_e1, left_w0, left_w1, left_w2, right_s0, right_s1, right_e0, right_e1, right_w0, right_w1, right_w2]
  points:
    - positions: [-0.00345146, 0.0118884, 0.00421845, 1.39861, 0.0145728, 0.238918, 0.0007669899999999999, 0.00115049, 0.0145728, 0.00230097, 1.41586, -0.00115049, 0.253107, -0.18868]
      time_from_start: 0
    - time_from_start: 0
      positions: [0.3903715271482562, -0.3964621495422906, -1.466477039269732, 1.984365840896964, 2.65370483601233, 0.3319454524827337, -2.870069177450612, 0.8565262687161432, -1.264905594645533, 0.4801195688985636, 1.158125623592175, 0.2188427343331276, -0.7501972126199384, 0.585549991084263]
    - positions: [-0.867419480675213, 0.01038876569323055, -0.4837617817145758, 1.068935670367413, -0.06228837463007002, -1.119246089446277, 0.5029760666705247, 0.7517278507617239, 0.4287035804525646, 2.863646507340383, 1.596468312436218, 3.045352331665663, 1.168227520453535, 0.2860577861388173]
      time_from_start: 0