joint_trajectory:
  points:
    - time_from_start: 0
      positions: [-0.00345146, 0.0118884, 0.00421845, 1.39861, 0.0145728, 0.238918, 0.0007669899999999999, 0.00115049, 0.0145728, 0.00230097, 1.41586, -0.00115049, 0.253107, -0.18868]
    - positions: [0.4508822621703472, 1.042919853682164, 1.580372295579267, 1.006484620775096, 2.37037385233026, -0.07466726539960078, -0.8433858909201808, -1.205809651854914, -1.312811566649936, -0.2938129578385458, 2.465441799508408, -0.0633798017534426, -0.6052098715106303, -1.206174867170863]
      time_from_start: 0
    - time_from_start: 0
      positions: [-0.2666224661798884, -0.3257357085267782, -0.35451088800877, 1.311020394396533, 0.5002892791385534, -0.8866022581664658, 0.03911936878005336, 1.055530699742918, -0.1919466234565438, 1.361278208713681, 0.7271563909153096, -2.849719488155331, 0.9725453170674435, 1.557674099111775]
  joint_names: [left_s0, left_s1, left_e0, left_e1, left_w0, left_w1, left_w2, right_s0, right_s1, right_e0, right_e1, right_w0, right_w1, right_w2]