joint_trajectory:
  joint_names: [left_s0, left_s1, left_e0, left_e1, left_w0, left_w1, left_w2, right_s0, right_s1, right_e0, right_e1, right_w0, right_w1, right_w2]
  points:
    - positions: [-0.00345146, 0.0118884, 0.00421845, 1.39861, 0.0145728, 0.238918, 0.0007669899999999999, 0.00115049, 0.0145728, 0.00230097, 1.41586, -0.00115049, 0.253107, -0.18868]
      time_from_start: 0
    - positions: [0.7394249998887537, 0.6256613176558168, -0.6039653708615433, 0.4233309422489255, -2.306683178314008, -0.009009042401885603, -2.291499123982154, -1.603316547288169, -0.1522317208964377, 2.276763940766823, 1.698917259493842, 0.4661891799098812, -0.9174095965718124, 0.7597550686527974]
      time_from_start: 0
    - time_from_start: 0
      positions: [-1.34358747725544, -0.5837863557576571, -0.4329034613273434, 0.7791450824055933, -1.076406891946819, -0.8680054878840544, 1.378851084702062, 1.008603363058099, 0.005297867346001956, 1.007686217618361, 0.898598488908215, 0.1342395730515787, -1.087583423143532, -1.087480121098709]