joint_trajectory:
  points:
    - time_from_start: 0
      positions: [-0.00345146, 0.0118884, 0.00421845, 1.39861, 0.0145728, 0.238918, 0.0007669899999999999, 0.00115049, 0.0145728, 0.00230097, 1.41586, -0.00115049, 0.253107, -0.18868]
    - positions: [-1.601463514264899, -0.2948457122002726, 0.04814347393718377, -0.0001777526475489205, 2.380604036737699, 1.533382313752956, -2.607982134070713, -1.362109424074377, -0.1698853461616672, -0.964135326857555, 1.311039741721004, -0.7241176367453299, -1.273619043915575, 0.5698398203575055]
      time_from_start: 0
    - time_from_start: 0
      positions: [-1.654703177929944, 0.02294447069472161, 1.902385310996385, 0.8186884626959048, 1.680933166900924, -0.2354945830170729, 2.787852728676334, 0.916403103658066, 0.02065711258095504, 0.9093555499163484, 0.6585015625417004, -3.056268360131989, 0.7689442770424311, 2.16145835718608]
  joint_names: [left_s0, left_s1, left_e0, left_e1, left_w0, left_w1, left_w2, right_s0, right_s1, right_e0, right_e1, right_w0, right_w1, right_w2]