joint_trajectory:
  joint_names: [left_s0, left_s1, left_e0, left_e1, left_w0, left_w1, left_w2, right_s0, right_s1, right_e0, right_e1, right_w0, right_w1, right_w2]
  points:
    - positions: [-0.00345146, 0.0118884, 0.00421845, 1.39861, 0.0145728, 0.238918, 0.0007669899999999999, 0.00115049, 0.0145728, 0.00230097, 1.41586, -0.00115049, 0.253107, -0.18868]
      time_from_start: 0
    - positions: [-1.313413306297344, -0.7266412047962656, -0.134361010409739, 0.5071753355422988, 0.1438487021643668, 0.06967013982406334, 0.1461881349198522, -1.526575136738604, -0.5358208016697315, 1.188973934666723, 2.311216280752793, -2.995587696391158, -0.1040708311307599, -0.1077571516609752]
      time_from_start: 0
    - time_from_start: 0
      positions: [-1.057496434702301, 0.1452865241511269, 0.1505226589692852, 1.121640645254354, -0.3130089985244572, -1.24665750457907, -0.05253036393114705, -0.07248374825014121, 1.046524826388951, 1.846462342925891, 1.842263265051614, 2.586571127073136, 0.7057283956464462, 0.9693924949043603]