joint_trajectory:
  joint_names: [left_s0, left_s1, left_e0, left_e1, left_w0, left_w1, left_w2, right_s0, right_s1, right_e0, right_e1, right_w0, right_w1, right_w2]
  points:
    - positions: [-0.00345146, 0.0118884, 0.00421845, 1.39861, 0.0145728, 0.238918, 0.0007669899999999999, 0.00115049, 0.0145728, 0.00230097, 1.41586, -0.00115049, 0.253107, -0.18868]
      time_from_start: 0
    - time_from_start: 0
      positions: [-0.9950555421361659, -0.7830062984847461, 1.428619879916407, 0.9689764717919751, -2.963800109754317, -0.6378812564833638, -0.8743763993601315, -0.6495143912676737, 0.9776017231638545, 0.835656846911295, 0.7595726235304027, -2.192357909780927, 1.890199528891853, -2.487656449259259]
    - time_from_start: 0
      positions: [0.2313589244339225, 0.9791583783249371, -1.721251928489688, 0.5419791151508688, 1.710789252738468, 0.739853227094879, 1.69030016827723, -0.5970412189179999, 0.3401677855765448, -1.133565230257933, 0.5144901539729907, 2.315121870480012, -1.003286989343983, 1.43040172038367]
    - time_from_start: 0
      positions: [-0.5759726582947053, -0.5402200992837531, -0.007478051717499165, 1.712695154135363, -2.91030964139109, 1.175978321023323, 3.058996662125634, 1.252407930515216, 0.8872009354400595, -2.951221823737808, 0.07767498962410571, 0.4146311754865769, 0.8938631196952546, 2.753500867379195]