joint_trajectory:
  points:
    - positions: [-0.00345146, 0.0118884, 0.00421845, 1.39861, 0.0145728, 0.238918, 0.0007669899999999999, 0.00115049, 0.0145728, 0.00230097, 1.41586, -0.00115049, 0.253107, -0.18868]
      time_from_start: 0
    - positions: [-0.2936471864438936, 0.1409673468903638, 0.7196810503188944, 1.84842486916203, -0.5763207475873644, -1.138403247122116, 1.980264990468975, -0.9159194031605856, -0.1283058662530965, -1.928847308611491, 2.438305760579184, -2.775921994339209, 0.9386081362954628, 2.747207897789311]
      time_from_start: 0
    - time_from_start: 0
      positions: [-0.1073669446474951, -1.310738819980375, -1.178967978469198, 1.607648055371609, -1.093653771112407, -0.5432894791955706, 1.296999902869527, -0.3455492951576954, 1.004428579207918, 1.529775573280605, 1.580862869826844, -1.049268488979507, -0.4751655872468471, -1.524218946775054]
  joint_names: [left_s0, left_s1, left_e0, left_e1, left_w0, left_w1, left_w2, right_s0, right_s1, right_e0, right_e1, right_w0, right_w1, right_w2]