joint_trajectory:
  points:
    - positions: [-0.00345146, 0.0118884, 0.00421845, 1.39861, 0.0145728, 0.238918, 0.0007669899999999999, 0.00115049, 0.0145728, 0.00230097, 1.41586, -0.00115049, 0.253107, -0.18868]
      time_from_start: 0
    - positions: [0.2622009920732256, 0.9841307907677259, -2.683181812020289, 2.285967617409304, 2.33102589567937, 1.543779356957664, -1.889510747792665, -1.565262297857799, -0.1620333910249172, 2.683676868847241, 1.582115156005137, -1.860569387535099, 1.653544827519831, -3.016948794080411]
      time_from_start: 0
    - time_from_start: 0
      positions: [-0.3814885708670929, 0.1265062776317983, -2.748096397515776, 1.527074700219292, 2.800800734458798, 1.261311586134134, -0.3067751063275925, 1.100019498659567, -0.4095810270954542, 1.083201788620725, 0.984721135803393, -2.595484839053932, 1.155204467907855, 1.714185143878957]
  joint_names: [left_s0, left_s1, left_e0, left_e1, left_w0, left_w1, left_w2, right_s0, right_s1, right_e0, right_e1, right_w0, right_w1, right_w2]