joint_trajectory:
  points:
    - time_from_start: 0
      positions: [-0.00345146, 0.0118884, 0.00421845, 1.39861, 0.0145728, 0.238918, 0.0007669899999999999, 0.00115049, 0.0145728, 0.00230097, 1.41586, -0.00115049, 0.253107, -0.18868]
    - positions: [1.323387106257287, 0.3743907239711843, 0.5348195246561258, 0.7738088202634825, -1.251006224566605, 1.197194138234932, 0.8494556512325073, -1.673867963753565, -0.8374515931792554, -1.001644405179394, 0.8724384130854158, -2.113854776910506, 0.6975406477967581, 0.5763225894114004]
      time_from_start: 0
    - time_from_start: 0
      positions: [-0.318143708514848, -0.0898165170824554, -2.32072236926149, 1.208083944812288, 2.6761883418233, 0.9686316857049838, -0.6187682760618214, 1.349388885851419, 0.7487923410954399, -2.65095415150587, 1.500051636374361, -0.3524889400131667, -0.6397661553208206, 3.059]
  joint_names: [left_s0, left_s1, left_e0, left_e1, left_w0, left_w1, left_w2, right_s0, right_s1, right_e0, right_e1, right_w0, right_w1, right_w2]