joint_trajectory:
  points:
    - positions: [-0.00345146, 0.0118884, 0.00421845, 1.39861, 0.0145728, 0.238918, 0.0007669899999999999, 0.00115049, 0.0145728, 0.00230097, 1.41586, -0.00115049, 0.253107, -0.18868]
      time_from_start: 0
    - positions: [0.5230239052985084, -1.111353192971553, -0.3701807949627249, 1.933167647325434, 0.3843616358484141, -0.746335572393958, -0.7785646873624064, -1.220369727723689, 0.7879953653351404, -1.637249028531259, 1.622699353508651, 0.2711246816231871, 0.3649566071924588, -2.668224940556102]
      time_from_start: 0
    - positions: [-0.8434167220350695, -0.4192132186812552, -0.9886085204967094, 1.14867350475113, 2.686717971125, 0.999163068603358, -1.929091818722266, 0.3649649071302317, -0.07651708795772807, 0.6727112155922162, 1.342496149551433, 2.813131978210039, 1.032019377249627, 2.613194526105447]
      time_from_start: 0
  joint_names: [left_s0, left_s1, left_e0, left_e1, left_w0, left_w1, left_w2, right_s0, right_s1, right_e0, right_e1, right_w0, right_w1, right_w2]