joint_trajectory:
  joint_names: [left_s0, left_s1, left_e0, left_e1, left_w0, left_w1, left_w2, right_s0, right_s1, right_e0, right_e1, right_w0, right_w1, right_w2]
  points:
    - time_from_start: 0
      positions: [-0.00345146, 0.0118884, 0.00421845, 1.39861, 0.0145728, 0.238918, 0.0007669899999999999, 0.00115049, 0.0145728, 0.00230097, 1.41586, -0.00115049, 0.253107, -0.18868]
    - time_from_start: 0
      positions: [1.110921934228217, 0.3693503438807095, -2.455097814296274, 0.1284908019909635, 0.8230831611608154, -0.2806599806070995, 0.5963550154683182, 0.2342497246677138, -0.809522424305789, 2.19646947068299, 0.3737638495750725, 0.7376881463872271, 2.059883616216377, -2.572603369469289]
    - time_from_start: 0
      positions: [-1.148808576404905, 0.9094829860678845, -2.399254586556573, 0.9258936910523847, -1.917889038514504, 0.9421164073719106, -1.716295275813652, -0.073181907425969, -0.8820268654576754, 0.8568758496314479, 1.897570433916929, -0.1672737482547562, -0.7663046951045411, -0.3752317405346856]