joint_trajectory:
  joint_names: [left_s0, left_s1, left_e0, left_e1, left_w0, left_w1, left_w2, right_s0, right_s1, right_e0, right_e1, right_w0, right_w1, right_w2]
  points:
    - time_from_start: 0
      positions: [-0.00345146, 0.0118884, 0.00421845, 1.39861, 0.0145728, 0.238918, 0.0007669899999999999, 0.00115049, 0.0145728, 0.00230097, 1.41586, -0.00115049, 0.253107, -0.18868]
    - time_from_start: 0
      positions: [0.527046452942673, 0.3271409577564337, 2.151853899389514, 2.115535577924922, 2.114722748951521, 1.619399498877626, 1.650619291604497, 0.4254902862046896, 0.61582253660867, -2.124360215383787, 0.08985342940501866, -0.3226869643041863, 1.964492626438041, -2.550450754666701]
    - time_from_start: 0
      positions: [0.237523277037101, 0.7939624787541106, 0.2923921908675733, 1.225284170622006, 0.8022255438063293, -1.223806004625544, 0.292842345335055, 1.028527195593355, -0.07627249793708302, 2.892176675690103, 0.160322494556196, 1.339209884247277, -1.433882042247706, -1.754050689466763]
    - time_from_start: 0
      positions: [-1.311393384579225, -0.2449229596894579, -1.319908200557474, 0.4801944755113464, -0.3945744201576852, -0.9996396001967934, 1.683364880762532, 0.8312359204752476, 0.1646994629280864, -0.1538654363587813, 1.134520306979359, -3.05899999454208, 1.285457639090267, -3.019587249540002]