joint_trajectory:
  points:
    - positions: [-0.00345146, 0.0118884, 0.00421845, 1.39861, 0.0145728, 0.238918, 0.0007669899999999999, 0.00115049, 0.0145728, 0.00230097, 1.41586, -0.00115049, 0.253107, -0.18868]
      time_from_start: 0
    - positions: [0.1415527058565031, -0.07003892108704868, 1.490405296954409, 0.8817368465391917, 0.963067864641082, 0.1673840752422906, -3.023267955600284, -1.373671695516752, -1.495990438746754, -1.421731457763987, 1.500654252792708, 0.9103518821867183, -0.4495366964872736, -2.942207375271712]
      time_from_start: 0
    - positions: [-1.681513685144256, -0.4557869558842552, 0.4638504689617375, 1.051674548451247, -1.248571791800017, -0.6470962524880842, 0.6691124580260389, -0.1102714826892833, 0.6276699851231288, 1.34835038944611, 1.17289613661997, -1.19721356382042, -0.6009394111555408, -0.8144514927242178]
      time_from_start: 0
  joint_names: [left_s0, left_s1, left_e0, left_e1, left_w0, left_w1, left_w2, right_s0, right_s1, right_e0, right_e1, right_w0, right_w1, right_w2]