joint_trajectory:
  joint_names: [left_s0, left_s1, left_e0, left_e1, left_w0, left_w1, left_w2, right_s0, right_s1, right_e0, right_e1, right_w0, right_w1, right_w2]
  points:
    - positions: [-0.00345146, 0.0118884, 0.00421845, 1.39861, 0.0145728, 0.238918, 0.0007669899999999999, 0.00115049, 0.0145728, 0.00230097, 1.41586, -0.00115049, 0.253107, -0.18868]
      time_from_start: 0
    - positions: [1.561396721973483, -0.6118549856655298, -2.18522709307754, 1.668336488908156, -1.081015787384473, 1.390559033007402, -0.5418356707650238, 0.287211322895127, -0.08223749415297066, 0.4470086157101369, 1.25938250081148, -1.628171737100463, 1.492592770556759, 2.39651759156026]
      time_from_start: 0
    - positions: [-0.8678938368110891, -0.1333441264072315, -2.079875651955564, 1.197673911570874, 3.058967727476232, 1.335300691307678, -1.040686959161595, 0.9970157280047857, -0.03623491713556252, 0.571470084235756, 1.265110929540774, -2.951413757816216, 1.356653386772709, 2.518655674439624]
      time_from_start: 0