joint_trajectory:
  joint_names: [left_s0, left_s1, left_e0, left_e1, left_w0, left_w1, left_w2, right_s0, right_s1, right_e0, right_e1, right_w0, right_w1, right_w2]
  points:
    - positions: [-0.00345146, 0.0118884, 0.00421845, 1.39861, 0.0145728, 0.238918, 0.0007669899999999999, 0.00115049, 0.0145728, 0.00230097, 1.41586, -0.00115049, 0.253107, -0.18868]
      time_from_start: 0
    - time_from_start: 0
      positions: [-0.2202248654863772, 0.6185584991713986, 0.9619398276464279, 0.4363574647828936, 0.9121520621967503, 0.6775366710402548, -0.3645339684891513, 0.7989369430050006, -1.035301328433677, -0.8135649653417167, 1.874477358262986, 0.4518041866202838, 1.192708197120842, -0.3392881533759646]
    - time_from_start: 0
      positions: [0.8006545418763009, 0.5429605579175987, 1.97485139534353, 2.516516521820798, -0.3590341836297886, -0.3032226463420078, -1.905541999871843, -0.3790847556256434, 0.02598263271991197, 0.1695309289043316, 1.997511883286759, -0.4092100927387365, -0.3246986724932923, 2.892816446438897]
    - positions: [-0.3898895665897617, -0.3988897354987613, -0.6192157127297833, 1.648996990813235, 0.1154674433349493, -1.10081056352254, 0.5126061571726812, 1.612672015299026, -0.6726635339403322, -0.1723333170281674, 0.9079360051776031, -1.698236455620145, 0.721961282903103, 1.913483309624115]
      time_from_start: 0