joint_trajectory:
  points:
    - positions: [-0.00345146, 0.0118884, 0.00421845, 1.39861, 0.0145728, 0.238918, 0.0007669899999999999, 0.00115049, 0.0145728, 0.00230097, 1.41586, -0.00115049, 0.253107, -0.18868]
      time_from_start: 0
    - time_from_start: 0
      positions: [1.492270641100734, 0.5028037968357095, 0.1347479150215807, 0.6038161922330035, 2.384742885993794, -0.07320017183698302, -1.026919412656687, 0.179696895798537, 0.6028366160970182, -0.9371282844423172, 0.8401696882322429, 1.437781345210969, -0.6657999054042766, -1.628608447396662]
    - positions: [-0.7446707488122418, -0.3462746431666828, -1.54113490296885, 1.070360273009224, -0.3933379609927833, -1.048638566244112, 1.72597469261331, 1.354363496664253, 0.2153192732852511, -0.5329859190466396, 0.8405480130410738, 0.8110344671869559, -0.8890402785408974, 0.04040409212740879]
      time_from_start: 0
  joint_names: [left_s0, left_s1, left_e0, left_e1, left_w0, left_w1, left_w2, right_s0, right_s1, right_e0, right_e1, right_w0, right_w1, right_w2]