joint_trajectory:
  points:
    - positions: [-0.00345146, 0.0118884, 0.00421845, 1.39861, 0.0145728, 0.238918, 0.0007669899999999999, 0.00115049, 0.0145728, 0.00230097, 1.41586, -0.00115049, 0.253107, -0.18868]
      time_from_start: 0
    - positions: [-0.340814790174113, -0.1514224473475476, 2.465770097675581, 1.992210478466935, 0.04255208804318666, 0.7488190715358014, -2.695808416399173, 0.3458639891508248, -1.27078783476958, -2.102840676559676, 1.368022737561725, -1.188945190189872, -1.235572060627745, -0.02750509789725752]
      time_from_start: 0
    - time_from_start: 0
      positions: [-0.2109919350665083, 1.0174882288833, -1.649226344307349, 1.324096580005532, 1.181841955513048, -0.805673432673229, 1.332495205082358, 0.7777496567961449, -0.554635957038969, 0.8394992822226686, 1.627922342448628, 0.4172104296906901, -1.250435197988296, -0.8890131056738894]
  joint_names: [left_s0, left_s1, left_e0, left_e1, left_w0, left_w1, left_w2, right_s0, right_s1, right_e0, right_e1, right_w0, right_w1, right_w2]