joint_trajectory:
  points:
    - time_from_start: 0
      positions: [-0.00345146, 0.0118884, 0.00421845, 1.39861, 0.0145728, 0.238918, 0.0007669899999999999, 0.00115049, 0.0145728, 0.00230097, 1.41586, -0.00115049, 0.253107, -0.18868]
    - positions: [1.463562395717657, -0.5054179081823675, 2.356054557193463, 1.344506016344763, -0.5959667538334616, 1.542343885836502, 1.939537641514093, -1.396074970221548, -1.410075498498045, -0.61810250447737, 0.1240961482571438, -2.731822859573178, -0.7575938655055309, -2.976695422088727]
      time_from_start: 0
    - time_from_start: 0
      positions: [0.683692959254004, -0.5052416084511204, -2.314917071254053, 0.6483684633616357, -2.294211616558023, 0.1351799916234504, 1.106458338648546, -0.7154079378995941, -0.7954331955797969, -2.635497914953317, 0.3379353768527508, 1.821992924393155, 1.453164023101627, -1.745751087065786]
    - positions: [0.4588415744335212, 1.046998046239954, -1.877630125648084, 1.588042621434725, -0.1664174928473183, -0.1743022025814085, 2.79862112740157, 0.8866930552883386, 0.4178304218244721, 0.4161462935641413, 0.7287996106846857, -0.07200810973720005, -1.151049243467655, -0.3579913071712217]
      time_from_start: 0
  joint_names: [left_s0, left_s1, left_e0, left_e1, left_w0, left_w1, left_w2, right_s0, right_s1, right_e0, right_e1, right_w0, right_w1, right_w2]