joint_trajectory:
  points:
    - positions: [-0.00345146, 0.0118884, 0.00421845, 1.39861, 0.0145728, 0.238918, 0.0007669899999999999, 0.00115049, 0.0145728, 0.00230097, 1.41586, -0.00115049, 0.253107, -0.18868]
      time_from_start: 0
    - positions: [-0.3743116841546188, -0.8540830488591453, -0.8721868522215592, 0.2928340557180345, -0.7050237204590815, 1.346010092635008, -1.304535737706348, 0.2787005754910312, -0.1351490436531604, -2.721786287606791, 2.009144226369448, 1.251757412428502, 0.09851612238695706, -2.546825718762819]
      time_from_start: 0
    - positions: [-0.4046004526288529, -0.123983920608534, -2.950928151673919, 0.673189065258165, -0.5741253499568807, -0.803664395939712, -2.930627519655756, 0.6674857373851557, 0.01760252411847639, 1.813145202943846, 1.078387684293, 0.008581856993261973, -0.9537126908267206, -1.823330478844925]
      time_from_start: 0
  joint_names: [left_s0, left_s1, left_e0, left_e1, left_w0, left_w1, left_w2, right_s0, right_s1, right_e0, right_e1, right_w0, right_w1, right_w2]