joint_trajectory:
  points:
    - time_from_start: 0
      positions: [-0.00345146, 0.0118884, 0.00421845, 1.39861, 0.0145728, 0.238918, 0.0007669899999999999, 0.00115049, 0.0145728, 0.00230097, 1.41586, -0.00115049, 0.253107, -0.18868]
    - positions: [-1.177929909434683, -0.876887588278856, 2.087221905240985, 1.203689416697249, 1.849483821869828, 1.405216116536585, 1.917098375930451, -0.5290034346391999, 0.3851400168677794, -1.520199039875422, 0.4448125702487304, -2.452741901235655, -0.7234079771997494, 1.931158340694848]
      time_from_start: 0
    - time_from_start: 0
      positions: [0.5980679027392122, -1.2296191264675, -1.258819888154979, 0.2687848858553916, -0.7054623879604041, 1.783672535085648, -2.281703907758929, 0.5018411711111801, -1.131578198935836, -1.783527111720936, 0.6611976095419376, 1.572695408832282, 0.8747274042470545, -1.497206012889743]
    - time_from_start: 0
      positions: [0.1839775850786328, 0.9117556837698346, -2.069916245371695, 1.228112589250104, 2.708889629165136, 0.0004156662063777799, -0.1312888069093387, 0.177448473298549, 0.3886595526518922, 1.967094841579853, 1.647396051744765, 3.058997350482218, 0.938152668135227, 1.065996749292351]
  joint_names: [left_s0, left_s1, left_e0, left_e1, left_w0, left_w1, left_w2, right_s0, right_s1, right_e0, right_e1, right_w0, right_w1, right_w2]