joint_trajectory:
  points:
    - positions: [-0.00345146, 0.0118884, 0.00421845, 1.39861, 0.0145728, 0.238918, 0.0007669899999999999, 0.00115049, 0.0145728, 0.00230097, 1.41586, -0.00115049, 0.253107, -0.18868]
      time_from_start: 0
    - time_from_start: 0
      positions: [-0.2875280701362996, 0.1131434285484348, -0.6751133340178355, 1.421013784594462, -0.7589962426018105, 0.554686396870566, -0.3737570462935905, 0.1502831383991499, 0.2620963500310637, 0.4992873588079523, 1.42825933458772, 0.7731170894180935, 0.4644676599215057, 0.4057112858962366]
    - time_from_start: 0
      positions: [-0.7786901222839192, 0.4385270194810568, -1.765673455931225, 1.48436469318056, -2.111973110618077, 1.042106850531485, -0.8001326084027185, 0.282608827434961, 0.7921236148185372, 1.407024883765584, 1.499694441474765, 1.795785665696842, 0.8066240930450885, 1.156031753952875]
    - time_from_start: 0
      positions: [-0.9476073336790685, 0.5859436497263179, -2.337356671270461, 1.487225140443495, -2.578750441938945, 1.243922596186089, -0.9713815881650446, 0.3988419637019338, 1.017280919954998, 1.860281282620489, 1.504240000385969, 2.178524834165621, 0.9126206143840675, 1.440751254673543]
  joint_names: [left_s0, left_s1, left_e0, left_e1, left_w0, left_w1, left_w2, right_s0, right_s1, right_e0, right_e1, right_w0, right_w1, right_w2]