joint_trajectory:
  joint_names: [left_s0, left_s1, left_e0, left_e1, left_w0, left_w1, left_w2, right_s0, right_s1, right_e0, right_e1, right_w0, right_w1, right_w2]
  points:
    - time_from_start: 0
      positions: [-0.00345146, 0.0118884, 0.00421845, 1.39861, 0.0145728, 0.238918, 0.0007669899999999999, 0.00115049, 0.0145728, 0.00230097, 1.41586, -0.00115049, 0.253107, -0.18868]
    - time_from_start: 0
      positions: [-0.6308277152762305, -1.138990190794226, -1.130603732618906, 0.1072313352907076, 2.923535052934661, 1.970581891889519, -0.8070435517872685, -0.5668966797531907, -0.3168770768670364, -0.5646071136599216, 2.273144355782307, 2.052009418276604, 2.056560723924644, 2.820966927826871]
    - positions: [-0.447238025261088, -0.5460715747411897, -1.159655048760096, 1.592142125525745, 2.768849216227045, 1.062569082865291, -1.979867826719471, 1.09861002336514, 0.02491386282760775, 0.7262212011068577, 0.7806338940979587, 0.2466905200289076, -1.023845740551728, -0.8751656913332688]
      time_from_start: 0