joint_trajectory:
  joint_names: [left_s0, left_s1, left_e0, left_e1, left_w0, left_w1, left_w2, right_s0, right_s1, right_e0, right_e1, right_w0, right_w1, right_w2]
  points:
    - positions: [-0.00345146, 0.0118884, 0.00421845, 1.39861, 0.0145728, 0.238918, 0.0007669899999999999, 0.00115049, 0.0145728, 0.00230097, 1.41586, -0.00115049, 0.253107, -0.18868]
      time_from_start: 0
    - positions: [-0.2402971592809273, -0.03808848600508608, 0.5283323629372227, 0.2931113726692274, 1.354802426091395, -0.1059707963248551, 0.8983414758485742, 1.098083056340934, -0.1210412308368829, -1.199354633018134, 1.803099544893019, -0.3921247717435472, -0.6157708684561883, -2.369130726515781]
      time_from_start: 0
    - time_from_start: 0
      positions: [-0.4309197986873646, 0.03577939676705677, -0.9543742666188493, 1.481326140093104, 0.2505698736252128, -1.226787209848775, 0.9015887061224286, 0.8565001901870595, 0.6673806846789161, 0.456433377283319, 0.228140595604778, -0.2657353391252822, -0.8902055306092416, -0.191652308826956]