joint_trajectory:
  joint_names: [left_s0, left_s1, left_e0, left_e1, left_w0, left_w1, left_w2, right_s0, right_s1, right_e0, right_e1, right_w0, right_w1, right_w2]
  points:
    - positions: [-0.00345146, 0.0118884, 0.00421845, 1.39861, 0.0145728, 0.238918, 0.0007669899999999999, 0.00115049, 0.0145728, 0.00230097, 1.41586, -0.00115049, 0.253107, -0.18868]
      time_from_start: 0
    - positions: [1.11911315957106, -0.02523260355647627, -0.8909088362075166, 0.6135711571965365, 2.594160656317603, 1.670731812171784, 0.6343195030167701, 0.5721605614530252, -0.01707147355843297, 0.2446891792530157, 2.416162018146366, -2.84977208427107, 1.696321383805091, 2.483306445489638]
      time_from_start: 0
    - time_from_start: 0
      positions: [-0.3172810472465756, 1.002507693921811, -1.620064700600658, 0.5832452525143518, 1.758087259211179, -0.8472566663373926, 0.3960887782017863, 1.691118289604295, -0.2461260708404892, -0.3530716863566708, 1.261040926832971, -2.135969262014438, 0.9498470915059429, 2.896380487716948]