joint_trajectory:
  joint_names: [left_s0, left_s1, left_e0, left_e1, left_w0, left_w1, left_w2, right_s0, right_s1, right_e0, right_e1, right_w0, right_w1, right_w2]
  points:
    - positions: [-0.00345146, 0.0118884, 0.00421845, 1.39861, 0.0145728, 0.238918, 0.0007669899999999999, 0.00115049, 0.0145728, 0.00230097, 1.41586, -0.00115049, 0.253107, -0.18868]
      time_from_start: 0
    - time_from_start: 0
      positions: [1.529261420824294, -1.415069085202645, -1.321264550863719, 0.9071980507792904, 1.20834600450145, 1.044850319075731, 1.72475364350155, 1.451046745184284, 0.2654549891492355, 0.8281458665040229, 0.9628627756079657, 0.8024095837641507, -1.017023768526185, 1.124328547330108]
    - time_from_start: 0
      positions: [-0.4669083298573135, 0.484276650517355, -2.056589169889153, 1.670078367030905, -2.865602594978451, 1.167828952495674, -1.045502418695753, 1.064381138346193, -0.390570449657769, -0.02308429110769842, 1.579446173045249, -2.853097770062938, 1.195564418982246, 3.058836613145843]