joint_trajectory:
  points:
    - time_from_start: 0
      positions: [-0.00345146, 0.0118884, 0.00421845, 1.39861, 0.0145728, 0.238918, 0.0007669899999999999, 0.00115049, 0.0145728, 0.00230097, 1.41586, -0.00115049, 0.253107, -0.18868]
    - positions: [0.963237758259857, -1.51929251122335, -1.902380205232482, 1.28752150231041, -0.1380577566903085, 0.08241947883376644, -1.100894240940455, -0.4385133280722764, -0.162958817740902, 0.4458955374889575, 0.5593526472225784, -1.457995292784181, 1.796646235573461, 0.6713645058539695]
      time_from_start: 0
    - positions: [0.1322303716135286, -0.1664040247188678, -1.494201688180109, 1.518379365293442, 3.058992064309554, 0.5952489317429471, -1.677389682004319, 1.341875167842804, -0.1920634379438363, -0.4037771500937577, 1.106917508104164, 0.630364932621713, -0.81678472648815, -0.02962711303138709]
      time_from_start: 0
  joint_names: [left_s0, left_s1, left_e0, left_e1, left_w0, left_w1, left_w2, right_s0, right_s1, right_e0, right_e1, right_w0, right_w1, right_w2]