joint_trajectory:
  joint_names: [left_s0, left_s1, left_e0, left_e1, left_w0, left_w1, left_w2, right_s0, right_s1, right_e0, right_e1, right_w0, right_w1, right_w2]
  points:
    - time_from_start: 0
      positions: [-0.00345146, 0.0118884, 0.00421845, 1.39861, 0.0145728, 0.238918, 0.0007669899999999999, 0.00115049, 0.0145728, 0.00230097, 1.41586, -0.00115049, 0.253107, -0.18868]
    - time_from_start: 0
      positions: [0.0663321238033896, -0.2318291926328091, 0.1113560251953802, 0.2641649046055972, -0.7944663322926497, -0.5767481101441893, -2.377341743305792, -0.1609794047042541, 0.6203244108916262, 0.2325251419671996, 0.1365782343791798, -0.1851131045017391, 1.806518434137528, 0.8185879139681349]
    - time_from_start: 0
      positions: [0.05858137186070023, -0.4461183026041833, -0.4953008275651412, 2.265670783620328, -0.6997297740364448, 0.776701114024958, 1.601629906051793, 0.08038566255212665, 0.884468092367519, 2.128718811519017, 1.085140280460939, -0.006238742325920477, 2.014589677233565, -2.633080126067624]
    - time_from_start: 0
      positions: [-0.6376861973878988, 0.7331072465729003, -2.825630627057828, 1.37182520320829, 0.1007935847880022, -0.6205910974649588, 2.819658954412303, 0.955288580463131, 0.2585904290566394, 1.192234895921291, 0.4077021298147758, -0.2655859649511286, -0.6765654937270427, -0.94701115080458]