joint_trajectory:
  joint_names: [left_s0, left_s1, left_e0, left_e1, left_w0, left_w1, left_w2, right_s0, right_s1, right_e0, right_e1, right_w0, right_w1, right_w2]
  points:
    - time_from_start: 0
      positions: [-0.00345146, 0.0118884, 0.00421845, 1.39861, 0.0145728, 0.238918, 0.0007669899999999999, 0.00115049, 0.0145728, 0.00230097, 1.41586, -0.00115049, 0.253107, -0.18868]
    - positions: [1.156792744166276, 0.09799869098793712, -0.8539505427210048, 1.846278459552675, 0.8119670935790055, 0.7540695717796804, -0.8026351552158593, -0.05053857851316867, -0.5198983621271325, -0.7525716159025384, 1.670010406717658, 2.775837143656798, 0.2227367587421729, -2.760336952265818]
      time_from_start: 0
    - time_from_start: 0
      positions: [-0.05124315569182906, 1.046994424554611, -2.249536579410248, 1.287891794236342, 0.6964653553636271, -0.1215280381964711, 2.056739889640756, 0.8965077097611542, 0.049270449478376, 1.708144305456771, 0.9675269637703421, 3.058997214487759, 1.071657344666146, 1.472300528472342]