joint_trajectory:
  joint_names: [left_s0, left_s1, left_e0, left_e1, left_w0, left_w1, left_w2, right_s0, right_s1, right_e0, right_e1, right_w0, right_w1, right_w2]
  points:
    - positions: [-0.00345146, 0.0118884, 0.00421845, 1.39861, 0.0145728, 0.238918, 0.0007669899999999999, 0.00115049, 0.0145728, 0.00230097, 1.41586, -0.00115049, 0.253107, -0.18868]
      time_from_start: 0
    - time_from_start: 0
      positions: [-0.7134409726739407, -1.180310433426406, 1.508278134230474, 2.137161295793951, 2.782706561859231, 0.6658730995651965, -2.561365244365297, -0.2905591752572561, 1.045204089735635, -0.9341152116579323, 1.543265902228653, -1.907283760015387, -1.398351936517509, -1.115922012300696]
    - time_from_start: 0
      positions: [1.186682642719262, 0.7692279306175189, 0.1858019656705792, 0.54126037594676, -0.9644301007743925, 1.057310715492808, 0.6504606178342365, -0.4487231201501569, -1.225035467314068, 2.126420339793843, 1.053010625623166, 0.7999844128889961, 0.2532178169287207, -0.5928697744361124]
    - time_from_start: 0
      positions: [-0.6741426418735135, 0.9914250805680125, -2.991224090540208, 0.9425379455001826, -0.1660521880407963, 0.0625552938666423, -3.059, 0.7998076212364108, 0.04088833301664071, 1.742568462999266, 0.7356771472821882, -0.06983388798066573, -0.753042933505311, -1.697934777586417]