joint_trajectory:
  points:
    - positions: [-0.00345146, 0.0118884, 0.00421845, 1.39861, 0.0145728, 0.238918, 0.0007669899999999999, 0.00115049, 0.0145728, 0.00230097, 1.41586, -0.00115049, 0.253107, -0.18868]
      time_from_start: 0
    - time_from_start: 0
      positions: [0.0580801494108627, -0.1339043409274892, 1.672909380237164, 1.26932178653311, 1.555666465030983, 0.8114120551709409, 2.578248014572543, 0.6681565332230472, 0.9966199583229609, 2.772664929570793, 2.20918880099617, 1.2796557504409, -0.9841553823987439, -2.28820487711113]
    - positions: [-1.065758445769256, 1.037135800451654, -2.747464556074372, 1.085945251409847, -1.780957790520879, 0.6199338549976838, -1.550274741459084, 0.5721046020231285, 0.5111998830355108, 2.184585220324866, 1.47802815776797, -0.3268084850258389, -1.012225573620517, -2.12600745701291]
      time_from_start: 0
  joint_names: [left_s0, left_s1, left_e0, left_e1, left_w0, left_w1, left_w2, right_s0, right_s1, right_e0, right_e1, right_w0, right_w1, right_w2]