joint_trajectory:
  joint_names: [left_s0, left_s1, left_e0, left_e1, left_w0, left_w1, left_w2, right_s0, right_s1, right_e0, right_e1, right_w0, right_w1, right_w2]
  points:
    - time_from_start: 0
      positions: [-0.00345146, 0.0118884, 0.00421845, 1.39861, 0.0145728, 0.238918, 0.0007669899999999999, 0.00115049, 0.0145728, 0.00230097, 1.41586, -0.00115049, 0.253107, -0.18868]
    - positions: [0.6563091602717019, 0.6034138116156682, -0.4159742646957776, 0.5849145355299114, -2.889152431669645, 0.6665417640252471, -2.920126661404967, 1.223291301855183, -0.4322163091455584, -0.2208169183750393, 0.6530550190173088, 0.6979408372724429, 1.563844187715239, -1.780944986948278]
      time_from_start: 0
    - time_from_start: 0
      positions: [-0.9698715739417277, 0.02255661898829898, -0.5722038253987461, 0.6615930327776091, -0.2014247240611297, -0.7856894311408058, 0.7248315699664196, 0.4850082748423397, 0.5130196658582979, 2.318576870158335, 1.30776478336993, -0.205395066591842, -0.745891185140149, -2.278542737956848]