joint_trajectory:
  points:
    - time_from_start: 0
      positions: [-0.00345146, 0.0118884, 0.00421845, 1.39861, 0.0145728, 0.238918, 0.0007669899999999999, 0.00115049, 0.0145728, 0.00230097, 1.41586, -0.00115049, 0.253107, -0.18868]
    - time_from_start: 0
      positions: [0.6671874161471307, 0.9025757829560899, 0.04404557464181691, 1.02605229920987, -1.70573778239601, 0.5757137133607864, 0.3740873984968234, -0.3916066606232913, -1.060069397836923, -0.8621759838647449, 1.328687226988375, -1.389446296950525, 1.713557109339419, -2.01282459623972]
    - positions: [0.4327699493308166, 0.05950969769945402, -2.500922370768992, 0.3019843441601842, 2.945353573962115, -0.382439056816068, 1.423162749376148, 1.673905530159536, -0.1434219436799173, 0.7591611400059555, 0.5795658107763155, -2.394680701846257, -0.4786736157508802, 0.7382904613073915]
      time_from_start: 0
    - time_from_start: 0
      positions: [-0.9221070811761367, 0.9639073579061219, -2.256823271340302, 1.160931665597246, -2.029147293090865, 0.9237318561736008, -1.564956360668888, 0.2707310785270658, 0.485259572498847, 1.99357303308289, 1.843668961475152, 2.959614606023209, 1.181435860163034, 1.027511208607672]
  joint_names: [left_s0, left_s1, left_e0, left_e1, left_w0, left_w1, left_w2, right_s0, right_s1, right_e0, right_e1, right_w0, right_w1, right_w2]