joint_trajectory:
  points:
    - positions: [-0.00345146, 0.0118884, 0.00421845, 1.39861, 0.0145728, 0.238918, 0.0007669899999999999, 0.00115049, 0.0145728, 0.00230097, 1.41586, -0.00115049, 0.253107, -0.18868]
      time_from_start: 0
    - positions: [1.244125000802251, -0.8816961379782295, 1.303235773581369, 1.142945104829036, -0.7201730778459461, 1.228992957142717, 2.449790784900543, 0.1396241628358097, 1.021626046121121, -0.5257596685648753, 0.3100625350726768, 0.3563372048246674, 0.231754305789547, 0.7574236256815494]
      time_from_start: 0
    - time_from_start: 0
      positions: [-1.188469173300288, -0.6855121955630025, -0.4017075036083139, 1.167683898915852, 2.271821126907851, 0.8941354669219973, -2.122639700968718, 1.564904726492843, 0.06851118672692783, -0.4202509672932906, 0.4662367981879197, 1.413069748481931, -0.7340914901272598, -0.791776799250833]
  joint_names: [left_s0, left_s1, left_e0, left_e1, left_w0, left_w1, left_w2, right_s0, right_s1, right_e0, right_e1, right_w0, right_w1, right_w2]