joint_trajectory:
  points:
    - time_from_start: 0
      positions: [-0.00345146, 0.0118884, 0.00421845, 1.39861, 0.0145728, 0.238918, 0.0007669899999999999, 0.00115049, 0.0145728, 0.00230097, 1.41586, -0.00115049, 0.253107, -0.18868]
    - time_from_start: 0
      positions: [0.6910199813452693, 0.2014929149351086, 2.254412169616334, 1.884147479559295, -2.499348889534362, -0.7224196078087196, -1.943629564854316, -0.4339890231039063, -0.8454234941545873, 2.393723482341693, 0.662692499150522, 0.03134969973843527, 1.123963302151688, 2.270503307148815]
    - time_from_start: 0
      positions: [-1.036751924812672, -0.2746961494846188, -0.4424477955244831, 1.381135179547065, -0.3686662976045217, -1.260927002283448, 0.5679454369790552, 1.014207221219953, 0.5404484110379582, -0.3437434977452324, 0.546552782125508, 0.4688005954556906, -1.04650520029423, 0.06630969479779607]
  joint_names: [left_s0, left_s1, left_e0, left_e1, left_w0, left_w1, left_w2, right_s0, right_s1, right_e0, right_e1, right_w0, right_w1, right_w2]