joint_trajectory:
  points:
    - time_from_start: 0
      positions: [-0.00345146, 0.0118884, 0.00421845, 1.39861, 0.0145728, 0.238918, 0.0007669899999999999, 0.00115049, 0.0145728, 0.00230097, 1.41586, -0.00115049, 0.253107, -0.18868]
    - positions: [-0.7385399500077392, -0.9579534225277602, 0.8030634727206203, 0.3804709302494302, -1.653049664599821, 0.2206875255557408, 2.23503426040709, -0.4634024119876623, -1.496442771339789, 1.181910748091958, 1.211850852949545, 2.373877850623802, -1.249921941438906, 1.148840171212796]
      time_from_start: 0
    - positions: [0.2510552332579601, 0.03885485548700108, -0.9242262611071753, 1.563236443376368, -2.317439337729355, 0.8310660288794735, -2.529884792819777, 0.233825899040017, 0.9961828479601423, 1.620972751011908, 0.5065015722510426, 1.217042581221759, 0.8220953528251325, 2.913793685605817]
      time_from_start: 0
  joint_names: [left_s0, left_s1, left_e0, left_e1, left_w0, left_w1, left_w2, right_s0, right_s1, right_e0, right_e1, right_w0, right_w1, right_w2]