joint_trajectory:
  joint_names: [left_s0, left_s1, left_e0, left_e1, left_w0, left_w1, left_w2, right_s0, right_s1, right_e0, right_e1, right_w0, right_w1, right_w2]
  points:
    - time_from_start: 0
      positions: [-0.00345146, 0.0118884, 0.00421845, 1.39861, 0.0145728, 0.238918, 0.0007669899999999999, 0.00115049, 0.0145728, 0.00230097, 1.41586, -0.00115049, 0.253107, -0.18868]
    - positions: [1.440628150831701, -0.4888188612521625, -0.6708245155795707, 1.44878010711167, -0.8344178972714582, -0.7241836545273848, -2.063761804012582, -0.6396128381753063, 0.1686250028740615, 0.8962360648860308, -0.02071060591191054, -0.1486744036423042, 1.328029828406504, -1.837699625140522]
      time_from_start: 0
    - time_from_start: 0
      positions: [-0.7890322960735711, 0.8751322824870608, -3.05417993878, 1.650859420752601, 0.1021154942996951, -0.7844270027538464, 3.008806746516123, 0.3228327389747417, 0.4737278814762007, 1.47117459460129, 1.208882176061455, -0.6346666227738751, -0.8476580920170799, -1.239516047407261]