joint_trajectory:
  joint_names: [left_s0, left_s1, left_e0, left_e1, left_w0, left_w1, left_w2, right_s0, right_s1, right_e0, right_e1, right_w0, right_w1, right_w2]
  points:
    - positions: [-0.00345146, 0.0118884, 0.00421845, 1.39861, 0.0145728, 0.238918, 0.0007669899999999999, 0.00115049, 0.0145728, 0.00230097, 1.41586, -0.00115049, 0.253107, -0.18868]
      time_from_start: 0
    - time_from_start: 0
      positions: [1.034534192119546, -0.02947332489211085, -0.3459522710597907, 2.159026846015826, -1.175995172975119, -1.299245064124414, 0.4754954709089363, -1.004368738970752, -0.4921611001999115, 0.1158559054282007, 2.372093377414159, 2.500200571475085, -0.4854688961516109, 0.5919001018004493]
    - time_from_start: 0
      positions: [-1.561644111514717, -0.5295239008817619, 1.047643071401844, 1.401217982400373, 3.059, 0.4986421572314402, 2.364738390974285, 1.175132688674712, 0.4330380392164751, 1.901455029386036, 0.1570076750270885, 2.20330057042248, 0.65016018502221, 2.220643719809662]