joint_trajectory:
  points:
    - time_from_start: 0
      positions: [-0.00345146, 0.0118884, 0.00421845, 1.39861, 0.0145728, 0.238918, 0.0007669899999999999, 0.00115049, 0.0145728, 0.00230097, 1.41586, -0.00115049, 0.253107, -0.18868]
    - positions: [-0.2971669102578417, 0.318207158086641, -0.4782696885241082, 1.359045678840578, -0.358670320765039, 0.5515893205393593, -0.5475634306124479, 0.6070181161028456, -0.3173875311608164, 0.6917827386236761, 1.538711347454814, 1.058034771139015, 0.4638559650833217, 0.2204158028211638]
      time_from_start: 0
    - positions: [-0.6885752440491654, 0.6838311476975636, -1.589138111181715, 1.070346354217578, -1.615867060190795, 0.8265210938444024, -1.272338485566548, 0.7802382822543553, -0.02722075231250259, 1.283448007711171, 1.16725109471072, 2.374543561921649, 1.014517632335366, 1.124244490100935]
      time_from_start: 0
    - positions: [-0.9167467344799433, 0.8574310127999029, -2.188497632052627, 1.035502217117472, -2.084448387079216, 0.9067439355860015, -1.639605074511304, 0.9368830821662318, 0.05071802547758662, 1.718073484970277, 1.059169681901825, 3.058996516620125, 1.193446485844487, 1.463252151708918]
      time_from_start: 0
  joint_names: [left_s0, left_s1, left_e0, left_e1, left_w0, left_w1, left_w2, right_s0, right_s1, right_e0, right_e1, right_w0, right_w1, right_w2]