joint_trajectory:
  joint_names: [left_s0, left_s1, left_e0, left_e1, left_w0, left_w1, left_w2, right_s0, right_s1, right_e0, right_e1, right_w0, right_w1, right_w2]
  points:
    - time_from_start: 0
      positions: [-0.00345146, 0.0118884, 0.00421845, 1.39861, 0.0145728, 0.238918, 0.0007669899999999999, 0.00115049, 0.0145728, 0.00230097, 1.41586, -0.00115049, 0.253107, -0.18868]
    - positions: [0.06142047628873804, 0.1047876480589625, -2.011568105979526, 1.304648117953911, 0.9080477218572049, -1.318033309036965, -0.7177799715176225, 1.089596107280378, -0.01821861390024404, 2.759617076279959, 0.5359450924517586, 0.1052648005033845, 2.026996353897628, 1.002908333301079]
      time_from_start: 0
    - positions: [-1.487349135740071, 0.6006154554678576, 1.804273248597814, 0.9384335689570141, -1.280056475385143, -0.2869476858702585, -0.8916062944300595, -0.02565998240410825, -0.1809676461100102, 1.426073397479507, 1.17980832192938, 0.07592978860322433, -0.3543402492784337, -1.409552604254728]
      time_from_start: 0