joint_trajectory:
  points:
    - time_from_start: 0
      positions: [-0.00345146, 0.0118884, 0.00421845, 1.39861, 0.0145728, 0.238918, 0.0007669899999999999, 0.00115049, 0.0145728, 0.00230097, 1.41586, -0.00115049, 0.253107, -0.18868]
    - time_from_start: 0
      positions: [-1.526398319158692, -0.607026222514454, 2.580341349062616, 1.183327607451007, 0.276756163311191, -0.7138805042048374, 0.5276362814879976, 0.7407879960719295, 0.6562457187329422, 2.799135878614733, 1.285147626420483, 0.885244955989998, 1.224715837628059, -1.849395273294766]
    - time_from_start: 0
      positions: [-0.9824177960289467, -0.7732385497125795, 3.053273374472258, 1.461281883161515, -0.4825309865977614, -0.5945833531394251, 2.497411856158171, 0.1824999750511893, -0.7534431448532266, 1.986192497311714, 1.655685172027908, -1.306789977909532, 1.718784509671397, -2.49859092552634]
    - positions: [-0.3757422270972399, -0.2190951126300237, -0.64081617958218, 1.545568046272312, 0.2229235944529512, -1.136855010318631, 0.5507639035202311, 0.6759999128761193, -1.041568310221872, 0.362429578403502, 1.798116045728995, 0.2869040529287861, -0.7791825136057398, -0.3893042697189625]
      time_from_start: 0
  joint_names: [left_s0, left_s1, left_e0, left_e1, left_w0, left_w1, left_w2, right_s0, right_s1, right_e0, right_e1, right_w0, right_w1, right_w2]