joint_trajectory:
  points:
    - positions: [-0.00345146, 0.0118884, 0.00421845, 1.39861, 0.0145728, 0.238918, 0.0007669899999999999, 0.00115049, 0.0145728, 0.00230097, 1.41586, -0.00115049, 0.253107, -0.18868]
      time_from_start: 0
    - positions: [-0.3290832694260293, 0.8432747049289757, 2.25788231048656, 2.258209432171657, 2.07937474551797, -0.8190226023175633, 0.08277703497791666, -0.6984856198928915, -1.390502186531666, 2.208153856556991, 0.675900751450099, 1.715335038272198, 1.407631588109063, 0.3989026158223861]
      time_from_start: 0
    - positions: [-0.5929892809528741, 0.1031962312352952, -1.753617630180391, 1.31458871509251, -3.057781193743403, 1.106224448407398, -1.413001624843401, 0.9975838734184375, -0.09983882981575209, -0.7541087598204302, 1.326009626863453, -3.058999975015256, 1.109635114929962, -2.418599224506743]
      time_from_start: 0
  joint_names: [left_s0, left_s1, left_e0, left_e1, left_w0, left_w1, left_w2, right_s0, right_s1, right_e0, right_e1, right_w0, right_w1, right_w2]