joint_trajectory:
  joint_names: [left_s0, left_s1, left_e0, left_e1, left_w0, left_w1, left_w2, right_s0, right_s1, right_e0, right_e1, right_w0, right_w1, right_w2]
  points:
    - time_from_start: 0
      positions: [-0.00345146, 0.0118884, 0.00421845, 1.39861, 0.0145728, 0.238918, 0.0007669899999999999, 0.00115049, 0.0145728, 0.00230097, 1.41586, -0.00115049, 0.253107, -0.18868]
    - positions: [0.1317980799795597, -0.3054868819820693, 1.535414024909666, 2.00497603382729, -0.6374053004197777, 0.3912649178399668, 1.718833657812793, -0.5519217157043936, -0.6283433683910404, -1.33351580253953, 0.4300060899192467, -1.396175453313161, 1.885680871435338, -1.24852691859426]
      time_from_start: 0
    - time_from_start: 0
      positions: [-1.680848554614671, -0.2043681682111254, 1.519890564128636, 1.952320034884352, -3.043161212983511, 1.039707953760784, 1.715243647193976, 1.343849949713314, 0.5724906637321856, 2.16179340148149, 0.4802144782019003, 2.208890371475827, 0.9881963651316135, 1.887554748488863]