joint_trajectory:
  points:
    - time_from_start: 0
      positions: [-0.00345146, 0.0118884, 0.00421845, 1.39861, 0.0145728, 0.238918, 0.0007669899999999999, 0.00115049, 0.0145728, 0.00230097, 1.41586, -0.00115049, 0.253107, -0.18868]
    - positions: [0.4129898451211185, -1.393436949778814, 0.4746636227997247, 0.9702688161069526, 0.4235463809645736, 1.525884683227205, -2.634292627462186, 1.589465472354774, -0.1786573223420418, -2.0183863276804, 0.6985261842962354, -0.4225052974065764, 0.3252340244550267, 2.39224676628178]
      time_from_start: 0
    - positions: [-0.2095574111202121, -0.1607158415481794, -1.451929424683845, 1.297317883621909, -0.09341302963544659, -0.7140591992360757, 1.454582646424278, 0.9110406852354864, 0.1074955307373462, 0.7997293320300312, 0.5926512054999695, 0.01772734742839173, -0.7536407039100689, -0.816368099206791]
      time_from_start: 0
  joint_names: [left_s0, left_s1, left_e0, left_e1, left_w0, left_w1, left_w2, right_s0, right_s1, right_e0, right_e1, right_w0, right_w1, right_w2]