joint_trajectory:
  joint_names: [left_s0, left_s1, left_e0, left_e1, left_w0, left_w1, left_w2, right_s0, right_s1, right_e0, right_e1, right_w0, right_w1, right_w2]
  points:
    - time_from_start: 0
      positions: [-0.00345146, 0.0118884, 0.00421845, 1.39861, 0.0145728, 0.238918, 0.0007669899999999999, 0.00115049, 0.0145728, 0.00230097, 1.41586, -0.00115049, 0.253107, -0.18868]
    - time_from_start: 0
      positions: [-0.6309209270208695, 0.3153464761225596, -1.785354600678964, 1.474342988224807, 0.2635445037847206, -0.3768078257700712, 1.425571393263245, 0.4121103402389727, 0.1854620595523512, 0.8389678735726054, 1.19301012433903, 1.436061329543785, 0.8341778463017688, 1.589242259112609]
    - time_from_start: 0
      positions: [-0.7803542444831506, 0.5883535870155472, -2.341539561480983, 1.458299973289494, 0.3864528171926352, -0.5219112141824068, 1.918857170103337, 0.5258655798769131, 0.3076135634791544, 1.125206618653884, 1.106428573471449, 1.927716570582074, 0.9272407152170173, 1.727230282525962]
    - time_from_start: 0
      positions: [-1.101667425699413, 0.7890428909889343, -2.961198354915417, 1.482316172718597, 0.6049287945289511, -0.8416418323120365, 2.561226879921089, 0.7527727583433138, 0.4290464983614867, 1.474641903817006, 0.9881782980008796, 2.643523709939449, 1.051313829065755, 1.926155718997429]