joint_trajectory:
  points:
    - positions: [-0.00345146, 0.0118884, 0.00421845, 1.39861, 0.0145728, 0.238918, 0.0007669899999999999, 0.00115049, 0.0145728, 0.00230097, 1.41586, -0.00115049, 0.253107, -0.18868]
      time_from_start: 0
    - time_from_start: 0
      positions: [-0.2201812324164649, 0.1549504105611708, -2.756590365891646, 0.3047665687901899, -0.5749243586519732, 1.269590122238383, -2.730059873582795, 0.7724906424956135, -0.5185245769429019, 1.891582272147072, 0.8846333723897113, -1.701556983693037, 0.5360857974276523, -0.408145491381176]
    - positions: [-1.319684827448016, 0.7614796863357277, 1.005707276028865, 0.5733490791585791, 1.884941766505921, 0.9571171740563243, 2.900696736425685, 0.7647761966473204, 0.7590068983231679, 2.442628104836892, 1.75099749358262, 2.654989567095928, 1.165199331688521, 0.7609788690304237]
      time_from_start: 0
  joint_names: [left_s0, left_s1, left_e0, left_e1, left_w0, left_w1, left_w2, right_s0, right_s1, right_e0, right_e1, right_w0, right_w1, right_w2]