joint_trajectory:
  joint_names: [left_s0, left_s1, left_e0, left_e1, left_w0, left_w1, left_w2, right_s0, right_s1, right_e0, right_e1, right_w0, right_w1, right_w2]
  points:
    - positions: [-0.00345146, 0.0118884, 0.00421845, 1.39861, 0.0145728, 0.238918, 0.0007669899999999999, 0.00115049, 0.0145728, 0.00230097, 1.41586, -0.00115049, 0.253107, -0.18868]
      time_from_start: 0
    - positions: [0.4878398123285503, -0.1786843685517086, 0.4638445826458097, 1.271445782287046, 2.865506969342008, 0.4621058388467931, -2.568817305724602, 0.02807183125764934, -0.9218030313793568, -1.912615608844622, 0.562867487868294, -3.018497883475852, 0.05979566130415259, -2.910672819361091]
      time_from_start: 0
    - time_from_start: 0
      positions: [-1.035227703673113, 0.08130401178200232, -0.8759105025619895, 0.8675139636247042, 3.034948757886853, 1.107998669295139, -2.215389328076159, 0.5742166403447184, -0.8488027066809418, 0.749510554074291, 1.662677011605147, 0.4569233511960375, -0.9106429797213021, -0.7985441953260987]