joint_trajectory:
  joint_names: [left_s0, left_s1, left_e0, left_e1, left_w0, left_w1, left_w2, right_s0, right_s1, right_e0, right_e1, right_w0, right_w1, right_w2]
  points:
    - positions: [-0.00345146, 0.0118884, 0.00421845, 1.39861, 0.0145728, 0.238918, 0.0007669899999999999, 0.00115049, 0.0145728, 0.00230097, 1.41586, -0.00115049, 0.253107, -0.18868]
      time_from_start: 0
    - time_from_start: 0
      positions: [-0.1820633020324696, -0.7812678523990324, 0.6773038025030886, 2.262191474544816, -0.5848550792797469, 1.317541614272907, -0.7956878348365426, -1.248062088993344, -0.2245732513582333, -1.843091369974335, 1.683777507708408, 1.752283950029873, -1.1965143051642, 2.392885028820951]
    - positions: [0.01651764270325395, 1.045731174429749, -1.815689416601521, 1.541057369211202, 0.8898585542547273, -0.553561686034333, 1.772396530457419, 1.122520050193593, -0.9150681250666827, -0.8281176124868261, 1.843527710311082, 2.721513026105196, 0.9700743295565027, -2.395569759681843]
      time_from_start: 0