joint_trajectory:
  joint_names: [left_s0, left_s1, left_e0, left_e1, left_w0, left_w1, left_w2, right_s0, right_s1, right_e0, right_e1, right_w0, right_w1, right_w2]
  points:
    - positions: [-0.00345146, 0.0118884, 0.00421845, 1.39861, 0.0145728, 0.238918, 0.0007669899999999999, 0.00115049, 0.0145728, 0.00230097, 1.41586, -0.00115049, 0.253107, -0.18868]
      time_from_start: 0
    - positions: [1.295349297763872, -1.110147539145313, -0.2049455989408111, 1.83095683947578, 1.534465916564688, -1.167330769677668, -2.052034849123098, 0.4214281816294987, -1.354049144660588, -1.80921945299331, 2.534404225822538, -2.057430530327372, 0.7616958218503647, 1.381244234556798]
      time_from_start: 0
    - positions: [-1.08192627446968, -1.005061251591042, 0.6993393140096038, 1.918765747555051, -2.780343068644113, 0.9457531047880876, 2.549107436423573, -0.1409149179045419, 0.8509107005593666, 1.587227126225681, 1.556476924683332, -0.8608730151169935, -0.6193144394023522, -1.571430430187933]
      time_from_start: 0