joint_trajectory:
  points:
    - time_from_start: 0
      positions: [-0.00345146, 0.0118884, 0.00421845, 1.39861, 0.0145728, 0.238918, 0.0007669899999999999, 0.00115049, 0.0145728, 0.00230097, 1.41586, -0.00115049, 0.253107, -0.18868]
    - time_from_start: 0
      positions: [1.307113290536726, 0.8542143705990166, -1.836409157381692, 2.343006144722923, -1.729342373591382, 1.023754374874717, 2.66362747711502, 0.0670768503845085, 0.08173691889643697, -0.7424336737276667, 0.8436487482096998, -1.071079145285301, -0.7135654385402963, -1.035568374747876]
    - positions: [-1.630514045962323, -2.054380761057138, -2.869805681903813, 1.082626704045571, 1.810278145769611, -1.14841924161384, 2.644072889726609, 1.181394892151712, -0.8343911831877193, -1.367588984044473, 1.774370537567884, -2.631458816657774, -0.441477041487057, -0.7166804410284384]
      time_from_start: 0
    - time_from_start: 0
      positions: [0.2038687710111197, 0.586832750168918, -1.307405568731701, 1.701145396756258, -2.404202826908439, 0.8549843419215987, -1.76140515633246, 1.37077204977314, 0.7230481739738771, 2.875902442619108, 1.386455192943585, 2.235587500913214, 1.048112456108304, 0.8241403044359115]
  joint_names: [left_s0, left_s1, left_e0, left_e1, left_w0, left_w1, left_w2, right_s0, right_s1, right_e0, right_e1, right_w0, right_w1, right_w2]