joint_trajectory:
  points:
    - positions: [-0.00345146, 0.0118884, 0.00421845, 1.39861, 0.0145728, 0.238918, 0.0007669899999999999, 0.00115049, 0.0145728, 0.00230097, 1.41586, -0.00115049, 0.253107, -0.18868]
      time_from_start: 0
    - positions: [-0.1894421142258582, 0.7518963388572448, 2.932578097948457, 1.081292296946049, 1.038964078631252, 0.8684559820988826, 1.095551361540799, -0.2533344414852021, -0.7264488910674116, -3.038150358287279, 0.262243669077754, -1.054151214065496, 0.2484927168087365, 2.540432981144637]
      time_from_start: 0
    - positions: [-1.009221261440702, 0.02419829749947645, -0.8076230494557382, 0.93164175774332, -0.1521288227172941, -1.112678223041171, 0.8836488497188172, 0.4826303785717438, -1.060068563229645, 0.3664879519298309, 1.824039848673398, 0.04499865730912894, -0.7380698098022989, -0.2178076953693456]
      time_from_start: 0
  joint_names: [left_s0, left_s1, left_e0, left_e1, left_w0, left_w1, left_w2, right_s0, right_s1, right_e0, right_e1, right_w0, right_w1, right_w2]