joint_trajectory:
  joint_names: [left_s0, left_s1, left_e0, left_e1, left_w0, left_w1, left_w2, right_s0, right_s1, right_e0, right_e1, right_w0, right_w1, right_w2]
  points:
    - positions: [-0.00345146, 0.0118884, 0.00421845, 1.39861, 0.0145728, 0.238918, 0.0007669899999999999, 0.00115049, 0.0145728, 0.00230097, 1.41586, -0.00115049, 0.253107, -0.18868]
      time_from_start: 0
    - time_from_start: 0
      positions: [-0.4506509943797892, -1.064528189602773, -1.077313695188792, 1.371211461642757, -1.163439458521083, -1.461537377600589, -1.055118067699019, -1.396490547795199, 0.03906047940813018, 1.788434423371052, 1.947593728834763, 2.997881923975889, -0.2332574621770442, 1.05123883016454]
    - positions: [-0.915793331248591, -0.6992997219311363, -0.4968088261590187, 1.251962681917597, 2.502423942315194, 0.76984938192842, -2.237221879384928, 0.08608866450206216, 0.2393292391100646, 1.199361571191487, 1.131738446770953, -0.7542625209443816, -0.6464763266542118, -0.7905356580287932]
      time_from_start: 0