joint_trajectory:
  joint_names: [left_s0, left_s1, left_e0, left_e1, left_w0, left_w1, left_w2, right_s0, right_s1, right_e0, right_e1, right_w0, right_w1, right_w2]
  points:
    - positions: [-0.00345146, 0.0118884, 0.00421845, 1.39861, 0.0145728, 0.238918, 0.0007669899999999999, 0.00115049, 0.0145728, 0.00230097, 1.41586, -0.00115049, 0.253107, -0.18868]
      time_from_start: 0
    - positions: [0.03816288994234007, -1.287692454266827, -1.629170990323372, 0.2117745153186842, 2.282353236911353, -0.6586465473576532, -2.82946876051277, -1.64625751433321, -0.3020146265374495, -1.140000539499873, 2.164865648519248, 2.709600020421669, -0.3214808808756395, -1.786357143432368]
      time_from_start: 0
    - positions: [-1.105509264165138, 0.4996788595921074, -0.03916544129379722, 0.5640900348827204, -0.3322052089930351, -1.099013530674444, 0.1991512653918379, 0.6175866655225664, -0.9624674517555609, 0.7976482386308491, 1.921671746248006, -2.594856410244032, 1.116920183554678, 2.394608912341158]
      time_from_start: 0