joint_trajectory:
  points:
    - time_from_start: 0
      positions: [-0.00345146, 0.0118884, 0.00421845, 1.39861, 0.0145728, 0.238918, 0.0007669899999999999, 0.00115049, 0.0145728, 0.00230097, 1.41586, -0.00115049, 0.253107, -0.18868]
    - positions: [1.247348383540748, -0.1859345754557287, -1.535340664300029, 0.2403470990043133, -1.871533285979647, 0.307770718882169, -2.814369998445269, -1.16233491743387, -0.4316095925131811, -0.2481661609695123, 0.2006743369968608, -0.8438836947903039, -0.6924117897832031, -0.4816254772427491]
      time_from_start: 0
    - time_from_start: 0
      positions: [-0.5635757200818701, -0.7927741707046514, -3.035355920940815, 0.8710377931138499, -2.840253795479424, -1.491848122573643, -1.228230892333668, -0.8527781504505988, 0.1404604221377523, -1.849129989776502, 0.5856858921945094, -0.197007423220668, -1.26504134830462, 1.087781114751939]
    - time_from_start: 0
      positions: [-0.2148088913843782, 0.9487283263164218, -1.968242451239226, 1.347843335413453, 0.9237466616111993, -0.5579822417140975, 1.656231574629477, 0.9516903100716514, -0.700663655636248, 0.5802503946949255, 1.252104740063568, 0.7121321025583582, -0.8530211411556156, -1.010945089606087]
  joint_names: [left_s0, left_s1, left_e0, left_e1, left_w0, left_w1, left_w2, right_s0, right_s1, right_e0, right_e1, right_w0, right_w1, right_w2]