joint_trajectory:
  points:
    - positions: [-0.00345146, 0.0118884, 0.00421845, 1.39861, 0.0145728, 0.238918, 0.0007669899999999999, 0.00115049, 0.0145728, 0.00230097, 1.41586, -0.00115049, 0.253107, -0.18868]
      time_from_start: 0
    - positions: [-1.683447386182578, 0.2855751344398598, 1.910904731681009, 2.52080512873549, -2.189047314406838, 1.4125657342403, -2.520210313040298, -1.579630956057436, -0.8770210293349807, 0.9208504978514536, 2.283596916432492, -1.470571862726007, 1.183185444453672, -0.9209682271536441]
      time_from_start: 0
    - positions: [-0.2133776213665695, 0.390721583916726, -1.273633917989671, 1.514157382615652, 0.5598966300897685, -1.08096912883406, 1.241200149146029, 0.9872104796213388, -1.030795127929747, 0.2830443198046333, 1.804003774624109, -2.560576815745776, 0.9110081269176376, 2.604628288324542]
      time_from_start: 0
  joint_names: [left_s0, left_s1, left_e0, left_e1, left_w0, left_w1, left_w2, right_s0, right_s1, right_e0, right_e1, right_w0, right_w1, right_w2]