joint_trajectory:
  points:
    - positions: [-0.00345146, 0.0118884, 0.00421845, 1.39861, 0.0145728, 0.238918, 0.0007669899999999999, 0.00115049, 0.0145728, 0.00230097, 1.41586, -0.00115049, 0.253107, -0.18868]
      time_from_start: 0
    - positions: [0.9657238804710033, 0.5120486938660034, -0.3216462507507627, 0.6378823633044957, 0.7720657094023191, 2.089435850939498, -0.1065662806592882, -1.02147627802799, -1.233180904576089, 2.33366867141106, 0.9841866978276519, 1.84931592244422, -1.507860851464597, 1.769802089702338]
      time_from_start: 0
    - positions: [-1.366711617844395, -0.6284294322873465, -2.196269764904916, 0.06387087970785794, 2.219743347518611, 1.287095836525832, 2.162306291441899, 0.6908460172210593, 0.1090872918926182, 0.245275810976131, 1.807659272988327, 2.487696175965015, 0.5102244042024688, 0.7861186117045582]
      time_from_start: 0
    - time_from_start: 0
      positions: [-1.305187834307935, 0.7171262468991646, 2.234452296671991, 1.90575165946713, 2.974257927636196, 1.06572737273171, 0.7238351250174044, 0.6595799905671871, 0.925121015401846, 2.00925243037647, 1.24646811351289, -1.015148977056753, -0.9139264586926074, -1.54265892929685]
  joint_names: [left_s0, left_s1, left_e0, left_e1, left_w0, left_w1, left_w2, right_s0, right_s1, right_e0, right_e1, right_w0, right_w1, right_w2]