joint_trajectory:
  points:
    - time_from_start: 0
      positions: [-0.00345146, 0.0118884, 0.00421845, 1.39861, 0.0145728, 0.238918, 0.0007669899999999999, 0.00115049, 0.0145728, 0.00230097, 1.41586, -0.00115049, 0.253107, -0.18868]
    - time_from_start: 0
      positions: [1.152215700585237, 0.02472107268497359, 2.446490281787089, 1.231502819084562, -0.04207619803305729, -1.518885297218901, -2.040989827802405, -0.07757528127384528, 0.9896270960778932, -1.132221055165356, 2.173495722695254, 1.56564191506058, 1.519155857737036, -2.375506176913157]
    - time_from_start: 0
      positions: [-1.15370618607597, -0.3297804028810784, -0.9553449503471, 0.7281456531210574, 2.547794154121955, 0.9529818816568885, -1.715642402355072, 1.071270352027573, 0.5383116852543597, 1.891277669402762, 0.5823326175255499, 2.346837743825462, 0.9053267837385344, 1.947476042667537]
  joint_names: [left_s0, left_s1, left_e0, left_e1, left_w0, left_w1, left_w2, right_s0, right_s1, right_e0, right_e1, right_w0, right_w1, right_w2]