joint_trajectory:
  joint_names: [left_s0, left_s1, left_e0, left_e1, left_w0, left_w1, left_w2, right_s0, right_s1, right_e0, right_e1, right_w0, right_w1, right_w2]
  points:
    - time_from_start: 0
      positions: [-0.00345146, 0.0118884, 0.00421845, 1.39861, 0.0145728, 0.238918, 0.0007669899999999999, 0.00115049, 0.0145728, 0.00230097, 1.41586, -0.00115049, 0.253107, -0.18868]
    - positions: [1.241397560709276, 0.8398505851784721, -1.331752087305094, 1.156271933393553, 2.321157597644721, -0.7289178992157737, -2.965701212604996, -0.1474860688037951, 0.6513676969595257, -1.058652176603918, 0.554952891637571, 2.95303164835507, -0.5476237442901535, 3.023866793418769]
      time_from_start: 0
    - time_from_start: 0
      positions: [-1.098163394470983, -0.5558165629524736, -2.524104616390146, 0.7913387324912472, 2.438735239685047, -0.2012587751042092, -0.8325330232693813, -0.8721540647600378, -1.11498476367211, -0.9091805645096369, 0.5748368270751087, 1.363792826462537, -0.6276289640231496, -2.025308767296839]
    - positions: [-0.5202573795153177, 0.5558430599034132, -1.625151358038285, 1.09354324976925, 0.6926324056145394, -0.8918023041187709, 1.30258171313478, 0.5399505093064356, 0.3040844586825849, 1.970223748676154, 1.378288996646033, -0.2042494002037607, -1.040452384521696, -1.92758488858415]
      time_from_start: 0