joint_trajectory:
  joint_names: [left_s0, left_s1, left_e0, left_e1, left_w0, left_w1, left_w2, right_s0, right_s1, right_e0, right_e1, right_w0, right_w1, right_w2]
  points:
    - time_from_start: 0
      positions: [-0.00345146, 0.0118884, 0.00421845, 1.39861, 0.0145728, 0.238918, 0.0007669899999999999, 0.00115049, 0.0145728, 0.00230097, 1.41586, -0.00115049, 0.253107, -0.18868]
    - positions: [-0.8202283597018417, -0.770600491617806, 1.006597733965049, 1.325959637450985, 2.832361525355373, 1.176291722351693, -2.851264350617305, -1.008146553461199, -0.81261737214867, -0.5379739256267158, 1.964450913561508, -2.914955910646357, 2.07682282376587, -2.371401943407953]
      time_from_start: 0
    - time_from_start: 0
      positions: [-0.9797551018961927, -0.1393107840397759, -0.2530523646427562, 0.8904575321554362, -0.2967797934061028, -0.8316548082130967, 0.464231094419517, 1.685626506571922, -0.2423287008415387, -1.345751418043381, 1.220128847085406, -3.058999974431926, 0.3021119217058419, -1.970861857818211]