joint_trajectory:
  points:
    - time_from_start: 0
      positions: [-0.00345146, 0.0118884, 0.00421845, 1.39861, 0.0145728, 0.238918, 0.0007669899999999999, 0.00115049, 0.0145728, 0.00230097, 1.41586, -0.00115049, 0.253107, -0.18868]
    - positions: [1.381537461296657, -1.022452661728486, -0.5186411991345174, 1.175174716939218, 1.212680689651053, 0.8234300189890145, -1.480149210965727, 0.6263781421621291, 0.9720051373885945, -2.230450114453323, 0.7991656567668541, 0.7967425561542623, 1.376359986804943, 1.833817424733658]
      time_from_start: 0
    - positions: [-0.5278940967997506, -0.1558040684839597, -1.468873035555011, 1.266537199467382, -0.1571659668040057, -0.9885149101881749, 1.516930826773179, 1.336011780069456, 0.1641471598387187, -1.071932014780027, 1.291390624019394, -2.653789233275776, 0.924909455561416, -2.249595764691406]
      time_from_start: 0
  joint_names: [left_s0, left_s1, left_e0, left_e1, left_w0, left_w1, left_w2, right_s0, right_s1, right_e0, right_e1, right_w0, right_w1, right_w2]