joint_trajectory:
  points:
    - positions: [-0.00345146, 0.0118884, 0.00421845, 1.39861, 0.0145728, 0.238918, 0.0007669899999999999, 0.00115049, 0.0145728, 0.00230097, 1.41586, -0.00115049, 0.253107, -0.18868]
      time_from_start: 0
    - positions: [0.4808436429186647, -0.313627373897936, 2.925539926684515, 1.319383600989356, -2.236090608455707, 2.025340058984332, 1.100084262853023, 0.4859394306414253, 0.7787070570895449, -0.8208495151596313, 1.343864019219763, -0.1004663360845299, 0.2351351483811026, -0.3505530825038439]
      time_from_start: 0
    - positions: [-0.9708080971392715, 0.1788667789248533, -1.100596905711527, 0.8172506595521311, 0.08719239738834209, -1.060003332942032, 1.033119160493017, 0.5590219495950249, 0.1590068289471689, 1.775959264215481, 1.471121638712254, 3.025010085247353, 1.223989607294022, 1.382892045134059]
      time_from_start: 0
  joint_names: [left_s0, left_s1, left_e0, left_e1, left_w0, left_w1, left_w2, right_s0, right_s1, right_e0, right_e1, right_w0, right_w1, right_w2]