joint_trajectory:
  joint_names: [left_s0, left_s1, left_e0, left_e1, left_w0, left_w1, left_w2, right_s0, right_s1, right_e0, right_e1, right_w0, right_w1, right_w2]
  points:
    - positions: [-0.00345146, 0.0118884, 0.00421845, 1.39861, 0.0145728, 0.238918, 0.0007669899999999999, 0.00115049, 0.0145728, 0.00230097, 1.41586, -0.00115049, 0.253107, -0.18868]
      time_from_start: 0
    - positions: [-0.3429116276507176, 0.3360136806773957, 2.903659014822837, 1.218759340272285, -1.207882342037745, 1.012588881597612, -2.115104009375908, 1.488342588720628, 0.4676282211663203, -2.113563976154491, 0.6161672627171501, 1.772468079426326, 1.595883448104081, -0.7306900298399852]
      time_from_start: 0
    - positions: [0.1723613148628618, 1.019645230307638, -1.734825458644886, 1.594473279884337, -2.325158207272571, 0.5060697901848774, -1.333968756174706, -0.2102695407622793, -0.4186592746712979, 1.384778055904933, 1.884299067274635, -3.059, 0.8342963116547845, 1.96743980437867]
      time_from_start: 0