joint_trajectory:
  points:
    - positions: [-0.00345146, 0.0118884, 0.00421845, 1.39861, 0.0145728, 0.238918, 0.0007669899999999999, 0.00115049, 0.0145728, 0.00230097, 1.41586, -0.00115049, 0.253107, -0.18868]
      time_from_start: 0
    - time_from_start: 0
      positions: [-0.4929938601522696, 0.2410880029359834, 2.624520077566472, 1.72363284057565, -1.351758557606023, -0.3424201250426249, 2.852467312417459, -1.159465115971557, -0.6690937398225068, 2.367964718016462, 1.718837212273851, 2.360901470967103, 0.109480602401429, -1.420661775975023]
    - positions: [-0.9137602595122836, 0.7812790570888444, -3.05417993878, 1.494647008160688, -2.863154177023638, 0.7508878023856552, -0.2622975093559464, 0.9738472968402679, -0.05300802669593767, 0.4868979491012903, 0.8015427541115535, 0.2580962395596685, -0.8639773887006441, -0.662452261313531]
      time_from_start: 0
  joint_names: [left_s0, left_s1, left_e0, left_e1, left_w0, left_w1, left_w2, right_s0, right_s1, right_e0, right_e1, right_w0, right_w1, right_w2]