joint_trajectory:
  joint_names: [left_s0, left_s1, left_e0, left_e1, left_w0, left_w1, left_w2, right_s0, right_s1, right_e0, right_e1, right_w0, right_w1, right_w2]
  points:
    - positions: [-0.00345146, 0.0118884, 0.00421845, 1.39861, 0.0145728, 0.238918, 0.0007669899999999999, 0.00115049, 0.0145728, 0.00230097, 1.41586, -0.00115049, 0.253107, -0.18868]
      time_from_start: 0
    - time_from_start: 0
      positions: [-1.539974365654175, -0.4980072288857771, 1.044717485104673, 0.1871823769211769, 1.201503066970967, 1.124454062647053, 1.708558541730512, -0.06677803469674681, 0.2423997786850669, 1.522231755389567, 1.446809227770194, -1.22850193105638, 0.7476774246043396, 0.5662676546322181]
    - time_from_start: 0
      positions: [-1.200935172143367, -0.1252128875851651, -0.2138985688455408, 0.8963080464702914, 2.59520759069931, 0.9475258168598125, -2.555151092229568, -0.01045085923408412, 0.2839992355186876, 1.903535344162801, 1.588684887684196, -3.059, 0.7509250453232387, 1.072707198687704]