joint_trajectory:
  points:
    - positions: [-0.00345146, 0.0118884, 0.00421845, 1.39861, 0.0145728, 0.238918, 0.0007669899999999999, 0.00115049, 0.0145728, 0.00230097, 1.41586, -0.00115049, 0.253107, -0.18868]
      time_from_start: 0
    - time_from_start: 0
      positions: [1.367760802047348, -0.8525056924046948, -0.8162592091790439, 0.2652959613464773, -0.3458258267343046, -0.3320870639520588, 2.943086530731525, -0.98046780177268, 0.8122882234123536, 1.213960920688951, 0.05008930245507508, 1.352934609972406, 1.865436444665009, -2.263550428534858]
    - positions: [1.048581701447447, -0.6432418372011741, -1.886361493294274, 2.064220887218602, -2.117649421589449, -1.398332154999423, -2.971015004574787, 0.3444541514439359, -0.8844172027786261, 2.00539907490092, 1.595213056002743, 1.628382640909404, -0.7393644393061792, 0.5407993477452546]
      time_from_start: 0
    - positions: [-0.1844054511870719, 0.9883744446171003, -1.474088810582917, 0.6182814372132834, -1.391812853633112, 0.855446740920032, -2.808162142970049, 0.7015067749382581, 0.1771809913038858, 1.106595744112471, 1.355039401513111, 2.942237625717807, 1.360314026455968, 2.064769546230377]
      time_from_start: 0
  joint_names: [left_s0, left_s1, left_e0, left_e1, left_w0, left_w1, left_w2, right_s0, right_s1, right_e0, right_e1, right_w0, right_w1, right_w2]