joint_trajectory:
  joint_names: [left_s0, left_s1, left_e0, left_e1, left_w0, left_w1, left_w2, right_s0, right_s1, right_e0, right_e1, right_w0, right_w1, right_w2]
  points:
    - time_from_start: 0
      positions: [-0.00345146, 0.0118884, 0.00421845, 1.39861, 0.0145728, 0.238918, 0.0007669899999999999, 0.00115049, 0.0145728, 0.00230097, 1.41586, -0.00115049, 0.253107, -0.18868]
    - time_from_start: 0
      positions: [-1.285714087542089, -0.7661075836564413, 2.458525617296927, 1.802848161472007, -2.355230113005266, -1.409975440669755, 1.801883299841545, -1.468334593956751, 0.1937040334125051, -1.466890577671203, 1.578530839986168, 2.640692011600826, -0.08975892967386701, -0.8764457890889608]
    - positions: [0.1252259401779894, -0.09136754200001287, -0.845867668823124, 1.568872121988188, 0.6748235052865781, -0.88134728958367, 0.557318837449514, 1.621634736351735, -0.2960268042179559, 0.09576185122929419, 0.3427706307956862, -1.7044905244424, 0.8688242111762224, 1.631760438168508]
      time_from_start: 0