joint_trajectory:
  points:
    - time_from_start: 0
      positions: [-0.00345146, 0.0118884, 0.00421845, 1.39861, 0.0145728, 0.238918, 0.0007669899999999999, 0.00115049, 0.0145728, 0.00230097, 1.41586, -0.00115049, 0.253107, -0.18868]
    - time_from_start: 0
      positions: [0.7650000986126115, 0.826704297874123, 1.233869168573481, 1.013515161796473, 0.4684560222919099, -0.3369424398274152, -0.711759282354731, 0.6434887145513377, 0.6847847528997812, -1.581747474923135, 1.302335162378847, 1.040948807130568, -0.1466976296427493, 2.495310206731782]
    - positions: [-0.1438903168316905, 0.7061111224046912, 2.119892014953605, 0.9522443572729824, -2.966008352788165, 0.01238956508410749, 0.8155587772261352, 0.3091082363941213, -1.239052792194299, -1.164747731815994, 0.4563752671303227, 1.222600396370515, 0.6529077876424663, 0.4852487311498264]
      time_from_start: 0
    - positions: [-1.646708357561388, -0.3054722045736551, 0.4131571521761203, 1.470923098908598, -0.8341566997154505, -0.9996905939616026, 0.02570411890639328, 1.087140015669387, -0.8113845726575735, 0.5894015002772051, 1.483198216414463, 0.7983161225595282, -1.087651545619518, -0.9630361084154735]
      time_from_start: 0
  joint_names: [left_s0, left_s1, left_e0, left_e1, left_w0, left_w1, left_w2, right_s0, right_s1, right_e0, right_e1, right_w0, right_w1, right_w2]