joint_trajectory:
  joint_names: [left_s0, left_s1, left_e0, left_e1, left_w0, left_w1, left_w2, right_s0, right_s1, right_e0, right_e1, right_w0, right_w1, right_w2]
  points:
    - time_from_start: 0
      positions: [-0.00345146, 0.0118884, 0.00421845, 1.39861, 0.0145728, 0.238918, 0.0007669899999999999, 0.00115049, 0.0145728, 0.00230097, 1.41586, -0.00115049, 0.253107, -0.18868]
    - time_from_start: 0
      positions: [0.8802735662235763, -0.1845389511766842, -0.6589588671903743, 1.572156741913408, 0.5367614982505331, 1.333085819917465, -0.7608315571113491, -1.673104952393131, -0.180015031061135, 1.475540496405215, 1.763768523054197, -2.076262822133023, 0.6133841276392928, 2.547316219437402]
    - time_from_start: 0
      positions: [-0.06082647405738173, 0.1161008006912988, -1.044974788354702, 1.642937310592828, 0.475364275721577, -1.06773261987706, 0.9940130763966604, 0.535069457564182, 0.8972029620400487, 1.383094540445152, 0.3553451699111767, 1.705784484360406, 0.9282212218404856, 2.887174460482181]