joint_trajectory:
  points:
    - time_from_start: 0
      positions: [-0.00345146, 0.0118884, 0.00421845, 1.39861, 0.0145728, 0.238918, 0.0007669899999999999, 0.00115049, 0.0145728, 0.00230097, 1.41586, -0.00115049, 0.253107, -0.18868]
    - time_from_start: 0
      positions: [0.9945811846429105, 0.2053549610762859, 1.582059215558797, 1.755758922316134, 1.569784959345125, -1.231121168715091, -1.91358796045417, 1.664048775767, 0.1948654795624316, -2.239706546031037, 2.29133084078785, 2.471476191763767, 1.131329853988516, 0.1262306666853839]
    - time_from_start: 0
      positions: [-1.290636096846406, -0.5849256923552733, -0.5059287950975161, 1.03121769723145, 2.250540505353587, 1.011710851955233, -1.995450476538409, 0.3721278881457152, 0.2009878441888208, 1.119407210921762, 1.435994183057266, -0.3819368824689098, -1.164723125033063, -1.048220785938315]
  joint_names: [left_s0, left_s1, left_e0, left_e1, left_w0, left_w1, left_w2, right_s0, right_s1, right_e0, right_e1, right_w0, right_w1, right_w2]