joint_trajectory:
  joint_names: [left_s0, left_s1, left_e0, left_e1, left_w0, left_w1, left_w2, right_s0, right_s1, right_e0, right_e1, right_w0, right_w1, right_w2]
  points:
    - time_from_start: 0
      positions: [-0.00345146, 0.0118884, 0.00421845, 1.39861, 0.0145728, 0.238918, 0.0007669899999999999, 0.00115049, 0.0145728, 0.00230097, 1.41586, -0.00115049, 0.253107, -0.18868]
    - time_from_start: 0
      positions: [-0.3264907880411423, 0.328064865916502, -0.5594351707695462, 1.658875149674713, -0.5212046291050503, 0.6218592286503877, 0.1046431357474065, -1.284645076536828, -0.1693516027596778, -1.7967920900591, 2.275852008778602, 1.825637566535268, 1.912195887555597, -0.5792425357592292]
    - time_from_start: 0
      positions: [0.3140007608451163, 1.047, -1.800565926158144, 1.571573305954738, -2.463955884828613, 0.3029358098984749, -1.164411916760136, 0.2948428315145124, 0.475427397953039, 2.005388853820414, 1.798877894126504, 2.95361115559554, 1.146780422437073, 1.03068600669523]