joint_trajectory:
  joint_names: [left_s0, left_s1, left_e0, left_e1, left_w0, left_w1, left_w2, right_s0, right_s1, right_e0, right_e1, right_w0, right_w1, right_w2]
  points:
    - time_from_start: 0
      positions: [-0.00345146, 0.0118884, 0.00421845, 1.39861, 0.0145728, 0.238918, 0.0007669899999999999, 0.00115049, 0.0145728, 0.00230097, 1.41586, -0.00115049, 0.253107, -0.18868]
    - positions: [0.6673858949503306, -1.284712080798577, -0.02003333439414101, 0.2896117692459375, 2.98704705150146, -0.3075369550765357, 2.160912121811882, -1.038306432822877, 0.0753712537097746, 1.390650916104057, 2.517774404258467, -1.937109684399329, -1.236517387319455, 2.806414080694318]
      time_from_start: 0
    - positions: [-1.040805927280168, -0.9932126793565507, 0.1367376064823062, 1.728861407883058, 2.927556998203474, 0.733509589844509, -3.058999426813632, 0.440301979868318, -0.289652508886963, 0.3457125756225947, 1.402495509124446, -0.2731921324057122, -1.040670251549298, -0.2054798162328209]
      time_from_start: 0