joint_trajectory:
  joint_names: [left_s0, left_s1, left_e0, left_e1, left_w0, left_w1, left_w2, right_s0, right_s1, right_e0, right_e1, right_w0, right_w1, right_w2]
  points:
    - positions: [-0.00345146, 0.0118884, 0.00421845, 1.39861, 0.0145728, 0.238918, 0.0007669899999999999, 0.00115049, 0.0145728, 0.00230097, 1.41586, -0.00115049, 0.253107, -0.18868]
      time_from_start: 0
    - positions: [0.9945383669592567, 0.4288721918277445, -1.597323123310478, 1.810992549105547, -2.864006018076092, 1.914504792524303, -2.190733430952299, -1.232243795264225, -0.1985203259931876, 2.560401893550285, 1.275358213245869, -2.528554654814303, 0.4792913191715935, -2.922957574862056]
      time_from_start: 0
    - time_from_start: 0
      positions: [-0.5015681798311271, 0.6147243037420512, -1.583763230897239, 1.268704225579094, 0.6863669639830222, -1.044277472794529, 1.387097475879627, 1.195510645625238, -0.9331021689525141, -0.8003109368242808, 1.847340333934661, 2.80336921198454, 0.8997705974408372, -2.466257846490324]