joint_trajectory:
  joint_names: [left_s0, left_s1, left_e0, left_e1, left_w0, left_w1, left_w2, right_s0, right_s1, right_e0, right_e1, right_w0, right_w1, right_w2]
  points:
    - positions: [-0.00345146, 0.0118884, 0.00421845, 1.39861, 0.0145728, 0.238918, 0.0007669899999999999, 0.00115049, 0.0145728, 0.00230097, 1.41586, -0.00115049, 0.253107, -0.18868]
      time_from_start: 0
    - positions: [0.9089967207344025, -0.7113769179480149, -0.9869290237882207, 0.6765237407162784, 1.388155013318173, -1.424347282268173, -0.7639636337263509, -0.1663992945976689, -0.04627798295486718, -0.9695012582282887, 1.135974714465439, -0.06970254720933733, -0.6133966698867648, 2.032057214838453]
      time_from_start: 0
    - positions: [-0.6992587423598942, -0.008589276071171881, -1.000438157760873, 1.806565598970279, -1.356015565643087, 1.662341248715054, 0.8248264896324837, -0.6616859812886111, 0.2872981733554045, -3.043909816095268, 0.6718185368720441, -0.3901520072659479, 0.9270690903428309, 2.870503739664331]
      time_from_start: 0
    - time_from_start: 0
      positions: [-1.163944096860418, 0.569265017757801, -1.939631894369557, 0.647838002619001, 0.7915430699288053, -1.023330226931448, 1.277795686640492, 0.3939594443488644, 0.2590380350142977, 1.827861534529979, 1.758922819743705, 3.01096631204626, 1.323850202492229, 1.256921062474819]