joint_trajectory:
  joint_names: [left_s0, left_s1, left_e0, left_e1, left_w0, left_w1, left_w2, right_s0, right_s1, right_e0, right_e1, right_w0, right_w1, right_w2]
  points:
    - positions: [-0.00345146, 0.0118884, 0.00421845, 1.39861, 0.0145728, 0.238918, 0.0007669899999999999, 0.00115049, 0.0145728, 0.00230097, 1.41586, -0.00115049, 0.253107, -0.18868]
      time_from_start: 0
    - time_from_start: 0
      positions: [0.9401173255874711, 0.4834606070709415, -0.7052242258947126, 0.03779918086063115, 2.992216819384136, 0.9628430779664954, 0.9145225666519257, -0.1592307847044316, -0.4822503126817754, -0.9584712369887667, 1.004084975970909, 1.182280720137991, -1.212793341771782, -1.097171223701443]
    - positions: [-1.445060110334768, -0.1529305763924493, 1.877514603698484, 1.947399427382275, 1.744220118199009, -1.247370949871304, 0.01613853797316533, -0.4937835090486291, -1.456871488673612, 0.3255321486753036, 1.149020768523216, -0.8576105443821289, -0.3472462753313033, -1.839089911698364]
      time_from_start: 0
    - time_from_start: 0
      positions: [-1.302126951553984, -0.7518031924777281, -0.1314170828856087, 1.21526887216053, -0.9497525348830623, -0.7697315180245919, 0.8909321937394367, 0.3236639245361131, 1.034150577413013, 2.072173634489759, 1.366946425869072, -0.9916431316020562, -0.5724853298972216, -1.707464831681812]