joint_trajectory:
  joint_names: [left_s0, left_s1, left_e0, left_e1, left_w0, left_w1, left_w2, right_s0, right_s1, right_e0, right_e1, right_w0, right_w1, right_w2]
  points:
    - time_from_start: 0
      positions: [-0.00345146, 0.0118884, 0.00421845, 1.39861, 0.0145728, 0.238918, 0.0007669899999999999, 0.00115049, 0.0145728, 0.00230097, 1.41586, -0.00115049, 0.253107, -0.18868]
    - time_from_start: 0
      positions: [-0.6861523464632295, 0.2508910190910103, -2.708114507891852, 1.683874477046542, -1.727585059792269, 0.736870435611571, 1.132893507715781, -1.387121415780241, -1.295904641059693, 2.53314097040559, 0.2053773766076192, -2.756869244885631, 0.1984226867324128, -1.114985337231774]
    - positions: [-1.229835764956176, -0.2559951448533567, -0.2804898566235405, 1.256425414447111, 2.598383656563626, 1.204104218317958, -2.609782830531197, 0.3811940293034717, -0.9332056904914069, 0.8071514108128822, 1.903870428652614, -2.816820958850013, 0.971106573778865, 2.497117278778226]
      time_from_start: 0