joint_trajectory:
  points:
    - positions: [-0.00345146, 0.0118884, 0.00421845, 1.39861, 0.0145728, 0.238918, 0.0007669899999999999, 0.00115049, 0.0145728, 0.00230097, 1.41586, -0.00115049, 0.253107, -0.18868]
      time_from_start: 0
    - positions: [0.0119827072601002, 0.3832976597636009, -2.564961392967239, 1.561128886509686, 0.2664490282647312, -0.229315635255549, -0.1058929721829482, -0.3653090028893373, -0.8072917251568286, 0.9165089270323801, 1.640631575867533, 0.001101590255275564, 1.216218512167149, 2.47545373540977]
      time_from_start: 0
    - time_from_start: 0
      positions: [-0.1908224512512949, 1.021546060208951, -2.150979989164675, 1.301603304998322, 1.007151983527856, -0.3396764096235701, 1.683261732772259, 1.197938758692187, -0.2726013738883753, 0.927988784933422, 0.5392447742980702, 0.6257189811792864, -0.8338525302807503, -1.484522940846444]
  joint_names: [left_s0, left_s1, left_e0, left_e1, left_w0, left_w1, left_w2, right_s0, right_s1, right_e0, right_e1, right_w0, right_w1, right_w2]