joint_trajectory:
  joint_names: [left_s0, left_s1, left_e0, left_e1, left_w0, left_w1, left_w2, right_s0, right_s1, right_e0, right_e1, right_w0, right_w1, right_w2]
  points:
    - time_from_start: 0
      positions: [-0.00345146, 0.0118884, 0.00421845, 1.39861, 0.0145728, 0.238918, 0.0007669899999999999, 0.00115049, 0.0145728, 0.00230097, 1.41586, -0.00115049, 0.253107, -0.18868]
    - positions: [0.0187909566830109, -1.343454900636337, -1.054317435253409, 1.035255572858266, -2.668482495360542, -1.504802002292633, -2.312138653986622, 0.04312774834391764, 0.9806088104252706, -2.844400860973547, 2.395377656601369, -1.087426934696268, -0.02671152404617572, 0.7868189920028672]
      time_from_start: 0
    - time_from_start: 0
      positions: [-0.7361927918362408, -0.3205216624197851, -0.4766795537477733, 1.64774501157463, 3.030438915703747, 1.344646742875076, -2.660031519908574, 0.5570686320645521, 0.5341898784977044, 0.2778035588936151, 0.5362538292109397, -0.4314440237330973, -1.043424847896857, -0.02598441475103205]