joint_trajectory:
  points:
    - time_from_start: 0
      positions: [-0.00345146, 0.0118884, 0.00421845, 1.39861, 0.0145728, 0.238918, 0.0007669899999999999, 0.00115049, 0.0145728, 0.00230097, 1.41586, -0.00115049, 0.253107, -0.18868]
    - time_from_start: 0
      positions: [1.494508709182643, -1.212853436988778, 2.978989960273424, 0.3010642778202891, 2.491654129041825, 1.001559883611113, 1.421765824844595, -0.07641565145698115, 0.9701750008668752, -2.646481936123859, 1.382645769286901, -0.5693924850299954, -0.1253424479773981, 2.235144851043355]
    - positions: [-0.9577956615846044, 0.2012054547112302, -1.010368860014029, 0.5357939208465109, -3.049693642949839, 0.7941611962115261, -2.223010635426314, 0.3636407213892233, -0.2742884097054767, 1.319060713715846, 1.296162226931064, -2.963253238508855, 0.82208879873408, 1.787667151922767]
      time_from_start: 0
  joint_names: [left_s0, left_s1, left_e0, left_e1, left_w0, left_w1, left_w2, right_s0, right_s1, right_e0, right_e1, right_w0, right_w1, right_w2]