joint_trajectory:
  joint_names: [left_s0, left_s1, left_e0, left_e1, left_w0, left_w1, left_w2, right_s0, right_s1, right_e0, right_e1, right_w0, right_w1, right_w2]
  points:
    - time_from_start: 0
      positions: [-0.00345146, 0.0118884, 0.00421845, 1.39861, 0.0145728, 0.238918, 0.0007669899999999999, 0.00115049, 0.0145728, 0.00230097, 1.41586, -0.00115049, 0.253107, -0.18868]
    - time_from_start: 0
      positions: [-0.8036122838163458, -1.054323095982894, -0.4615657132874036, 0.1329878741605207, -2.934271089399234, 1.03132701697166, -1.531693767692894, 0.8444101915229294, -0.5904087833585216, -0.7145210753539604, 0.1451532156439498, 0.9324220465184192, -0.77830461577444, 1.319949010102079]
    - positions: [-0.2137657507184484, 1.046995323313149, -2.338542230530223, 1.269065744620819, -2.363429670234765, 0.1999478811379176, -1.142483752095089, 0.07283375411181524, 0.5023706495801468, 2.176577063618649, 1.475788909059286, 0.1144501250134962, -0.6408930059583423, -2.428247658054018]
      time_from_start: 0