joint_trajectory:
  joint_names: [left_s0, left_s1, left_e0, left_e1, left_w0, left_w1, left_w2, right_s0, right_s1, right_e0, right_e1, right_w0, right_w1, right_w2]
  points:
    - positions: [-0.00345146, 0.0118884, 0.00421845, 1.39861, 0.0145728, 0.238918, 0.0007669899999999999, 0.00115049, 0.0145728, 0.00230097, 1.41586, -0.00115049, 0.253107, -0.18868]
      time_from_start: 0
    - positions: [-0.04875697934843481, -1.000848963904194, -2.05011058728558, 1.630756085959263, 0.4257647547428496, -0.3194966059521085, 0.1080702831139786, 0.2361826433569396, -0.9618957387018017, 1.438888465188495, 0.982095448218286, 0.1469004763909614, -0.9814634192499836, 1.281567100841552]
      time_from_start: 0
    - positions: [-0.6067409831642859, 0.8123458356568253, -1.739482234254847, 1.376004283986266, -2.311678263323566, 1.14208939634896, -1.589447438831012, 0.905658042995839, 0.4668899084030242, 0.1924358062276977, 0.6624585793328172, 0.03903055580258819, -1.135405704551568, -0.195815447727151]
      time_from_start: 0