joint_trajectory:
  joint_names: [left_s0, left_s1, left_e0, left_e1, left_w0, left_w1, left_w2, right_s0, right_s1, right_e0, right_e1, right_w0, right_w1, right_w2]
  points:
    - time_from_start: 0
      positions: [-0.00345146, 0.0118884, 0.00421845, 1.39861, 0.0145728, 0.238918, 0.0007669899999999999, 0.00115049, 0.0145728, 0.00230097, 1.41586, -0.00115049, 0.253107, -0.18868]
    - positions: [1.164852612288442, 0.3687083844062875, -0.8523951092112148, 2.307147575240582, 1.342655918500852, -0.262369852289962, 0.7153469703975133, -1.178136477123138, -0.5723915702947413, 1.183284283357179, 0.6028128389334305, 2.568270796790719, -0.5155456999069383, -1.165108705211896]
      time_from_start: 0
    - time_from_start: 0
      positions: [-1.669119317419599, -0.1951944059440864, 0.8078457846161391, 2.162256061886437, 1.8730040472853, 0.4687724698378997, 0.9643929209993223, -0.5897446537618494, 0.8751749220658094, -2.036910222944877, 0.2360663122776895, -1.320932371777948, -1.491274595073455, 1.681167021557688]
    - time_from_start: 0
      positions: [-0.846565440113012, 0.6563780384889684, -2.386696661379715, 1.57549944912151, -2.609288760351017, 1.155630760632861, -0.8965985449029148, -0.08302785943896734, 0.2529317681086282, 1.146858476790157, 1.597692706639584, -0.624434574591471, -0.9162284422980094, -1.051675758138549]