joint_trajectory:
  joint_names: [left_s0, left_s1, left_e0, left_e1, left_w0, left_w1, left_w2, right_s0, right_s1, right_e0, right_e1, right_w0, right_w1, right_w2]
  points:
    - time_from_start: 0
      positions: [-0.00345146, 0.0118884, 0.00421845, 1.39861, 0.0145728, 0.238918, 0.0007669899999999999, 0.00115049, 0.0145728, 0.00230097, 1.41586, -0.00115049, 0.253107, -0.18868]
    - positions: [0.09074027325181211, -0.2014375053741968, -1.862746449658301, 1.29345202321466, 2.515715054451953, -0.6713573250782506, -2.213749352696352, -0.04808582216129165, -0.9441974268425255, -0.5598531478989202, 0.4361998627418652, -2.276275617864914, 1.052093368469121, 2.492468814962543]
      time_from_start: 0
    - positions: [-1.568479686939298, -0.2410849589670498, 0.5286418431324534, 1.39990452042514, -0.7237357551276583, -0.9164203863872201, -0.1098395773133014, 0.2858968276381111, -1.002515957440535, 0.6528700670873671, 1.893643012776331, -3.058994829671113, 0.8227106598831647, 2.742595381917648]
      time_from_start: 0