joint_trajectory:
  points:
    - positions: [-0.00345146, 0.0118884, 0.00421845, 1.39861, 0.0145728, 0.238918, 0.0007669899999999999, 0.00115049, 0.0145728, 0.00230097, 1.41586, -0.00115049, 0.253107, -0.18868]
      time_from_start: 0
    - positions: [-1.680232703274725, -2.073267932644579, -2.243265410259635, 0.08191326925344762, -1.95394601443084, 1.716408873330417, 0.8155947234206833, 1.546203045022253, 0.3624840200296604, 0.1212805884329167, 0.8359893246721475, -2.463032935634721, 1.479453140138825, -0.4994149832632391]
      time_from_start: 0
    - positions: [-1.273184585428574, 0.758082302227492, -2.396356378754259, 0.741261015893976, 1.155260287450299, -0.970041289587052, 1.393269824553814, 0.5346816294173833, 0.8344613385428173, 1.232959106665033, 0.5398945014158741, -1.160111383240061, -0.9728918158042025, -0.4441637092403931]
      time_from_start: 0
  joint_names: [left_s0, left_s1, left_e0, left_e1, left_w0, left_w1, left_w2, right_s0, right_s1, right_e0, right_e1, right_w0, right_w1, right_w2]