joint_trajectory:
  points:
    - time_from_start: 0
      positions: [-0.00345146, 0.0118884, 0.00421845, 1.39861, 0.0145728, 0.238918, 0.0007669899999999999, 0.00115049, 0.0145728, 0.00230097, 1.41586, -0.00115049, 0.253107, -0.18868]
    - time_from_start: 0
      positions: [1.094489810750496, -1.070510316051543, -1.031301878727131, 1.355287213736214, -1.628085044594016, 0.822580794313327, -2.2745695475135, -0.3313142375459595, -1.325214045633562, -1.142531648353516, 1.300421668147668, 0.3681939050354996, 0.9182640664100274, -1.465831604504958]
    - time_from_start: 0
      positions: [-0.6246929446017615, -0.2421603154139359, -0.3196605372131257, 1.256495193150267, -3.058999846390717, 0.9756078696817387, -2.871602229624503, 1.250951992815412, 0.5458926654197912, 3.05417993878, 0.996749660273525, -0.8591505005719302, -0.6981813122795645, -2.319484412470534]
  joint_names: [left_s0, left_s1, left_e0, left_e1, left_w0, left_w1, left_w2, right_s0, right_s1, right_e0, right_e1, right_w0, right_w1, right_w2]