joint_trajectory:
  points:
    - positions: [-0.00345146, 0.0118884, 0.00421845, 1.39861, 0.0145728, 0.238918, 0.0007669899999999999, 0.00115049, 0.0145728, 0.00230097, 1.41586, -0.00115049, 0.253107, -0.18868]
      time_from_start: 0
    - positions: [0.07703210644822023, -0.6049196463483384, 2.818066464323342, 0.08641799016203729, -1.205818255565595, 0.7929536913695316, 2.947951001679525, 0.9948025307120467, -0.6771132150278425, -1.868496764056586, 1.665646943663247, 2.401272185525391, 0.5494732604110437, 2.640838361827657]
      time_from_start: 0
    - time_from_start: 0
      positions: [0.01161393551670899, -0.2930392164470829, -1.474429121839697, 1.834974310448935, -0.1676903551468804, -1.012350908947037, 1.385037574521079, 1.07213792468595, 0.6082107630343991, -0.1497211352080896, 0.3789823299050875, -2.690825201501746, 1.000903587410792, 3.005432863198791]
  joint_names: [left_s0, left_s1, left_e0, left_e1, left_w0, left_w1, left_w2, right_s0, right_s1, right_e0, right_e1, right_w0, right_w1, right_w2]