joint_trajectory:
  joint_names: [left_s0, left_s1, left_e0, left_e1, left_w0, left_w1, left_w2, right_s0, right_s1, right_e0, right_e1, right_w0, right_w1, right_w2]
  points:
    - positions: [-0.00345146, 0.0118884, 0.00421845, 1.39861, 0.0145728, 0.238918, 0.0007669899999999999, 0.00115049, 0.0145728, 0.00230097, 1.41586, -0.00115049, 0.253107, -0.18868]
      time_from_start: 0
    - time_from_start: 0
      positions: [1.510590232417324, -0.8757683538189156, 1.529061232486987, 1.567648487663828, -2.047759824542795, 1.846759140253557, -3.048018587845843, -0.9212570840522725, -0.06973635439807513, -2.42496338727547, 1.508291187931783, -2.820764137730003, -0.8960448616184274, -1.067443019976839]
    - positions: [-1.53627189239166, -0.07547277803626033, 0.03770192863940145, 0.7028457060520639, -1.029049634489506, -0.9091657530801058, 0.731087531698306, 0.3386260148398881, 0.1921533472906814, 1.766037016208544, 1.73622569417764, 3.043284259657319, 1.268742118076331, 1.348747787250433]
      time_from_start: 0