joint_trajectory:
  points:
    - positions: [-0.00345146, 0.0118884, 0.00421845, 1.39861, 0.0145728, 0.238918, 0.0007669899999999999, 0.00115049, 0.0145728, 0.00230097, 1.41586, -0.00115049, 0.253107, -0.18868]
      time_from_start: 0
    - positions: [-0.34920715613154, 0.1573508802927161, -0.565649732399084, 1.290982177403754, -0.8250524875987875, 0.6214952925086485, -0.422775397137824, 0.3715126426836406, 0.17242707372032, 1.038824662055264, 1.519377163113503, -0.2377652770887491, -0.160826533087564, -1.051433354684829]
      time_from_start: 0
    - time_from_start: 0
      positions: [-0.3622303109728418, 0.1618773825337897, -0.5955074751935594, 1.284171344436554, -0.8711001897903714, 0.642973496263442, -0.4480264721707283, 0.3878324120445075, 0.1838687127336456, 1.093322936708264, 1.526291069074495, -0.2453130066197092, -0.1786174187997688, -1.097984425286052]
    - positions: [-0.8121147725923422, 0.4836786166742401, -1.557252071582532, 0.9947874797713734, -2.597442700150698, 1.108289889541146, -1.864101220097585, 0.9397118821681008, 0.950737290325907, 3.05417993878, 1.776020243828522, -0.307616006195046, -0.8543547621553127, -2.876198929340999]
      time_from_start: 0
  joint_names: [left_s0, left_s1, left_e0, left_e1, left_w0, left_w1, left_w2, right_s0, right_s1, right_e0, right_e1, right_w0, right_w1, right_w2]