joint_trajectory:
  joint_names: [left_s0, left_s1, left_e0, left_e1, left_w0, left_w1, left_w2, right_s0, right_s1, right_e0, right_e1, right_w0, right_w1, right_w2]
  points:
    - time_from_start: 0
      positions: [-0.00345146, 0.0118884, 0.00421845, 1.39861, 0.0145728, 0.238918, 0.0007669899999999999, 0.00115049, 0.0145728, 0.00230097, 1.41586, -0.00115049, 0.253107, -0.18868]
    - positions: [-0.2394907664705383, -0.03312054324370639, -0.8096759678882144, 1.653228019324531, -0.5655696405688239, 0.3570052936898007, -0.5339046483529541, 0.182039139110533, 0.02055094235530082, 0.3493832426082731, 1.090522934770629, 0.6988631439532983, 0.7022877411189257, 0.7847122341815458]
      time_from_start: 0
    - positions: [-0.09303008983741994, 0.3546277779518608, -1.879732531702558, 1.813396797817616, -3.059, 1.053393904999476, -1.148783776389406, 0.5478539881977752, 0.6613415176261584, 0.640000342175413, 0.3843271272973912, 2.411942089099643, 0.9381808135887559, 3.022713595187782]
      time_from_start: 0