joint_trajectory:
  points:
    - time_from_start: 0
      positions: [-0.00345146, 0.0118884, 0.00421845, 1.39861, 0.0145728, 0.238918, 0.0007669899999999999, 0.00115049, 0.0145728, 0.00230097, 1.41586, -0.00115049, 0.253107, -0.18868]
    - time_from_start: 0
      positions: [-0.8232789249282916, 0.2254884223621341, -2.05252365669682, 2.447064859472215, 2.888681936081499, 1.637083623122956, -3.021230903914198, -1.225741482093623, -1.573138731890358, 0.9194154603916069, 1.83708808371704, -2.757350620483048, -0.4929040036666981, -1.486273599237669]
    - positions: [-0.6826556962826539, 0.8003462755836075, -1.143858902269096, 0.5138069279804102, -2.210491379369575, 1.034491578306062, -2.657166621831091, 0.3073901760893175, 0.8752976876181237, 2.364644592009885, 1.995831103674965, -0.1685407659545146, -1.046147326368728, -2.577012133271646]
      time_from_start: 0
  joint_names: [left_s0, left_s1, left_e0, left_e1, left_w0, left_w1, left_w2, right_s0, right_s1, right_e0, right_e1, right_w0, right_w1, right_w2]