joint_trajectory:
  joint_names: [left_s0, left_s1, left_e0, left_e1, left_w0, left_w1, left_w2, right_s0, right_s1, right_e0, right_e1, right_w0, right_w1, right_w2]
  points:
    - positions: [-0.00345146, 0.0118884, 0.00421845, 1.39861, 0.0145728, 0.238918, 0.0007669899999999999, 0.00115049, 0.0145728, 0.00230097, 1.41586, -0.00115049, 0.253107, -0.18868]
      time_from_start: 0
    - positions: [-0.06974470943493771, 0.7272602432668211, -1.444892434184312, 1.28259040628653, 2.55858044488309, -1.366914586177968, 2.088354733102023, -0.788808056420203, 0.1086189505076036, -2.093892986169644, 0.1813186161592603, 1.219515670159832, 0.6826867627796593, 3.005215243950952]
      time_from_start: 0
    - time_from_start: 0
      positions: [-0.7269166214855547, -0.3283452931529359, -0.4453410069633515, 1.660996732035004, 3.059, 1.347371776962139, -2.695424941322454, 0.731322064615091, 0.6166471516498274, -0.1969375250318681, 0.3965839534989309, -3.059, 1.022563170583446, -3.016706009341117]