joint_trajectory:
  points:
    - time_from_start: 0
      positions: [-0.00345146, 0.0118884, 0.00421845, 1.39861, 0.0145728, 0.238918, 0.0007669899999999999, 0.00115049, 0.0145728, 0.00230097, 1.41586, -0.00115049, 0.253107, -0.18868]
    - time_from_start: 0
      positions: [0.5398194287609925, -0.5839357134336605, 1.331284765060913, 0.9971627342114224, -1.382974624677561, 0.7144204348503509, 1.230410244512838, -0.168412740802091, -0.9785673684403298, -2.875403206498408, 0.1932048963839188, -0.3565979304723443, -0.8877598630184035, -2.53762866801396]
    - time_from_start: 0
      positions: [-0.7666139810099649, -0.3536575559325903, 0.1886650023103362, 1.468197885681167, 0.1035191774617114, -1.124870230622101, -0.2289016335401726, 0.5103000205226804, -0.09283795806032688, 1.546942075026083, 1.456834549901371, -3.058597137151319, 1.175592180243897, 1.579794522690832]
  joint_names: [left_s0, left_s1, left_e0, left_e1, left_w0, left_w1, left_w2, right_s0, right_s1, right_e0, right_e1, right_w0, right_w1, right_w2]