joint_trajectory:
  joint_names: [left_s0, left_s1, left_e0, left_e1, left_w0, left_w1, left_w2, right_s0, right_s1, right_e0, right_e1, right_w0, right_w1, right_w2]
  points:
    - time_from_start: 0
      positions: [-0.00345146, 0.0118884, 0.00421845, 1.39861, 0.0145728, 0.238918, 0.0007669899999999999, 0.00115049, 0.0145728, 0.00230097, 1.41586, -0.00115049, 0.253107, -0.18868]
    - positions: [1.481752640941193, -1.202707462937105, -0.1423278244216535, 0.3873078997191041, 1.56184884583205, 0.4650917132194965, -2.523377107967157, -0.5736009274116114, -1.573809128220659, -1.072003599914649, 1.491628291612491, 2.836960614102892, -0.9798490722817607, 0.4257838467517869]
      time_from_start: 0
    - positions: [-1.264148913344799, -0.8848062202748866, 0.3542375640486493, 1.499908475688003, -0.3792391386373579, -0.5771917860992674, 0.100648134911138, 0.3124565575997763, 1.028284111666378, 2.196135121008164, 1.312304102188244, 2.181359694459855, 0.4340590677772994, 1.379487873675253]
      time_from_start: 0