joint_trajectory:
  points:
    - time_from_start: 0
      positions: [-0.00345146, 0.0118884, 0.00421845, 1.39861, 0.0145728, 0.238918, 0.0007669899999999999, 0.00115049, 0.0145728, 0.00230097, 1.41586, -0.00115049, 0.253107, -0.18868]
    - time_from_start: 0
      positions: [1.551431693953173, 0.04014594793692261, -1.786946880638308, 1.718459875931032, -2.120662657108158, 1.463966780694311, 1.667353161805309, 0.167654660587125, -0.8878627578159792, -1.743178460689378, 0.8295985736800356, -1.814483087022323, -0.7457570754091767, -2.02433700498147]
    - positions: [-0.2227187825999777, -0.3405142712835221, 2.674940911893684, 2.51432490557339, 0.7805998032102361, -0.7381557666219176, -2.767340585738421, 0.6188311670523032, 0.1113456284618008, -0.8192564171733761, 0.9988277273532002, 1.646572022169829, -1.137193883283576, -0.2466285529932937]
      time_from_start: 0
    - time_from_start: 0
      positions: [-0.9350701035692378, -0.0390728412709709, -1.581568995907596, 0.9072972043103723, -0.03808811386992607, -1.054377208499272, 1.598993718653902, 0.7723545668560587, 0.944924826757619, 2.285077005099518, 1.106796734909163, -1.148263886106044, -0.7236530834239284, -1.535470881456915]
  joint_names: [left_s0, left_s1, left_e0, left_e1, left_w0, left_w1, left_w2, right_s0, right_s1, right_e0, right_e1, right_w0, right_w1, right_w2]