joint_trajectory:
  points:
    - positions: [-0.00345146, 0.0118884, 0.00421845, 1.39861, 0.0145728, 0.238918, 0.0007669899999999999, 0.00115049, 0.0145728, 0.00230097, 1.41586, -0.00115049, 0.253107, -0.18868]
      time_from_start: 0
    - time_from_start: 0
      positions: [-0.6939956182006457, -1.178404431576375, 2.455353266571496, 1.325096157368272, -0.803188106972724, 0.5465426433963065, 2.845185207400937, 1.330468564752853, -0.2603383561652153, -2.692645526928869, 1.064011577194556, -2.652130481007509, -0.2404906528092741, -2.440919930732344]
    - positions: [-1.306721016147088, 0.3337434228029535, 2.031701862935076, 1.315925736812185, -0.04750382079045218, -0.7181959947269895, -2.097613406019559, 0.4707423491729458, 1.019288756049361, 2.792926106308056, 1.045908590178481, -0.5981294028038883, 0.01025991606684681, -2.364988925945601]
      time_from_start: 0
  joint_names: [left_s0, left_s1, left_e0, left_e1, left_w0, left_w1, left_w2, right_s0, right_s1, right_e0, right_e1, right_w0, right_w1, right_w2]