joint_trajectory:
  joint_names: [left_s0, left_s1, left_e0, left_e1, left_w0, left_w1, left_w2, right_s0, right_s1, right_e0, right_e1, right_w0, right_w1, right_w2]
  points:
    - time_from_start: 0
      positions: [-0.00345146, 0.0118884, 0.00421845, 1.39861, 0.0145728, 0.238918, 0.0007669899999999999, 0.00115049, 0.0145728, 0.00230097, 1.41586, -0.00115049, 0.253107, -0.18868]
    - time_from_start: 0
      positions: [0.5806035557266416, -1.063789362323936, -0.5970543867163487, 0.4250995005471632, -2.790538671429269, 1.452055572054202, 0.8889064081595279, -1.034550347702675, -1.500859032385051, 0.5930792463255576, 2.186511038301512, 0.3745361655643209, -1.099053879162563, -1.469324053294025]
    - positions: [-0.3294182180564567, -0.1263339120768938, 0.6327569468704097, 1.063219515574165, -1.172297778884415, 0.3107641003849297, -2.485506791329011, -1.337972203945193, 0.1871348735527136, -2.265853411049547, 1.407877043598331, 2.978060950144195, 1.925855152505497, 2.721649738948327]
      time_from_start: 0
    - time_from_start: 0
      positions: [-0.4045910319211394, -0.06651088935170014, -1.603871796095699, 1.770634813575344, 3.059, 1.398395503358797, -1.545907927900914, 0.9844461680474385, 0.3701689129817702, 1.406044279038858, 0.9322713740851619, -0.3487328757502958, -1.234722559931432, -1.203433485971471]