joint_trajectory:
  joint_names: [left_s0, left_s1, left_e0, left_e1, left_w0, left_w1, left_w2, right_s0, right_s1, right_e0, right_e1, right_w0, right_w1, right_w2]
  points:
    - positions: [-0.00345146, 0.0118884, 0.00421845, 1.39861, 0.0145728, 0.238918, 0.0007669899999999999, 0.00115049, 0.0145728, 0.00230097, 1.41586, -0.00115049, 0.253107, -0.18868]
      time_from_start: 0
    - time_from_start: 0
      positions: [1.613936669624052, 0.8268502197940837, -1.978037144741045, 1.499185424058698, 1.310276379874908, 1.029508086630305, -2.628712185524404, -1.186604494800698, -0.6447526456569319, -2.140382907390812, 0.8852515250537543, -0.6244293033508872, 2.084104518922777, 2.284527940001579]
    - time_from_start: 0
      positions: [1.077953802784444, 0.4752074274485931, -0.05775784817383611, 0.06641746751684693, -1.988364178768825, 1.903688596673916, -0.275300722050015, -0.6373588538170232, 0.6544245210173543, -1.709489086215575, 1.586877944983542, 2.520648010485806, -0.4565562018418119, 2.857790695262142]
    - time_from_start: 0
      positions: [-0.6484343628348036, 0.6968234209138295, -0.6594153487594498, 0.1918753332456237, 0.720469952871901, -0.8332237595427185, 0.03708239723204457, 1.011996015554458, 0.8363081666280562, -2.521519403367171, 1.792404879407399, 0.2806556045257888, -0.9844798630861579, 2.567239701145609]