joint_trajectory:
  points:
    - positions: [-0.00345146, 0.0118884, 0.00421845, 1.39861, 0.0145728, 0.238918, 0.0007669899999999999, 0.00115049, 0.0145728, 0.00230097, 1.41586, -0.00115049, 0.253107, -0.18868]
      time_from_start: 0
    - positions: [-0.0816288944212944, -1.298129797702655, 0.0794446378671001, -0.03916038942523301, 0.6276848169546576, 0.3144560554092062, 2.463146286870353, 0.9569810807939434, 0.5582797076180577, 0.8712476850947075, 1.414138392188586, 0.882026684004348, 1.92497981414394, -1.600850961203687]
      time_from_start: 0
    - positions: [-0.6087329906799247, -0.3141634215682102, -1.319424819919548, 1.366769947052923, -0.2786528609185253, -1.1283462516734, 1.383603569140209, 1.067218259935641, 0.2182965016304944, 1.131156673583002, 0.7066989041381118, 3.059, 1.06184492504944, 2.094078779732081]
      time_from_start: 0
  joint_names: [left_s0, left_s1, left_e0, left_e1, left_w0, left_w1, left_w2, right_s0, right_s1, right_e0, right_e1, right_w0, right_w1, right_w2]