joint_trajectory:
  points:
    - time_from_start: 0
      positions: [-0.00345146, 0.0118884, 0.00421845, 1.39861, 0.0145728, 0.238918, 0.0007669899999999999, 0.00115049, 0.0145728, 0.00230097, 1.41586, -0.00115049, 0.253107, -0.18868]
    - positions: [1.399401691480318, 0.05613523294264455, 0.8921728069997594, 0.8016831758888437, 1.657012472229079, 0.2285283423391415, -0.5972141686906105, -0.5507304704541545, 0.3016749765630813, 2.497303376781664, 0.8047010460365562, 2.970230417449027, -0.6599135235983695, -2.304044239045121]
      time_from_start: 0
    - positions: [-1.199380984401917, 0.5738222311604774, -3.009135166292052, 0.2192793288061736, -1.051215539317447, 0.555131065668886, -2.285323593206018, 0.5613850013964323, 0.388753221609746, 2.231484318036414, 1.11737034735899, -0.2291042178843058, -0.7141927888635452, -2.133989425425277]
      time_from_start: 0
  joint_names: [left_s0, left_s1, left_e0, left_e1, left_w0, left_w1, left_w2, right_s0, right_s1, right_e0, right_e1, right_w0, right_w1, right_w2]