joint_trajectory:
  points:
    - positions: [-0.00345146, 0.0118884, 0.00421845, 1.39861, 0.0145728, 0.238918, 0.0007669899999999999, 0.00115049, 0.0145728, 0.00230097, 1.41586, -0.00115049, 0.253107, -0.18868]
      time_from_start: 0
    - time_from_start: 0
      positions: [1.018055045657031, 0.7120881346962418, -1.99525922980457, 0.6684016147460787, 2.460821424894501, -0.7972885836329205, 0.981489458175842, -0.2786575866475796, 0.4026780102723282, 2.406320230887313, 2.108859271110036, 0.9615907246130515, 0.2188882154631406, 2.402870942918118]
    - time_from_start: 0
      positions: [-1.1053916007547, 0.2200209205598871, -2.162220161543308, 0.680625791296949, 0.470064207797882, -0.8865446340474051, 1.784260762547172, 0.9469967302845034, 0.8848678250858109, 2.450110249053668, 0.9338245962699261, 1.899488584495087, 0.7028114873327105, 1.677241783138866]
  joint_names: [left_s0, left_s1, left_e0, left_e1, left_w0, left_w1, left_w2, right_s0, right_s1, right_e0, right_e1, right_w0, right_w1, right_w2]