joint_trajectory:
  joint_names: [left_s0, left_s1, left_e0, left_e1, left_w0, left_w1, left_w2, right_s0, right_s1, right_e0, right_e1, right_w0, right_w1, right_w2]
  points:
    - positions: [-0.00345146, 0.0118884, 0.00421845, 1.39861, 0.0145728, 0.238918, 0.0007669899999999999, 0.00115049, 0.0145728, 0.00230097, 1.41586, -0.00115049, 0.253107, -0.18868]
      time_from_start: 0
    - time_from_start: 0
      positions: [0.4118357288684789, -0.7027654602671971, 1.440165033946698, 1.378425005873665, -1.408403890023008, 0.7115134689643847, 0.0491682632751762, -1.210063489477018, -1.417602212719619, 0.4639372768238887, 1.25613957026042, 0.7310081825070083, -0.1721529381577882, 2.907841677990742]
    - positions: [-1.365885938530806, -0.6931151211407198, 0.7469069748539062, 1.435793015843069, 3.059, 0.5737468551758118, 2.657064326654765, 0.1824792324769899, 0.1886308741524621, 1.116484550443288, 1.156220675914855, 2.532741636496068, 0.7562507086100294, 2.334359164585313]
      time_from_start: 0