joint_trajectory:
  joint_names: [left_s0, left_s1, left_e0, left_e1, left_w0, left_w1, left_w2, right_s0, right_s1, right_e0, right_e1, right_w0, right_w1, right_w2]
  points:
    - positions: [-0.00345146, 0.0118884, 0.00421845, 1.39861, 0.0145728, 0.238918, 0.0007669899999999999, 0.00115049, 0.0145728, 0.00230097, 1.41586, -0.00115049, 0.253107, -0.18868]
      time_from_start: 0
    - time_from_start: 0
      positions: [-0.01323235445205606, -1.273861416486092, 1.420676020428155, 1.779017798471264, -2.522381309349556, 1.804320671896544, 0.1167995532914063, 1.690170046197756, 0.4778620773656295, -0.9908142746056821, 0.06578389065153896, 0.2562434941008687, 1.687949487486831, 0.5723173785200344]
    - time_from_start: 0
      positions: [-1.223803389314205, -0.1470059143369498, -1.134712824373976, 0.3351700571871897, -0.4448398529812655, -0.7373261036992097, 1.559219939320422, 1.392057666371014, 0.6542449239605075, -1.678228211153771, 1.176734127693301, 0.8865427617547381, -0.5985448706004781, 1.290576142778135]