joint_trajectory:
  joint_names: [left_s0, left_s1, left_e0, left_e1, left_w0, left_w1, left_w2, right_s0, right_s1, right_e0, right_e1, right_w0, right_w1, right_w2]
  points:
    - time_from_start: 0
      positions: [-0.00345146, 0.0118884, 0.00421845, 1.39861, 0.0145728, 0.238918, 0.0007669899999999999, 0.00115049, 0.0145728, 0.00230097, 1.41586, -0.00115049, 0.253107, -0.18868]
    - time_from_start: 0
      positions: [1.189029029596115, -1.042304497077595, -0.1759158974821111, 0.9831060483455656, 0.8320508827380837, -1.448866739731339, 0.9972659701793454, 0.3265973001493321, -1.022090294277761, -1.614813917099972, 2.288260212169029, 2.35214695227379, 1.116088386717304, -2.093117738490924]
    - time_from_start: 0
      positions: [-0.4021171858987775, -0.07488224259797915, -1.559774597662288, 1.351779955808525, 3.059, 0.9632901359656548, -1.564986155276674, 0.9762628612366848, -0.2802174321039469, -0.0258283340780097, 1.2644848985742, -2.920896088690911, 0.9945043962298651, 3.036017517570739]