joint_trajectory:
  points:
    - positions: [-0.00345146, 0.0118884, 0.00421845, 1.39861, 0.0145728, 0.238918, 0.0007669899999999999, 0.00115049, 0.0145728, 0.00230097, 1.41586, -0.00115049, 0.253107, -0.18868]
      time_from_start: 0
    - positions: [-0.2731002681151078, 0.07576224021334221, -0.9243945312391131, 0.2316953390100971, 0.6049961587102151, 1.175336267263327, 2.159163344788831, 0.7267245134143896, -0.6677078299880956, 2.204005897331735, 1.360875162074342, -0.004334759221412021, -1.312944980891794, -1.178947148258332]
      time_from_start: 0
    - positions: [-0.3687380403215526, -0.1349884857178056, -0.503530281905921, 1.002777627612262, 0.4460635918775687, -0.7258777864293855, 0.1742199651638025, 0.299981522205582, -0.5539883806465109, 0.9790195586928416, 1.327920264624512, 0.2092023458371963, -0.635476680609957, -0.9657545221212916]
      time_from_start: 0
  joint_names: [left_s0, left_s1, left_e0, left_e1, left_w0, left_w1, left_w2, right_s0, right_s1, right_e0, right_e1, right_w0, right_w1, right_w2]