joint_trajectory:
  joint_names: [left_s0, left_s1, left_e0, left_e1, left_w0, left_w1, left_w2, right_s0, right_s1, right_e0, right_e1, right_w0, right_w1, right_w2]
  points:
    - positions: [-0.00345146, 0.0118884, 0.00421845, 1.39861, 0.0145728, 0.238918, 0.0007669899999999999, 0.00115049, 0.0145728, 0.00230097, 1.41586, -0.00115049, 0.253107, -0.18868]
      time_from_start: 0
    - positions: [0.6433343260365838, -0.8231946607003917, 1.464127507240438, 1.773471585549414, 2.402582333507482, 0.07414006663752581, -0.4958386182361281, -0.2779081531720238, 0.1589538980643268, -3.025103170592299, 1.13167169899866, -1.729519621734042, 1.090726554685305, 1.080081805965397]
      time_from_start: 0
    - positions: [-0.8876907583698196, 0.5184787813622317, -1.548991697490802, 1.080143220920778, -2.599030171112001, 1.256917810710731, -1.843824989330652, 0.5272691578209854, 0.4419867052549815, 0.2116642987558992, 0.7620849618275043, -0.3690548767786764, -1.167671857529776, -0.04549087708378522]
      time_from_start: 0