joint_trajectory:
  joint_names: [left_s0, left_s1, left_e0, left_e1, left_w0, left_w1, left_w2, right_s0, right_s1, right_e0, right_e1, right_w0, right_w1, right_w2]
  points:
    - time_from_start: 0
      positions: [-0.00345146, 0.0118884, 0.00421845, 1.39861, 0.0145728, 0.238918, 0.0007669899999999999, 0.00115049, 0.0145728, 0.00230097, 1.41586, -0.00115049, 0.253107, -0.18868]
    - time_from_start: 0
      positions: [-0.899041109672592, -1.067551464878488, 0.8294437058852679, 2.200371985897422, -1.394826132739428, 2.04690302466442, 1.132497702152003, -1.662702141192635, -1.122453478279058, 2.621791598209096, 0.801048201962374, -1.454650732636452, 0.8655697064708874, 1.371415007977281]
    - positions: [0.3871191708595583, -1.373978720107581, -0.7335598673217882, 0.9089144811164587, -0.4705255772578529, -1.370917444582128, 1.80522060664976, -1.124324904094737, 0.7502700747884812, 1.913469616679786, 1.436289329890162, 1.738301420220174, -0.6251624750255603, -1.041755450562108]
      time_from_start: 0
    - positions: [-1.138361667458538, -0.2696627830178234, -0.4144880622515102, 1.369875920572697, 2.693408053698265, 1.294653148533175, -2.576844096595744, 0.1276857753988575, 0.8448709302939034, 1.30101301045574, 0.4533862833281457, -1.771022404340792, -0.842812794002575, -0.03934510150366537]
      time_from_start: 0