joint_trajectory:
  joint_names: [left_s0, left_s1, left_e0, left_e1, left_w0, left_w1, left_w2, right_s0, right_s1, right_e0, right_e1, right_w0, right_w1, right_w2]
  points:
    - time_from_start: 0
      positions: [-0.00345146, 0.0118884, 0.00421845, 1.39861, 0.0145728, 0.238918, 0.0007669899999999999, 0.00115049, 0.0145728, 0.00230097, 1.41586, -0.00115049, 0.253107, -0.18868]
    - positions: [1.685299663250075, 0.3866478358060124, -0.2801144874454424, 0.8652162746610118, -0.2455477527007459, -0.7729022638158081, 1.441730600547977, 1.529754083699433, -2.087516584457364, 2.458139519080062, 1.591055316882208, -2.501694802148733, 1.468287586279061, -1.849243447451852]
      time_from_start: 0
    - time_from_start: 0
      positions: [-0.4353010520250076, 0.8196722150271296, -2.38179670354824, 1.884875609115576, 0.2585548680233541, -1.041183933751904, 2.516382539623114, 0.4474494549766223, 0.6822657905076108, 0.8191292469738647, 0.4791076120727825, -0.9361915653369901, -0.9637100440419574, -0.1938887778474547]