joint_trajectory:
  points:
    - positions: [-0.00345146, 0.0118884, 0.00421845, 1.39861, 0.0145728, 0.238918, 0.0007669899999999999, 0.00115049, 0.0145728, 0.00230097, 1.41586, -0.00115049, 0.253107, -0.18868]
      time_from_start: 0
    - time_from_start: 0
      positions: [1.193955626651245, 0.7845897337426435, 1.74406271962471, 1.14448539613001, 1.93963150644037, 0.9790221335613234, -0.4355251491997869, 0.7285515024141818, -0.3885094290734268, 1.39012672596477, 1.603816511473618, -0.1341699471931885, 0.3124486464426979, -1.594255957244762]
    - time_from_start: 0
      positions: [-0.1586938642542683, 0.1700061180064878, -0.6436918234042113, 1.358108895242917, -0.9743426291009899, 0.2862433593133915, -0.700945734945171, 0.1416040713076085, -0.5976921363190991, 1.145969711922729, 1.352538945454087, -0.3460121614242412, -0.2696156584385302, -0.3043216344121261]
    - time_from_start: 0
      positions: [-0.5113745002003031, 0.929850529799632, -2.100085980739114, 1.206984560996198, -2.095436111745358, 0.6724876130547794, -1.585777204626439, 0.1415586475865979, -0.3937092141560028, 1.296226988620401, 1.54417714592798, 0.1847166983754504, -0.8244090984573755, -1.230044315670781]
  joint_names: [left_s0, left_s1, left_e0, left_e1, left_w0, left_w1, left_w2, right_s0, right_s1, right_e0, right_e1, right_w0, right_w1, right_w2]