joint_trajectory:
  joint_names: [left_s0, left_s1, left_e0, left_e1, left_w0, left_w1, left_w2, right_s0, right_s1, right_e0, right_e1, right_w0, right_w1, right_w2]
  points:
    - positions: [-0.00345146, 0.0118884, 0.00421845, 1.39861, 0.0145728, 0.238918, 0.0007669899999999999, 0.00115049, 0.0145728, 0.00230097, 1.41586, -0.00115049, 0.253107, -0.18868]
      time_from_start: 0
    - time_from_start: 0
      positions: [0.3455051383716103, 0.3802506051813253, 0.1382526412763423, 0.009946236486546689, -1.512468245743308, 1.22943563633874, 0.6305190038159489, -0.746066225083326, 0.1653031134679916, 0.05103867510034243, 0.3321009313911199, -2.419333549331874, -0.03710988300384455, 1.260779063981026]
    - time_from_start: 0
      positions: [-0.5642021702944449, 0.9399661757758114, -1.968434856822324, 1.320377930560152, 0.9861726316752769, -0.8821084930723957, 1.598114753317992, 0.7855068628553209, 0.537982897555848, 0.07603194836491563, 0.4625165181533306, -0.03732502115905156, -0.99850352173031, -0.04228610149014456]