joint_trajectory:
  points:
    - time_from_start: 0
      positions: [-0.00345146, 0.0118884, 0.00421845, 1.39861, 0.0145728, 0.238918, 0.0007669899999999999, 0.00115049, 0.0145728, 0.00230097, 1.41586, -0.00115049, 0.253107, -0.18868]
    - positions: [-0.17457709386083, 0.2549898224253824, -0.7535099476451673, 1.574505723503536, -0.8721755507488269, 0.5963218989584718, -0.2328222526149128, 0.1744261473228088, 0.1746264673372278, 0.3929206460793935, 1.434948691615797, 0.9189742015917433, 0.6598310427750924, 0.6285029059795131]
      time_from_start: 0
    - positions: [-0.3545547849430223, 0.5274283193888716, -1.460653602569257, 1.736455583127913, -1.74342697402279, 0.8981712197764075, -0.4276580519439659, 0.3757474044188415, 0.278642230758683, 0.8990844989563727, 1.441262358108719, 1.721979385346952, 0.9512450199804667, 1.148838597046918]
      time_from_start: 0
    - positions: [-0.5343055021771395, 0.8122684980987737, -2.370244813637008, 1.945072729202369, -2.801423734318995, 1.178812854280031, -0.6656504448899541, 0.524338436895085, 0.4868358077845398, 1.375660107078411, 1.414175023123315, 2.595612630217467, 1.269823780469441, 1.81912595969876]
      time_from_start: 0
  joint_names: [left_s0, left_s1, left_e0, left_e1, left_w0, left_w1, left_w2, right_s0, right_s1, right_e0, right_e1, right_w0, right_w1, right_w2]