joint_trajectory:
  joint_names: [left_s0, left_s1, left_e0, left_e1, left_w0, left_w1, left_w2, right_s0, right_s1, right_e0, right_e1, right_w0, right_w1, right_w2]
  points:
    - time_from_start: 0
      positions: [-0.00345146, 0.0118884, 0.00421845, 1.39861, 0.0145728, 0.238918, 0.0007669899999999999, 0.00115049, 0.0145728, 0.00230097, 1.41586, -0.00115049, 0.253107, -0.18868]
    - positions: [-1.08853349258015, -0.3197747053983619, -1.193231067256283, 1.550807877586223, -0.9359059813227506, -1.381352286246404, -2.814030780895147, -0.6622259484528423, 0.3007051302273758, -2.79113853963743, 1.802629511771723, -1.171341744008474, -1.565394066985272, -0.9883042327496225]
      time_from_start: 0
    - time_from_start: 0
      positions: [-0.5016235455998943, -0.1857399265550775, 0.01403962738347327, 0.951681870417767, 0.3989667337467662, -0.8074154971941215, -0.3022846659125586, 1.22239884910395, 0.6885634433544711, -2.781663077717063, 1.382693024350208, 2.792313885424146, 0.6252227517881443, 0.0002799640560723013]