joint_trajectory:
  points:
    - positions: [-0.00345146, 0.0118884, 0.00421845, 1.39861, 0.0145728, 0.238918, 0.0007669899999999999, 0.00115049, 0.0145728, 0.00230097, 1.41586, -0.00115049, 0.253107, -0.18868]
      time_from_start: 0
    - time_from_start: 0
      positions: [0.9588513993719698, 0.6192390784528108, 2.450930419103213, 0.2114463960304856, -0.2024812402129172, -0.9692528162286521, -2.985739921945613, -0.4954531166144274, 0.02883951606089274, -0.7507880707471966, 0.6836544092167167, -2.689796191364993, 0.6737205190051538, 2.350989695629105]
    - positions: [0.01270707533416915, -0.5920217440742999, 1.664113637700511, -0.01687593765091152, -1.783644576784689, -0.1958350622119724, -2.970212128834333, -0.5766611441488767, -0.9577969688796437, -0.5872885040902465, 1.527337203480303, -0.2326070058578624, -0.7982510594835183, -1.575408340141177]
      time_from_start: 0
    - time_from_start: 0
      positions: [-0.7073585661802372, 0.539626873264974, -0.4761768822506119, 0.7096047925187843, -2.817395621255402, 1.184147695794215, -2.836450780578327, 0.5200880587052664, -0.2715308212892561, 0.5862041602004682, 1.77773505388754, 3.059, 1.408374390857243, 2.597122953613693]
  joint_names: [left_s0, left_s1, left_e0, left_e1, left_w0, left_w1, left_w2, right_s0, right_s1, right_e0, right_e1, right_w0, right_w1, right_w2]