joint_trajectory:
  joint_names: [left_s0, left_s1, left_e0, left_e1, left_w0, left_w1, left_w2, right_s0, right_s1, right_e0, right_e1, right_w0, right_w1, right_w2]
  points:
    - time_from_start: 0
      positions: [-0.00345146, 0.0118884, 0.00421845, 1.39861, 0.0145728, 0.238918, 0.0007669899999999999, 0.00115049, 0.0145728, 0.00230097, 1.41586, -0.00115049, 0.253107, -0.18868]
    - positions: [1.182022173000156, -0.9795586396516298, 1.318798334761355, 0.5079504050724207, -0.1398040508832783, 0.2371025326886431, 0.9865247828750876, -1.067044569362849, 0.5124866113327444, 0.3749625422395391, 1.614418308570049, -1.372798008433078, 0.5590417009358846, 1.191702527548652]
      time_from_start: 0
    - positions: [0.7512876559837025, -0.3833019141308029, 2.228862759364624, 1.761316081264987, 2.56376531201927, -0.09613094548759804, -0.9965835907552392, -0.01986334730187012, -0.9300344135519116, -1.256926785637726, 0.513409455416724, -0.5667509974059648, -1.352802775591393, -2.278519503683783]
      time_from_start: 0
    - positions: [-0.5268126915301403, -0.3482489015962862, -0.1748844384755052, 1.489958249194502, -2.931513143543169, 1.119925813987304, -3.059, 1.06950441702748, -0.1246717114509801, 1.419209615624233, 0.7496540852938741, -2.953560088269953, 1.024187205255188, 1.574861570875153]
      time_from_start: 0