joint_trajectory:
  points:
    - time_from_start: 0
      positions: [-0.00345146, 0.0118884, 0.00421845, 1.39861, 0.0145728, 0.238918, 0.0007669899999999999, 0.00115049, 0.0145728, 0.00230097, 1.41586, -0.00115049, 0.253107, -0.18868]
    - positions: [0.5303003203505106, -1.099645038357004, 1.821286388661838, 2.514257741656154, -1.100924353979994, -0.6764193816813281, -0.2181754242489116, -0.9232045441926454, 0.5309067689701918, -2.620341820929965, 0.8386916528092696, -0.4693593721687792, -1.22132029300623, -0.6435122248381377]
      time_from_start: 0
    - positions: [-1.359171401832079, 0.7964592489739192, -2.893017083813623, 0.6632702134195807, 1.550982363615045, -0.7386296571371075, 1.363522705509445, 0.536541811742175, 0.9616039145612072, 2.959749878313987, 1.877586627743792, -3.018993711971313, 0.8973249143176806, 0.02791122815409274]
      time_from_start: 0
  joint_names: [left_s0, left_s1, left_e0, left_e1, left_w0, left_w1, left_w2, right_s0, right_s1, right_e0, right_e1, right_w0, right_w1, right_w2]