joint_trajectory:
  points:
    - time_from_start: 0
      positions: [-0.00345146, 0.0118884, 0.00421845, 1.39861, 0.0145728, 0.238918, 0.0007669899999999999, 0.00115049, 0.0145728, 0.00230097, 1.41586, -0.00115049, 0.253107, -0.18868]
    - positions: [1.62715398657851, 0.9613601987324656, -1.203334217825681, 1.470015604491345, -1.303874145396054, -0.341941218269783, 2.978444758923724, -0.7363889713590118, -0.6984293138296342, 0.2855297824197565, 2.197448361781426, -1.108258109839168, 0.4066253728666043, 2.773167316443287]
      time_from_start: 0
    - time_from_start: 0
      positions: [-1.267384980421992, -0.7340132900751692, 0.8305783444519557, 1.536812769356826, 0.2049011014228252, -0.7082238877863605, -0.7478827452982449, 1.186963882533226, -0.1043059754793093, 0.2019773614402362, 0.8285732038032048, 0.5489112986519805, -0.8982625459917298, -0.5792291741479629]
  joint_names: [left_s0, left_s1, left_e0, left_e1, left_w0, left_w1, left_w2, right_s0, right_s1, right_e0, right_e1, right_w0, right_w1, right_w2]