joint_trajectory:
  joint_names: [left_s0, left_s1, left_e0, left_e1, left_w0, left_w1, left_w2, right_s0, right_s1, right_e0, right_e1, right_w0, right_w1, right_w2]
  points:
    - positions: [-0.00345146, 0.0118884, 0.00421845, 1.39861, 0.0145728, 0.238918, 0.0007669899999999999, 0.00115049, 0.0145728, 0.00230097, 1.41586, -0.00115049, 0.253107, -0.18868]
      time_from_start: 0
    - time_from_start: 0
      positions: [0.5003520943420163, -1.542158719481435, 0.6021093596687694, 1.949718306024559, 2.863324470535386, 1.94598338514893, -0.1356576463025996, -1.355457970497078, 0.6052652741060593, -2.826324217678287, 2.143277178574353, -1.887859211386647, 1.864845888317975, -1.427995969142765]
    - positions: [-1.047274065917077, 0.7757347051132375, 1.095155803437054, 0.5742791185893928, -1.006388793253935, -1.002240439980076, -0.4468203987294364, 1.672415110213559, -0.05011439035746973, -0.2136069181089276, 0.6804290309128253, 1.249773033979887, -0.9166540725708022, -0.7461773145220161]
      time_from_start: 0