joint_trajectory:
  joint_names: [panda_joint1, panda_joint2, panda_joint3, panda_joint4, panda_joint5, panda_joint6, panda_joint7]
  points:
    - positions: [0, -0.785, 0, -2.356, 0, 1.571, 0.785]
      time_from_start: 0
    - positions: [1.462250672533226, -0.4093875929609488, -0.1019201288897598, -2.496379005393247, -1.721310159665829, 1.167296119315859, -1.251547677537555]
      time_from_start: 0
    - time_from_start: 0
      positions: [1.008871390644587, 0.1159041920981616, -1.065296776925934, -2.062384992850491, -1.977090699300891, 2.006986833253456, -1.617506878934645]
    - time_from_start: 0
      positions: [0.3921788235613829, 0.47682052349732, -0.4765956125748715, -1.892470195099519, -2.8973, 2.407991103944382, -2.31642042045372]