joint_trajectory:
  joint_names: [panda_joint1, panda_joint2, panda_joint3, panda_joint4, panda_joint5, panda_joint6, panda_joint7]
  points:
    - time_from_start: 0
      positions: [0, -0.785, 0, -2.356, 0, 1.571, 0.785]
    - positions: [-0.164439927516557, -0.3019468811562021, 0.2647525854210557, -2.166703376185118, -1.138878499353294, 1.441246796264545, 2.162045795003826]
      time_from_start: 0
    - positions: [0.7383115106931591, 0.454098864721904, -0.8888200692192767, -1.467803397692886, -2.414241980459883, 2.472199614949492, -2.212656205748488]
      time_from_start: 0
    - positions: [0.4942455295488525, 0.6260141591776208, -0.5391819372386925, -1.484555777166805, -2.8973, 2.695586610138577, -2.260780003792501]
      time_from_start: 0