joint_trajectory:
  points:
    - time_from_start: 0
      positions: [0, -0.785, 0, -2.356, 0, 1.571, 0.785]
    - positions: [0.9225486926544856, -0.8122206070894076, 0.6407256968724754, -2.145365408002965, -0.5796823927163897, 1.53184735180639, 0.2480055744303044]
      time_from_start: 0
    - positions: [1.314785913168499, -1.372503297174722, -2.680464006774686, -2.276457818504353, -0.5535008758706508, 2.467609237106517, -2.525141131765722]
      time_from_start: 0
    - positions: [0.4009661500825283, 0.5366602802531953, -0.3206274857055635, -1.715370232544592, -2.8973, 2.49004727057141, -2.389227433702046]
      time_from_start: 0
  joint_names: [panda_joint1, panda_joint2, panda_joint3, panda_joint4, panda_joint5, panda_joint6, panda_joint7]