joint_trajectory:
  points:
    - positions: [0, -0.785, 0, -2.356, 0, 1.571, 0.785]
      time_from_start: 0
    - positions: [0.8319588927362482, -0.3059094170675747, -0.6665422735678663, -2.221717012380256, -1.316026895837606, 1.20582582618533, -2.631434930878626]
      time_from_start: 0
    - time_from_start: 0
      positions: [0.5486451100665417, 0.7903856994134199, -0.5134560848449647, -1.249972174414511, -2.897241106247376, 2.768237967057266, -2.22785362437695]
  joint_names: [panda_joint1, panda_joint2, panda_joint3, panda_joint4, panda_joint5, panda_joint6, panda_joint7]