joint_trajectory:
  points:
    - time_from_start: 0
      positions: [0, -0.785, 0, -2.356, 0, 1.571, 0.785]
    - positions: [0.1630547868093533, -0.1605034096676827, -0.1174512517571882, -2.074620762705089, -1.017912695800806, 1.223619169374852, 0.1149704298086176]
      time_from_start: 0
    - positions: [0.1756550737136899, 0.3790686147495221, -0.1312114943787297, -1.503666951093527, -1.264821368146218, 1.513706925663719, -1.150927628846248]
      time_from_start: 0
    - positions: [-0.08285651433713451, 0.6877245218759221, -0.1499878038822372, -1.347799938781973, 2.8973, 2.662379556181086, -2.046963286289212]
      time_from_start: 0
  joint_names: [panda_joint1, panda_joint2, panda_joint3, panda_joint4, panda_joint5, panda_joint6, panda_joint7]