joint_trajectory:
  points:
    - time_from_start: 0
      positions: [0, -0.785, 0, -2.356, 0, 1.571, 0.785]
    - time_from_start: 0
      positions: [-0.1595525186466054, 0.3471821273429319, 0.008193253072397599, -0.3643489973249379, 0.2126001259105279, 2.473237374713644, -0.8290360851904843]
    - time_from_start: 0
      positions: [1.202308071540057, 0.7091557874915618, -0.9149506236589238, -1.863819812353573, -2.884613787606606, 2.453158207982993, -2.000116501077823]
  joint_names: [panda_joint1, panda_joint2, panda_joint3, panda_joint4, panda_joint5, panda_joint6, panda_joint7]