joint_trajectory:
  points:
    - positions: [0, -0.785, 0, -2.356, 0, 1.571, 0.785]
      time_from_start: 0
    - time_from_start: 0
      positions: [-1.468967536053061, 1.400674179439433, 2.351826875689626, -2.869104346501921, -2.732252134984173, 2.121974426393863, -2.336548111222033]
    - positions: [0.03883013059398794, 0.6010941317570564, -0.1150697180774602, -1.611868033528164, 2.8973, 2.481851488956057, -2.090459962000451]
      time_from_start: 0
  joint_names: [panda_joint1, panda_joint2, panda_joint3, panda_joint4, panda_joint5, panda_joint6, panda_joint7]