joint_trajectory:
  joint_names: [panda_joint1, panda_joint2, panda_joint3, panda_joint4, panda_joint5, panda_joint6, panda_joint7]
  points:
    - time_from_start: 0
      positions: [0, -0.785, 0, -2.356, 0, 1.571, 0.785]
    - positions: [2.675660374967009, 1.134182485150918, 1.30523839442525, -1.951830382054881, -1.044208470491693, 3.3372291338793, -1.208835893938877]
      time_from_start: 0
    - positions: [0.08038294080576854, 0.6503284106672577, -0.3511382178231551, -1.417800279827442, 2.8973, 2.631507508452642, -1.935128026352075]
      time_from_start: 0