joint_trajectory:
  points:
    - positions: [0, -0.785, 0, -2.356, 0, 1.571, 0.785]
      time_from_start: 0
    - time_from_start: 0
      positions: [0.4555526827341412, -1.618157859589532, 2.059308249818952, -2.248292868809868, 0.3514209526739549, 3.4026506123133, -1.112965903033735]
    - positions: [-2.257703819954769, -0.6585794485918305, 2.243882474079576, -1.84565487072754, -2.891399194671632, 2.483105249735231, -2.049961852240151]
      time_from_start: 0
  joint_names: [panda_joint1, panda_joint2, panda_joint3, panda_joint4, panda_joint5, panda_joint6, panda_joint7]