joint_trajectory:
  points:
    - time_from_start: 0
      positions: [0, -0.785, 0, -2.356, 0, 1.571, 0.785]
    - time_from_start: 0
      positions: [0.5490627662586786, -0.6080820094639456, 0.2943373326879463, -2.159984726556022, -0.5474590935963614, 1.774668175676113, 0.4846846863769937]
    - time_from_start: 0
      positions: [-1.579042880485346, 1.368315751332231, -2.423387631586427, -0.9960434496992501, -0.9422907612959854, 2.190148242593277, 1.6906252654701]
    - time_from_start: 0
      positions: [0.3229954381393655, 0.5128705160841444, -0.5330611904666137, -1.766440406752165, 2.880762197911578, 2.427505718741591, -1.905856964053622]
  joint_names: [panda_joint1, panda_joint2, panda_joint3, panda_joint4, panda_joint5, panda_joint6, panda_joint7]