joint_trajectory:
  joint_names: [left_s0, left_s1, left_e0, left_e1, left_w0, left_w1, left_w2]
  points:
    - positions: [-0.00345146, 0.0118884, 0.00421845, 1.39861, 0.0145728, 0.238918, 0.0007669899999999999]
      time_from_start: 0
    - time_from_start: 0
      positions: [-1.141524537424427, 0.6098904622686097, -2.971741497697356, 2.179560475770384, 2.691993612792343, 1.215099509497731, 2.836504062532913]
    - positions: [-1.030971275015784, -0.9202323052601962, 0.634775006079024, 1.515477839791933, -0.3347493705060914, -0.4587783787558788, -0.06815038535678368]
      time_from_start: 0