joint_trajectory:
  points:
    - time_from_start: 0
      positions: [-0.00345146, 0.0118884, 0.00421845, 1.39861, 0.0145728, 0.238918, 0.0007669899999999999]
    - positions: [0.4326805999543795, -0.7786530567663721, 1.207976178418369, 1.603364681146107, 0.1462878179655629, 1.597571074491413, -1.994375469189177]
      time_from_start: 0
    - time_from_start: 0
      positions: [1.108838781611365, 0.09617357492214085, -1.64241197165548, 1.545651210539043, 1.858354733016342, -1.161720413558863, 1.401994801052846]
    - time_from_start: 0
      positions: [-0.2558196172950905, -1.086189179003509, -1.0531268640494, 1.892593592988468, 2.506560855754669, 0.9218259122193816, -2.245512951998641]
  joint_names: [left_s0, left_s1, left_e0, left_e1, left_w0, left_w1, left_w2]