joint_trajectory:
  joint_names: [left_s0, left_s1, left_e0, left_e1, left_w0, left_w1, left_w2]
  points:
    - time_from_start: 0
      positions: [-0.00345146, 0.0118884, 0.00421845, 1.39861, 0.0145728, 0.238918, 0.0007669899999999999]
    - positions: [-1.164730958877407, -0.6432625823705456, 1.070335396262962, 0.4970941117610782, -2.584460442888085, 0.9969517984703904, -1.851308811662719]
      time_from_start: 0
    - time_from_start: 0
      positions: [-1.314245244435402, -0.6963114992632059, 0.5011033774563687, 1.566990007963081, -0.6282707995774458, -0.738113081966684, 0.08085079013853146]