joint_trajectory:
  joint_names: [left_s0, left_s1, left_e0, left_e1, left_w0, left_w1, left_w2]
  points:
    - positions: [-0.00345146, 0.0118884, 0.00421845, 1.39861, 0.0145728, 0.238918, 0.0007669899999999999]
      time_from_start: 0
    - time_from_start: 0
      positions: [-1.266439386544234, 0.3452055741987194, 2.739006714185009, 1.579579494046632, 0.9527833645855809, -0.2968547662120442, 2.528658826675383]
    - time_from_start: 0
      positions: [-1.595931304652966, 0.4152950994046946, 2.757111605037791, 1.444752594892945, 0.9040080459862425, 0.07915997146986886, 2.525009129856662]
    - positions: [-1.603837832090993, 0.4980690099327023, 2.314059896868114, 1.028488074254992, 1.045602311432108, -0.2758373899331919, 2.839416489502203]
      time_from_start: 0