joint_trajectory:
  points:
    - time_from_start: 0
      positions: [-0.00345146, 0.0118884, 0.00421845, 1.39861, 0.0145728, 0.238918, 0.0007669899999999999]
    - time_from_start: 0
      positions: [0.7562689663284288, -1.524895848697517, 1.661588785163446, 2.115097792130895, 3.040248130237218, 1.097499643914019, -1.45191729910532]
    - positions: [-0.2596403682908642, -0.6287082456347808, -0.7461727499002608, 1.675831847112786, 2.790573075008168, 1.13490237614021, -2.370459897801394]
      time_from_start: 0
  joint_names: [left_s0, left_s1, left_e0, left_e1, left_w0, left_w1, left_w2]