joint_trajectory:
  joint_names: [left_s0, left_s1, left_e0, left_e1, left_w0, left_w1, left_w2]
  points:
    - positions: [-0.00345146, 0.0118884, 0.00421845, 1.39861, 0.0145728, 0.238918, 0.0007669899999999999]
      time_from_start: 0
    - time_from_start: 0
      positions: [0.2688481128642234, -0.7155847127657881, 0.3257409695616589, 0.8502950422528538, -0.2428856276423266, 0.2604638728626024, 0.305500246010888]
    - positions: [0.4951381263257821, -1.506519745542202, 0.331446326230513, 0.6891899773897602, -0.9647040040818973, -1.122026704004754, 1.574695810641628]
      time_from_start: 0
    - time_from_start: 0
      positions: [-1.216676200012526, -0.9066457812363168, 0.4532688080944147, 1.327747418761326, -0.6418374607555039, -0.3783061864534081, 0.3280563054309202]