joint_trajectory:
  joint_names: [kuka_arm_0_joint, kuka_arm_1_joint, kuka_arm_2_joint, kuka_arm_3_joint, kuka_arm_4_joint, kuka_arm_5_joint, kuka_arm_6_joint, WRJ2, WRJ1, FFJ4, FFJ3, FFJ2, FFJ1, KTHJ5, THJ4, THJ3, THJ2, THJ1, LFJ5, LFJ4, LFJ3, LFJ2, LFJ1, MFJ4, MFJ3, MFJ2, MFJ1, RFJ4, RFJ3, RFJ2, RFJ1]
  points:
    - time_from_start: 0
      positions: [0, 0, 0, 0, 0, 0, 0, 0, 0, 0, 0, 0, 0, 0, 0, 0, 0, 0, 0, 0, 0, 0, 0, 0, 0, 0, 0, 0, 0, 0, 0]
    - time_from_start: 0
      positions: [0.298353047142256, -1.470860752323932, 0.2514686685587515, 1.688594811994918, 0.265810624323219, 0.6911017099944092, 1.182881006883353, 0.02838719451932548, 0.2540396714177202, -0.2952474076237498, 0.3330451573294336, 0.5253044187273536, 0.5572935528030895, -0.772056554786861, 0.2518706549333874, -0.07867018618891014, -0.01116797107690948, 1.562627364719054, 0.3625531989236086, -0.3555742686193391, 0.1437558551622276, 1.530790698246546, 1.568228468148388, -0.008391627665610413, 0.6071889917882433, 0.3523424746029527, 0.3130558618836769, -0.2540983751505853, 0.8690693939173388, 0.3727449131092035, 0.4724245778527484]
    - positions: [2.827925739211714, 0.2810554080074181, -0.7221918463606982, -1.546991373326802, 2.937728080196263, 0.5164482026486574, -2.921832716321268, 0.1303945115903533, -0.3860760998090426, 0.435989332730874, 0.10505552170664, 0.450489955274976, 0.4565697152201442, 0.2735114241695516, 1.265272194952446, 0.140693660891598, -0.3635504502214291, 0.6360039901942098, 0.003329273050201626, -0.4363323129985822, 0.3193137200724159, 0.4083289730477541, 0.2785139316220764, 0.4360142452677456, 0.3647796520501093, 0.03048396604379277, 0.6126980686995899, -0.4362839847933836, 0.4371706836505427, 0.01309625811061541, 0.5446341185253947]
      time_from_start: 0