joint_trajectory:
  joint_names: [kuka_arm_0_joint, kuka_arm_1_joint, kuka_arm_2_joint, kuka_arm_3_joint, kuka_arm_4_joint, kuka_arm_5_joint, kuka_arm_6_joint, WRJ2, WRJ1, FFJ4, FFJ3, FFJ2, FFJ1, KTHJ5, THJ4, THJ3, THJ2, THJ1, LFJ5, LFJ4, LFJ3, LFJ2, LFJ1, MFJ4, MFJ3, MFJ2, MFJ1, RFJ4, RFJ3, RFJ2, RFJ1]
  points:
    - time_from_start: 0
      positions: [0, 0, 0, 0, 0, 0, 0, 0, 0, 0, 0, 0, 0, 0, 0, 0, 0, 0, 0, 0, 0, 0, 0, 0, 0, 0, 0, 0, 0, 0, 0]
    - positions: [1.710515117248844, -0.09767332379996896, -2.92263155512683, 0.760327788097384, 0.002386805299385841, -0.5516051350536973, 1.788684769671481, 0.08223915421055561, 0.248092673082956, -0.3341367058937239, 1.502464735179432, 0.3966417285759842, 1.433263619806854, -0.1777220892305486, 0.7656492651836015, 0.1483870331279933, 0.2631147906114814, 0.1316649931287393, 0.02901543314766851, -0.3089914104150459, 1.168855686201649, 1.037587817637007, 1.123089611815379, -0.1048672990391705, 0.1144465792733335, 0.1154120408372513, 0.01553218562925634, -0.3384130192320375, 0.5996683501119252, 1.447615526787056, 0.0857668025198889]
      time_from_start: 0
    - positions: [-1.212521972537462, 1.492585242009842, 0.5661015950724795, 1.421430895422666, 1.664988580228428, -0.5127192083178185, 2.713809447547926, -0.068088878357108, -0.6939352265559086, 0.4144083158987327, 0.2530014345970994, 0.2043463569797208, 0.4403748501276389, 0.2966329877022692, 1.226810711218403, 0.104140552692112, -0.3441792469071571, 0.7192283513495422, 0.00946518036392802, -0.4224638569395076, 0.251684263765283, 0.2343358758704401, 0.4072253846419697, 0.4203087909022641, 0.1071605641521774, 0.6897733553656666, 0.07880163318348762, -0.4132974052718763, 0.3594886738759448, 0.4174248602779678, 0.1139187349840203]
      time_from_start: 0
    - time_from_start: 0
      positions: [-1.296808757007953, 1.567092776206991, 0.6457464458406306, 1.444220906961167, 1.75592373776426, -0.5278768883826465, 2.793270730368664, -0.06223419007078443, -0.7199286778223594, 0.4362352473758274, 0.2414376613415673, 0.1991379427030457, 0.4448126575940564, 0.3096113942487463, 1.251735181660099, 0.1064051120407239, -0.3631798948206744, 0.7276376689908608, 0.003121355774263772, -0.4357187567858672, 0.2431906547181169, 0.2332119362680902, 0.4040981048635461, 0.436196759733819, 0.1073077794636262, 0.6878541834978232, 0.06210040189521716, -0.4351182454593183, 0.3652929105778128, 0.409068738208107, 0.09053207543614933]