joint_trajectory:
  points:
    - positions: [0, 0, 0, 0, 0, 0, 0, 0, 0, 0, 0, 0, 0, 0, 0, 0, 0, 0, 0, 0, 0, 0, 0, 0, 0, 0, 0, 0, 0, 0, 0]
      time_from_start: 0
    - time_from_start: 0
      positions: [-1.11811356209299, 1.434314449496525, 1.113798106138359, 1.74943166056944, 0.03739555383310575, -0.6538820200266529, -1.427117289513814, 0.08822676585310861, -0.598688709797202, 0.3732030416398029, 0.3254883596042126, 0.6500565628769415, 0.4653951384917431, -0.2252202940710672, 1.106723528170899, 0.2251374027931653, 0.104114155741949, 0.5346175101046267, 0.128910074410172, -0.3164661460971018, 0.5343921129056656, 0.2042054136947902, 0.3623284627364927, 0.3420559026943421, 0.354431188326465, 0.7463199798311616, 0.2070281207149798, -0.3101131339333403, 0.801470360924226, 0.09617192962236734, 0.2483531139267257]
    - time_from_start: 0
      positions: [-1.329227708467202, 1.50076346853333, 1.319930703461608, 1.849722335843597, -0.1281654587198109, -0.6521844695023709, -1.558030921634643, 0.1093767450619593, -0.62906852998014, 0.3847390281241532, 0.3127625570992647, 0.6558148299491208, 0.4248468122601445, -0.2430045081772461, 1.110006338765408, 0.2286470600477298, 0.1046024886485961, 0.5124358636261699, 0.1177279410143888, -0.3351253352497103, 0.5261005477730857, 0.1755321820965814, 0.3266829971742614, 0.3511315488148228, 0.3305726543789906, 0.7211538233014372, 0.1697958270380925, -0.3289510902942955, 0.8233170071786343, 0.05467025090883747, 0.1955369790780681]
    - time_from_start: 0
      positions: [-1.589317366559815, 1.498493882307814, 1.572899020193679, 1.821929497239793, -0.6073768102943434, -0.4962954124919421, -1.369201831625596, 0.1314258039628789, -0.6738169921023646, 0.4363323129985823, 0.3039171220546515, 0.565518231473913, 0.2888336569186689, -0.1231604994141269, 1.246679494543528, 0.2617796815827212, 0.07293906950819988, 0.4448017162462529, 0.0004939712445056493, -0.4363323129985823, 0.5953038837447661, 0.1708274450758075, 0.3878986651099509, 0.4363323129985824, 0.3726790532084164, 0.7774462008357379, 0.0113281744441783, -0.4363323129985822, 0.8670996088607357, 0.06015435855797449, 0.2337139198508187]
  joint_names: [kuka_arm_0_joint, kuka_arm_1_joint, kuka_arm_2_joint, kuka_arm_3_joint, kuka_arm_4_joint, kuka_arm_5_joint, kuka_arm_6_joint, WRJ2, WRJ1, FFJ4, FFJ3, FFJ2, FFJ1, KTHJ5, THJ4, THJ3, THJ2, THJ1, LFJ5, LFJ4, LFJ3, LFJ2, LFJ1, MFJ4, MFJ3, MFJ2, MFJ1, RFJ4, RFJ3, RFJ2, RFJ1]