joint_trajectory:
  joint_names: [kuka_arm_0_joint, kuka_arm_1_joint, kuka_arm_2_joint, kuka_arm_3_joint, kuka_arm_4_joint, kuka_arm_5_joint, kuka_arm_6_joint, WRJ2, WRJ1, FFJ4, FFJ3, FFJ2, FFJ1, KTHJ5, THJ4, THJ3, THJ2, THJ1, LFJ5, LFJ4, LFJ3, LFJ2, LFJ1, MFJ4, MFJ3, MFJ2, MFJ1, RFJ4, RFJ3, RFJ2, RFJ1]
  points:
    - positions: [0, 0, 0, 0, 0, 0, 0, 0, 0, 0, 0, 0, 0, 0, 0, 0, 0, 0, 0, 0, 0, 0, 0, 0, 0, 0, 0, 0, 0, 0, 0]
      time_from_start: 0
    - time_from_start: 0
      positions: [1.144613365764357, 0.2487463936287445, 1.240467616949073, -1.365530890097698, 2.157309668664305, 0.3187484575819112, 1.942895360910505, 0.01067605989373764, -0.5205861904437811, 0.3340740961915506, 0.4324870162874635, 0.3878049960313852, 0.4503544759391399, 0.4645515996728703, 0.963491227800254, 0.1657660631825667, -0.3871056003759479, 0.5396798239656712, 0.06822166851293239, -0.3338962781076791, 0.3717789580534936, 0.7072622382110813, 0.1418379768139098, 0.2764168352902629, 0.3610087836063948, 0.4776164143175138, 0.4425613661117651, -0.2888862525646092, 0.2462368212995831, 0.4643658685098091, 0.4722207464866174]
    - positions: [1.495712277912638, 0.1927233153346452, 1.567957340018807, -1.529754235893003, 2.709348534789562, 0.2628757393737013, 2.311375777278987, 0.03567222763825557, -0.6064370591222124, 0.3784594531877511, 0.4552128275843062, 0.3172505503226114, 0.4117081592581964, 0.4373228270274436, 1.033822949996191, 0.2139201574874396, -0.4370324940989772, 0.5717638971159514, 0.03850757222097859, -0.3839570368637064, 0.3441879225524629, 0.6762052038348246, 0.08390735411476416, 0.3563118542249751, 0.3569598566279236, 0.3885347234872465, 0.4615217411104638, -0.3429940513166101, 0.1426380175301269, 0.4612618262866594, 0.5016676751721163]
      time_from_start: 0
    - positions: [1.507732933184306, 0.1832708332818085, 1.564549866490343, -1.755067450868401, 2.960115429329775, 0.4265838483464435, 2.820499041249926, 0.07860305592410158, -0.7289763367605826, 0.4363323129985823, 0.4116372734024735, 0.2521263850014397, 0.3213953417827985, 0.5065524375253844, 1.129010248434513, 0.2379297543941756, -0.5237000000000001, 0.5657393080054187, 0.01049958752466136, -0.4363323129985823, 0.2593348768019742, 0.6992902406922091, 0.02262837564623121, 0.4363323129985823, 0.2813837775184291, 0.3157981781571436, 0.407987964594449, -0.4363323129985822, 0.1054037360685599, 0.4310710746625339, 0.4793450936364542]
      time_from_start: 0