joint_trajectory:
  joint_names: [kuka_arm_0_joint, kuka_arm_1_joint, kuka_arm_2_joint, kuka_arm_3_joint, kuka_arm_4_joint, kuka_arm_5_joint, kuka_arm_6_joint, WRJ2, WRJ1, FFJ4, FFJ3, FFJ2, FFJ1, KTHJ5, THJ4, THJ3, THJ2, THJ1, LFJ5, LFJ4, LFJ3, LFJ2, LFJ1, MFJ4, MFJ3, MFJ2, MFJ1, RFJ4, RFJ3, RFJ2, RFJ1]
  points:
    - positions: [0, 0, 0, 0, 0, 0, 0, 0, 0, 0, 0, 0, 0, 0, 0, 0, 0, 0, 0, 0, 0, 0, 0, 0, 0, 0, 0, 0, 0, 0, 0]
      time_from_start: 0
    - positions: [0.7365540901782528, -0.9556963498693698, -0.6398650805460951, 1.250891048621974, -0.4578722582919598, -1.189100548477602, -0.9100769683334444, 0.09459982022018718, -0.4658211998434387, 0.287594443536034, 0.3599878800194788, 0.4948830898181118, 0.4355153285791639, 0.4970994074870244, 1.047744723744301, 0.08979494986048855, -0.3019064733060887, 0.7349145006220499, 0.2009014028987124, -0.3340439069301877, 0.4526237278909516, 0.4995722085701383, 0.3445021064202515, 0.2980247946264369, 0.3001628324847154, 0.4950531700049612, 0.5767145929021261, -0.3405911362737043, 0.4197307866174809, 0.5145003802629988, 0.4832425591743127]
      time_from_start: 0
    - positions: [0.42334018589735, -1.370961895964871, -0.3692809661010665, 1.246861071837644, -1.279888610439649, -1.465749383125559, -0.4932049510821575, 0.1024955975330867, -0.6332129235260162, 0.2738824291444598, 0.1419206295489723, 0.4940363693528134, 0.541239026031816, 0.6090340818838194, 1.024265838682, 0.2083326396071251, -0.3511854953610131, 0.6682370290072341, 0.02688032683654478, -0.3403141257341201, 0.09738328830291028, 0.3569928418503397, 0.03317697931236479, 0.334827560259008, 0.1854654181240585, 0.2151678019517203, 0.617188941902115, -0.3517520105335742, 0.2858168129364329, 0.4879064042063996, 0.03025404756996387]
      time_from_start: 0
    - time_from_start: 0
      positions: [0.3281523181943647, -1.505033023725609, -0.5856459777701931, 1.263895511760782, -1.451954469447293, -1.236003457864454, -0.6541152227650689, 0.1359183951795546, -0.5507994531158859, 0.4330607307955455, 0.01324367557907785, 0.4209602013904761, 0.3814273911971279, 0.5068203847535568, 1.238913732701218, 0.08177176141033025, -0.5236999999999998, 0.7430752816304289, 0.02639207706032708, -0.4363323129985822, 0.01757325409219371, 0.5759927837211638, 0.1817761107481048, 0.4349289044937448, 0.1552958200385833, 0.1417675936400015, 0.5160135384046446, -0.4335994080349654, 0.110427714457759, 0.5137437161365234, 0.1922827294862173]