joint_trajectory:
  points:
    - time_from_start: 0
      positions: [0, 0, 0, 0, 0, 0, 0, 0, 0, 0, 0, 0, 0, 0, 0, 0, 0, 0, 0, 0, 0, 0, 0, 0, 0, 0, 0, 0, 0, 0, 0]
    - positions: [1.246220801913065, 0.5334388675483441, -2.101652159715967, -2.013768790167259, 0.03015400237681787, 1.283444920894915, 0.8399303042487887, -0.4120647629221584, -0.5899261711878587, 0.09991733224366101, 0.6315277368860227, 0.3167618938319146, 1.094274183422928, -0.4093449572324752, 0.401180720576318, 0.09477601051619278, -0.3832339134709444, 0.7899125903653912, 0.2543341066002225, -0.2929407525581806, 1.302791505897156, 0.5683546913953043, 0.8385789821093965, 0.3343487162486157, 1.562060380182786, 1.525439553841347, 0.2343738117978566, 0.07743317272943778, 0.01333529411991371, 0.4546736147282247, 0.2330713356016419]
      time_from_start: 0
    - time_from_start: 0
      positions: [1.46734921178898, -1.287426406373955, 0.990423659778108, -1.565366755576142, -0.2519519905032643, -1.169700427046971, 1.800600067625246, 0.08964910742901713, -0.5882651448227129, 0.4338342223020508, 0.01836998024929624, 0.3792120957340386, 0.5480048065457922, 0.5659486896373811, 1.170459286482715, 0.1860277514940132, -0.5236541832557159, 0.5593312765107671, 0.0003159086285352785, -0.4357683519924157, 0.0008311427270293684, 0.937201251826612, 0.007652812854357932, 0.4362879827832454, 2.432725486417759e-05, 0.8917146477334559, 0.04953783106060174, -0.4363040819826575, 0.1030676696174585, 0.0938371119447884, 0.7480598026409321]
  joint_names: [kuka_arm_0_joint, kuka_arm_1_joint, kuka_arm_2_joint, kuka_arm_3_joint, kuka_arm_4_joint, kuka_arm_5_joint, kuka_arm_6_joint, WRJ2, WRJ1, FFJ4, FFJ3, FFJ2, FFJ1, KTHJ5, THJ4, THJ3, THJ2, THJ1, LFJ5, LFJ4, LFJ3, LFJ2, LFJ1, MFJ4, MFJ3, MFJ2, MFJ1, RFJ4, RFJ3, RFJ2, RFJ1]