joint_trajectory:
  joint_names: [kuka_arm_0_joint, kuka_arm_1_joint, kuka_arm_2_joint, kuka_arm_3_joint, kuka_arm_4_joint, kuka_arm_5_joint, kuka_arm_6_joint, WRJ2, WRJ1, FFJ4, FFJ3, FFJ2, FFJ1, KTHJ5, THJ4, THJ3, THJ2, THJ1, LFJ5, LFJ4, LFJ3, LFJ2, LFJ1, MFJ4, MFJ3, MFJ2, MFJ1, RFJ4, RFJ3, RFJ2, RFJ1]
  points:
    - time_from_start: 0
      positions: [0, 0, 0, 0, 0, 0, 0, 0, 0, 0, 0, 0, 0, 0, 0, 0, 0, 0, 0, 0, 0, 0, 0, 0, 0, 0, 0, 0, 0, 0, 0]
    - time_from_start: 0
      positions: [-1.062037079069782, -0.200808887155126, -1.404137912154456, -0.2961082842604659, -1.024415992240273, 0.4997428375358245, -0.1635265738913702, -0.1653945012772632, -0.04987677366247641, 0.03709013227545523, 0.5174469925234585, 0.4481169036902426, 0.4225327012337755, -0.01701736057552401, 0.4083511824464853, 0.02033222982102913, -0.03918106083783934, 0.5519518466814164, 0.2410975092066837, 0.04234647689297739, 0.5668027593411467, 0.5688161899997154, 0.3862336396442279, 0.04047969021004591, 0.6166321754866979, 0.2772140203067588, 0.6069917080805685, -0.06165359315105184, 0.4387934778486506, 0.5141025445434867, 0.4457829168427998]
    - positions: [-1.70343524022462, -0.3815341599206877, -2.095504212300481, -0.6358143018246251, -1.555619862322924, 0.7883896030672648, -0.006602738815231435, -0.2524331489603748, -0.1162288867165951, 0.08284662698257897, 0.8056554599292289, 0.6507044305013376, 0.6198453351920861, -0.07184838556828751, 0.6103787781925188, 0.03069841569239338, -0.09193955117278288, 0.8121596349674467, 0.3494927235497428, 0.04773610020722352, 0.8576585999422957, 0.7773035932882917, 0.5810064344129027, 0.09222285645829323, 0.885934827680127, 0.4299543647718751, 0.8293590524584659, -0.09236832402924508, 0.6487243668623341, 0.7304373968679323, 0.6561530906588176]
      time_from_start: 0
    - time_from_start: 0
      positions: [-1.837703128360654, -0.9979455337693679, -2.370843569256183, -1.338886661110252, -0.630287154091265, 1.052630024076526, 1.018196644563734, -0.2058943776891971, -0.3857603993249948, 0.1062577033070542, 0.8206884883892165, 0.6191979976177168, 0.7014624287397928, 0.07592405219282962, 0.7186793005810324, -0.05531862387838875, -0.08445129667411835, 0.6055154250894264, 0.2610877677914709, -0.117535285565036, 0.8745811879525631, 0.5425556675752146, 0.7298236012402015, 0.2291722389438902, 0.8105896487148088, 0.719850701445147, 0.5106735695761828, -0.09920448714832295, 0.6759880360173935, 0.6550438959643222, 0.6024259472663904]
    - time_from_start: 0
      positions: [-1.3548074345542, -1.56894197420043, -2.49852331997402, -1.820650637321277, 2.043743544751013, 1.70064660905136, 2.187853388995915, -0.2799701633701307, -0.77875799777854, 0.4363323129985822, 0.6090726130115826, 0.1061723904130097, 0.3604966750451902, 0.3376839536437651, 1.308089298524983, 0.09762075044178885, -0.5237000000000001, 0.6545708114621445, 0.0005446353019435696, -0.4363323129985823, 0.7274276135909618, 0.02926277341873703, 0.3121726291463063, 0.4363323129985822, 0.709014260453424, 0.2843570844046721, 0.07192462075997941, -0.4363323129985822, 0.4330502413672676, 0.279395834457527, 0.3668826521411875]