joint_trajectory:
  points:
    - time_from_start: 0
      positions: [0, 0, 0, 0, 0, 0, 0, 0, 0, 0, 0, 0, 0, 0, 0, 0, 0, 0, 0, 0, 0, 0, 0, 0, 0, 0, 0, 0, 0, 0, 0]
    - positions: [2.232748934862186, -0.04212958070042865, -2.204557299997161, 1.514701262588984, -0.2757346444363257, 0.7297617224082333, -2.138720141097421, -0.2972301075583225, -0.1956252161105577, 0.311015566965006, 0.2433238738923956, 0.1368181516680778, 0.6640241426864183, 0.3464422866339317, 0.9687957910223066, 0.1126571793662333, -0.2483226773121791, 0.7111771767789492, 0.1126464119249884, -0.3458828041377968, 0.4147285575095224, 0.3764325895240453, 0.358934818807912, 0.3531744488932416, 0.387658122238827, 0.3244456250972174, 0.3057788593693227, -0.3474892722139151, 0.449372053750642, 0.5417859623149055, 0.2542930623185665]
      time_from_start: 0
    - time_from_start: 0
      positions: [2.744796874818038, 0.05353209316461294, -2.408251179329919, 1.730810639991633, -0.3619777507776641, 1.010849903826659, -2.687369568476308, -0.3076761302857153, -0.2589823955463016, 0.3903831925230241, 0.1972301693097593, 0.03931534800750074, 0.6901559338129146, 0.433117815909567, 1.143865027278709, 0.1368784146807663, -0.369042570400504, 0.6508197191442114, 0.04794441809407515, -0.4227770932784515, 0.425767782976418, 0.2363751086365256, 0.3330550394628605, 0.4211822800749805, 0.369731142225608, 0.2690516025028091, 0.2864114041332284, -0.4219173232647693, 0.3552778591207887, 0.4866571712341488, 0.1284858733195449]
    - positions: [2.939217653282353, 0.1114676527382552, -2.496268649042631, 1.780747030919937, -0.3581791014125278, 1.066534311989689, -2.963240500215687, -0.3003217836437633, -0.2792521727341006, 0.4362755266127302, 0.1367220940522565, 0.02243206090731858, 0.7304842819589088, 0.4584419393770984, 1.193748656720925, 0.1475314163741799, -0.411255363705324, 0.6208814952490275, 0.02700064462620924, -0.4360639319636045, 0.4056342475058324, 0.1644040785858044, 0.2899894557343611, 0.4323214314105628, 0.3732145739026405, 0.2189278221844622, 0.2714741695307341, -0.431526460204338, 0.3353512841387906, 0.4911467493263093, 0.07413953117748763]
      time_from_start: 0
  joint_names: [kuka_arm_0_joint, kuka_arm_1_joint, kuka_arm_2_joint, kuka_arm_3_joint, kuka_arm_4_joint, kuka_arm_5_joint, kuka_arm_6_joint, WRJ2, WRJ1, FFJ4, FFJ3, FFJ2, FFJ1, KTHJ5, THJ4, THJ3, THJ2, THJ1, LFJ5, LFJ4, LFJ3, LFJ2, LFJ1, MFJ4, MFJ3, MFJ2, MFJ1, RFJ4, RFJ3, RFJ2, RFJ1]