joint_trajectory:
  joint_names: [kuka_arm_0_joint, kuka_arm_1_joint, kuka_arm_2_joint, kuka_arm_3_joint, kuka_arm_4_joint, kuka_arm_5_joint, kuka_arm_6_joint, WRJ2, WRJ1, FFJ4, FFJ3, FFJ2, FFJ1, KTHJ5, THJ4, THJ3, THJ2, THJ1, LFJ5, LFJ4, LFJ3, LFJ2, LFJ1, MFJ4, MFJ3, MFJ2, MFJ1, RFJ4, RFJ3, RFJ2, RFJ1]
  points:
    - positions: [0, 0, 0, 0, 0, 0, 0, 0, 0, 0, 0, 0, 0, 0, 0, 0, 0, 0, 0, 0, 0, 0, 0, 0, 0, 0, 0, 0, 0, 0, 0]
      time_from_start: 0
    - time_from_start: 0
      positions: [-0.4449179759414075, 0.4273717316210055, -1.25842358596673, -0.02971987517871533, 2.682372947741963, -0.6837693773286404, -0.7099577571133757, 0.02815219721074425, 0.3218011522715762, -0.3690184266415319, 0.6671461724910094, 0.118507973040959, 0.9981560516258003, -0.1715056121293456, 0.3005967619377188, -0.1552034121126868, 0.03133436868367712, 0.06280653073685244, 0.6113820977209399, 0.117622185937756, 1.073014834800077, 0.4163479599795597, 0.04361570513476652, -0.123428170916843, 0.5254695170786478, 0.3919062660449769, 1.453520556115212, 0.2258836680598631, 0.8071588577009097, 0.9816824888186946, 0.06193263505693455]
    - positions: [-2.058890299603863, -1.275015138231057, -0.9517299644791312, -1.730719949418531, -1.858308513986497, 0.1743032723186409, 0.3284493267734039, -0.08861315354091372, -0.784484191945103, 0.4363323129985824, 0.2290635440500765, 0.1097299023754427, 0.6050264694339199, 0.4249133905908294, 1.239944061432924, 0.1322160103666014, -0.4990997067071982, 0.6590673807085191, 0.006407278137569917, -0.4363323129985823, 0.412192051947578, 0.1080024916856447, 0.3998789152717008, 0.4363323129985823, 0.3590735102679201, 0.08040247498196482, 0.5142040455610087, -0.4362384827915606, 0.1727118150032493, 0.3403829185013868, 0.4494891466948359]
      time_from_start: 0