joint_trajectory:
  joint_names: [kuka_arm_0_joint, kuka_arm_1_joint, kuka_arm_2_joint, kuka_arm_3_joint, kuka_arm_4_joint, kuka_arm_5_joint, kuka_arm_6_joint, WRJ2, WRJ1, FFJ4, FFJ3, FFJ2, FFJ1, KTHJ5, THJ4, THJ3, THJ2, THJ1, LFJ5, LFJ4, LFJ3, LFJ2, LFJ1, MFJ4, MFJ3, MFJ2, MFJ1, RFJ4, RFJ3, RFJ2, RFJ1]
  points:
    - time_from_start: 0
      positions: [0, 0, 0, 0, 0, 0, 0, 0, 0, 0, 0, 0, 0, 0, 0, 0, 0, 0, 0, 0, 0, 0, 0, 0, 0, 0, 0, 0, 0, 0, 0]
    - time_from_start: 0
      positions: [2.205109328368011, -1.519596809713335, -2.908315846469628, 1.14149004327468, -0.6737032897934214, 1.700555820357206, 0.4322935801976691, -0.2824958685319154, 0.1584041841307234, -0.04790704065069618, 1.050925687224199, 0.5669878387575527, 1.151182785483023, 0.1676583578106947, 0.4913665641774423, 0.1737050572510809, 0.02845006439886055, 0.792298757456243, 0.2618982578171651, -0.1620241421241231, 0.2581711078735413, 0.6335133581551124, 1.402332564272904, 0.2764461831820473, 0.06710767192083304, 0.4196099922677164, 1.180129795676384, 0.4337231006699713, 0.6464011002841193, 0.1859573979857476, 0.9417161370655618]
    - positions: [-0.1713994739187774, -1.426861527795688, -0.1586110085814473, 1.154688396758265, -1.862518654042784, -1.431472073066518, -0.8086188855357992, 0.1219627724870041, -0.7762652636920757, 0.4249527482247885, 0.07920765665593989, 0.4566431487321631, 0.3330402777360345, 0.4581681723932399, 1.288931106414806, 0.03574872556732808, -0.2351193588818851, 0.4153210583486739, 0.01950829134328465, -0.4362786833576087, 0.2959065951766757, 0.101800250163698, 0.4632602141798429, 0.4363321274351633, 0.2250505893280108, 0.0001503961325820259, 0.6797565766834741, -0.4363228811682762, 0.5634373302530808, 0.1127105473762699, 0.1920417736504903]
      time_from_start: 0