joint_trajectory:
  points:
    - time_from_start: 0
      positions: [0, 0, 0, 0, 0, 0, 0, 0, 0, 0, 0, 0, 0, 0, 0, 0, 0, 0, 0, 0, 0, 0, 0, 0, 0, 0, 0, 0, 0, 0, 0]
    - time_from_start: 0
      positions: [1.163042226734118, 0.4497270085037497, 2.075376751547223, -1.390560187587311, 0.6888454961625634, 0.6699332498428539, -2.083461842291537, -0.2198773328320124, -0.2236148304322294, 0.1441062755184699, 0.5522461758789992, 0.3532013817047637, 0.8064573250976186, 0.2508813801929118, 0.9447572244733309, 0.06862843424440301, -0.09797566406196201, 0.936338866552499, 0.4001369982816326, 0.01520906314852111, 0.9575078512118319, 0.6322377493556214, 0.4149897683386475, -0.00390141235969182, 0.05634841613377984, 0.6919477716985045, 0.3733760836293246, -0.3326014410255225, 0.6006478814141045, 0.2905026167688456, 0.7591290593073399]
    - time_from_start: 0
      positions: [1.037826865482045, 0.28275471302348, 2.253367474726546, -1.356088522487556, 0.9418095149232959, 0.6988477077224394, -2.359275537311491, -0.02783773100041054, -0.3055381879997646, 0.1836757085407465, 0.6741581235357905, 0.4883685277517616, 0.5770980107844251, 0.1499014411436485, 0.9379699112335538, 0.1119533648595498, -0.2654410710841971, 0.7386660902875102, 0.2099664703508676, -0.1726524834714011, 0.7745999004090122, 0.4027477695574485, 0.4947362523550927, 0.2485539833157616, 0.2166693638796625, 0.8341434284879211, 0.2657702355648028, -0.2921287890756529, 0.4773903295416813, 0.2862442951444234, 0.6385507041549143]
    - positions: [0.9013237527297755, 0.05082492052913665, 2.552268379015692, -1.836656939885433, 2.509833732839032, 0.6592966973456118, -2.834223686775889, 0.01877122938671785, -0.7039501158750133, 0.4362243682338632, 0.3667966007550864, 0.127553311052122, 0.5535929720307396, 0.1447219936530828, 1.186802505700737, 0.2614080015749176, -0.5236639293903922, 0.8724479486624793, 0.00604179162430141, -0.4363072748381299, 0.4750416118916185, 0.2204590835457579, 0.357789433542824, 0.4363287569832933, 0.1245813119741509, 0.7761143043358791, 0.152368988212051, -0.4363145278161338, 0.2924973740375822, 0.0692199189872532, 0.6966570721263211]
      time_from_start: 0
  joint_names: [kuka_arm_0_joint, kuka_arm_1_joint, kuka_arm_2_joint, kuka_arm_3_joint, kuka_arm_4_joint, kuka_arm_5_joint, kuka_arm_6_joint, WRJ2, WRJ1, FFJ4, FFJ3, FFJ2, FFJ1, KTHJ5, THJ4, THJ3, THJ2, THJ1, LFJ5, LFJ4, LFJ3, LFJ2, LFJ1, MFJ4, MFJ3, MFJ2, MFJ1, RFJ4, RFJ3, RFJ2, RFJ1]