joint_trajectory:
  joint_names: [kuka_arm_0_joint, kuka_arm_1_joint, kuka_arm_2_joint, kuka_arm_3_joint, kuka_arm_4_joint, kuka_arm_5_joint, kuka_arm_6_joint, WRJ2, WRJ1, FFJ4, FFJ3, FFJ2, FFJ1, KTHJ5, THJ4, THJ3, THJ2, THJ1, LFJ5, LFJ4, LFJ3, LFJ2, LFJ1, MFJ4, MFJ3, MFJ2, MFJ1, RFJ4, RFJ3, RFJ2, RFJ1]
  points:
    - positions: [0, 0, 0, 0, 0, 0, 0, 0, 0, 0, 0, 0, 0, 0, 0, 0, 0, 0, 0, 0, 0, 0, 0, 0, 0, 0, 0, 0, 0, 0, 0]
      time_from_start: 0
    - time_from_start: 0
      positions: [1.719925556929238, -0.216580990465161, 0.4394944451819213, -1.568152178734068, 1.33373281995869, 0.8810922666003219, 1.826735462049663, -0.4090746688997245, -0.3947477604151188, -0.05927571636040246, 1.146451726243721, 0.1559731997207725, 0.7548973296194513, -0.8196797519151012, 0.3565678072448354, 0.1041980245860293, -0.3839874226703309, 0.4502355468717869, 0.6338742182321674, 0.1217013875227168, 1.566675917078409, 1.368052915222319, 0.1657683755652204, -0.3965430815729388, 0.6044744489109307, 0.1126646925651952, 0.8856525921940588, 0.007165194763884219, 0.3749042072581796, 0.8588685458878172, 0.3874262043622438]
    - positions: [1.891633896675447, 0.004918034786877218, 0.6726396757350761, -1.697495066276197, 2.37161852091755, 0.9820696737410556, 2.285241521088959, -0.4537758523330937, -0.6229731144135342, 0.3461118428176614, 0.278668305535867, 0.8770816325904106, 0.133366099400007, 0.1078049391331445, 1.065839965310035, 0.2335377573650962, -0.4173885467616392, 0.6988586263267067, 0.0547161835365119, -0.3512310874180278, 0.5770820668979404, 0.5139826566561255, 0.3188833662833384, 0.3693260831506452, 0.5903890862324929, 0.1534732299305475, 0.6398117172101649, -0.3575960144077609, 0.4549146055113772, 0.4543997357135233, 0.4147863095716594]
      time_from_start: 0
    - time_from_start: 0
      positions: [2.056627483138935, 0.1665961687243213, 0.6768846569260756, -1.749486941986833, 2.942951166327473, 1.098432014523077, 2.830879557535913, -0.4812600656842683, -0.7119204190207125, 0.4363179461374502, 0.2139903953916542, 0.9569500620318647, 0.008054258402187571, 0.1734786331315055, 1.202408022789654, 0.2613409749821551, -0.4786810898846584, 0.6748190940334992, 0.01508821349486942, -0.4363295168485236, 0.4654841386379214, 0.4813471321696965, 0.2198400771129333, 0.4363317131749539, 0.5372163731351239, 0.06195725352233685, 0.5806942140741541, -0.4363323129985823, 0.3764269423649817, 0.4377606943906689, 0.3742007464426806]