joint_trajectory:
  points:
    - time_from_start: 0
      positions: [0, 0, 0, 0, 0, 0, 0, 0, 0, 0, 0, 0, 0, 0, 0, 0, 0, 0, 0, 0, 0, 0, 0, 0, 0, 0, 0, 0, 0, 0, 0]
    - time_from_start: 0
      positions: [1.507913378469254, -1.483736725477216, 0.4591601868787165, -1.836344841771245, -0.03975965516354896, 0.05698719358517731, 1.280288786995239, 0.08586212671947424, -0.3094758091133869, 0.3858810645484949, 0.573690129655653, 0.333064641433346, 0.2541661851408264, 0.3211613859517998, 0.8886882729466556, 0.1044669529963391, -0.4998020306088782, 0.4170662700935869, 0.3119253156335776, -0.3206814950907453, 0.2639497641827127, 0.7330603976309786, 0.08106756559022625, 0.3457409632534628, 0.4600523909869676, 0.5744920404326834, 0.374628799158519, -0.1503404772719454, 0.1746615582091891, 0.2169981518483491, 0.6412147969434513]
    - time_from_start: 0
      positions: [1.06674538862151, -1.334247596793651, 1.019529645753133, -1.521446567921318, -0.3039372546075668, 0.2569635219098098, 1.131291881163575, -0.211022846424028, -0.6615978390885014, 0.435950855405459, 0.1151215428793603, 0.6888904839849302, 0.1669111380659089, 0.355490005199131, 1.132959389267279, 0.2598446178481335, -0.523506146482752, 0.7309391289543293, 0.04269255528521285, -0.4361736143354717, 0.1059764426678631, 0.6164328258480871, 0.2295523980467292, 0.4359350374219101, 0.1566154677882268, 0.6552116733758511, 0.1802334605157201, -0.4356199954454815, 0.3121969878172891, 0.4048765073132842, 0.2736982251223424]
  joint_names: [kuka_arm_0_joint, kuka_arm_1_joint, kuka_arm_2_joint, kuka_arm_3_joint, kuka_arm_4_joint, kuka_arm_5_joint, kuka_arm_6_joint, WRJ2, WRJ1, FFJ4, FFJ3, FFJ2, FFJ1, KTHJ5, THJ4, THJ3, THJ2, THJ1, LFJ5, LFJ4, LFJ3, LFJ2, LFJ1, MFJ4, MFJ3, MFJ2, MFJ1, RFJ4, RFJ3, RFJ2, RFJ1]