joint_trajectory:
  joint_names: [kuka_arm_0_joint, kuka_arm_1_joint, kuka_arm_2_joint, kuka_arm_3_joint, kuka_arm_4_joint, kuka_arm_5_joint, kuka_arm_6_joint, WRJ2, WRJ1, FFJ4, FFJ3, FFJ2, FFJ1, KTHJ5, THJ4, THJ3, THJ2, THJ1, LFJ5, LFJ4, LFJ3, LFJ2, LFJ1, MFJ4, MFJ3, MFJ2, MFJ1, RFJ4, RFJ3, RFJ2, RFJ1]
  points:
    - time_from_start: 0
      positions: [0, 0, 0, 0, 0, 0, 0, 0, 0, 0, 0, 0, 0, 0, 0, 0, 0, 0, 0, 0, 0, 0, 0, 0, 0, 0, 0, 0, 0, 0, 0]
    - time_from_start: 0
      positions: [-0.9531699688737527, 0.6967622852066024, -0.05147216347617523, 2.09067413221952, -1.430680648453674, -0.6403079075981479, 0.318619766837239, -0.09315767856774637, -0.07154448785350465, 0.18252698390851, 0.1284864344896141, 0.3698647737569907, 0.8691853261520958, 0.9908192474045789, 0.5124748674097936, 0.1594416165117174, 0.1425314048375469, 0.9419525087547954, 0.2649200188145285, -0.4326394776279602, 0.03713322693069233, 0.5682654193796239, 1.460566287038163, -0.02006646612187474, 1.046342974552979, 0.4522272858116707, 0.5257864952192015, 0.09190525643870268, 1.376460099883851, 1.208889706327727, 0.300948602276326]
    - positions: [-0.8579115191902255, 0.3736988233240607, 0.007220163000435405, 2.054163628149083, 0.8109585695647351, 0.3987204261657307, 2.018346105049072, 0.1742584085225663, -0.7183596412173038, 0.4355883643969911, 0.2563516612692817, 0.02919833571018133, 0.836481438435399, 0.2037206539025135, 1.200098489437598, 0.2582231632245875, -0.1451046189378227, 0.3785788290147597, 0.009294530342792803, -0.4363323129985823, 0.3494779630630625, 0.02012437895243496, 0.7369320424897644, 0.4363178048431545, 0.4043334640943552, 0.004727619573215342, 0.7146867258411882, -0.4357054836090224, 0.4158025112017957, 0.07812582468902805, 0.6346975364828691]
      time_from_start: 0