joint_trajectory:
  joint_names: [kuka_arm_0_joint, kuka_arm_1_joint, kuka_arm_2_joint, kuka_arm_3_joint, kuka_arm_4_joint, kuka_arm_5_joint, kuka_arm_6_joint, WRJ2, WRJ1, FFJ4, FFJ3, FFJ2, FFJ1, KTHJ5, THJ4, THJ3, THJ2, THJ1, LFJ5, LFJ4, LFJ3, LFJ2, LFJ1, MFJ4, MFJ3, MFJ2, MFJ1, RFJ4, RFJ3, RFJ2, RFJ1]
  points:
    - positions: [0, 0, 0, 0, 0, 0, 0, 0, 0, 0, 0, 0, 0, 0, 0, 0, 0, 0, 0, 0, 0, 0, 0, 0, 0, 0, 0, 0, 0, 0, 0]
      time_from_start: 0
    - time_from_start: 0
      positions: [-0.4474810514910934, 1.320759452322762, 0.5273891723660142, 0.4599592088227693, -1.790289935646737, 0.8962083851761236, -2.385767353888467, -0.185036333385369, -0.4740231879652886, -0.1123000901685651, 1.073031864263708, 0.2946512388001656, 0.3838187809173555, -0.9039045769586227, 0.3604630883978679, -0.06967330844467506, -0.4775925085694995, 0.2871538969150279, 0.02551588294306991, -0.00292810916749997, 0.4986906963076442, 1.549866801459898, 1.053427280431304, -0.1373097999614599, 0.1302464320977164, 0.5452483121447909, 1.07532114343851, 0.4158101694324209, 1.183663075651666, 1.049666736498138, 0.9594651716983276]
    - positions: [-1.985450628138624, 1.523867954123356, -0.4102803119476073, -2.09439510239, -1.460883062783318, 1.593453524562582, -2.95785030857218, -0.08876479421588547, -0.4772980700665336, 0.4362936217899067, 0.3098689532169695, 0.4772516026560364, 0.3669299719272049, 0.3336246431955355, 1.308294274538243, 0.09667249190375206, -0.5233203264162818, 0.5677650665966069, 0.02616538850195938, -0.4363114056904074, 0.4388958352200478, 0.657037956430938, 0.039449722760049, 0.4363167494863223, 0.7990009132911594, 0.1030874224432786, 0.2401441763230462, -0.436269894709757, 0.3606828461891249, 0.7620299745903928, 0.04258871398516226]
      time_from_start: 0