joint_trajectory:
  joint_names: [kuka_arm_0_joint, kuka_arm_1_joint, kuka_arm_2_joint, kuka_arm_3_joint, kuka_arm_4_joint, kuka_arm_5_joint, kuka_arm_6_joint, WRJ2, WRJ1, FFJ4, FFJ3, FFJ2, FFJ1, KTHJ5, THJ4, THJ3, THJ2, THJ1, LFJ5, LFJ4, LFJ3, LFJ2, LFJ1, MFJ4, MFJ3, MFJ2, MFJ1, RFJ4, RFJ3, RFJ2, RFJ1]
  points:
    - positions: [0, 0, 0, 0, 0, 0, 0, 0, 0, 0, 0, 0, 0, 0, 0, 0, 0, 0, 0, 0, 0, 0, 0, 0, 0, 0, 0, 0, 0, 0, 0]
      time_from_start: 0
    - time_from_start: 0
      positions: [-2.804833931397874, 1.413098908429728, 0.6471581621558328, 1.437131034763941, 2.597940594163821, -0.007375608324338777, 1.269787772058291, -0.391069092344888, -0.7346966312080647, 0.3906512621687581, 0.44297253746086, 0.1061233567569238, 0.6137960112768298, 0.2645610076804567, 1.100923271628423, 0.2157969849653232, -0.3415167163026525, 0.6697823533669387, 0.007838034544441364, -0.3525525038542965, 0.3355324325325905, 0.5145547283722465, 0.3425723359819479, 0.3677654772810288, 0.2450539073797297, 0.6619761313655763, 0.2289511224233002, -0.3474803530853819, 0.2746533714796065, 0.590466741747914, 0.1767737111282857]
    - positions: [-2.86976852456857, 1.44858827814566, 0.7324432110578052, 1.454899128958532, 2.744187824584476, 0.02461413495512215, 1.264273408809543, -0.4030368979249274, -0.7383194090968437, 0.4089463628108259, 0.4159408015776422, 0.08182375153011184, 0.6098716444358091, 0.2326036563243419, 1.150096596240628, 0.2162291837454176, -0.3546019841031509, 0.6868058473176647, 0.004727704264731094, -0.3858149774619721, 0.292466239672714, 0.5026572084491487, 0.3317867121054725, 0.3952242399970536, 0.2304491742577716, 0.654005391729104, 0.2108062974106999, -0.3830626452068664, 0.2780075436545958, 0.5823207702858214, 0.1780690821709001]
      time_from_start: 0
    - positions: [-2.966953926933726, 1.501704013643718, 0.8600864500241627, 1.481492032667408, 2.963071092180512, 0.07249209830818336, 1.256020248437715, -0.4209487064684357, -0.7437414978419762, 0.4363280191882896, 0.3754833196691428, 0.04545535687374944, 0.6039981777387825, 0.1847741728638934, 1.223692642734785, 0.2168760409950622, -0.3741862604364809, 0.7122843331058647, 7.257846872322017e-05, -0.4355977931134796, 0.2280105300570359, 0.4848505940635899, 0.3156442348062145, 0.4363208384771768, 0.208590765733334, 0.6420758561627206, 0.1836495534690014, -0.4363174545164539, 0.2830276193417022, 0.5701289711916548, 0.1800078200583881]
      time_from_start: 0