joint_trajectory:
  joint_names: [kuka_arm_0_joint, kuka_arm_1_joint, kuka_arm_2_joint, kuka_arm_3_joint, kuka_arm_4_joint, kuka_arm_5_joint, kuka_arm_6_joint, WRJ2, WRJ1, FFJ4, FFJ3, FFJ2, FFJ1, KTHJ5, THJ4, THJ3, THJ2, THJ1, LFJ5, LFJ4, LFJ3, LFJ2, LFJ1, MFJ4, MFJ3, MFJ2, MFJ1, RFJ4, RFJ3, RFJ2, RFJ1]
  points:
    - positions: [0, 0, 0, 0, 0, 0, 0, 0, 0, 0, 0, 0, 0, 0, 0, 0, 0, 0, 0, 0, 0, 0, 0, 0, 0, 0, 0, 0, 0, 0, 0]
      time_from_start: 0
    - positions: [-0.05891030645148937, 0.5406613188691156, -0.05083785039926381, 2.033006004160896, 2.074190329178154, -0.2912905643553658, 0.9555592342313131, 0.08906103072543992, -0.3535171264861803, 0.2365760417833026, 0.4257200031902185, 0.5350786450142777, 0.4637913625920733, -0.1147458375229022, 0.8318318130040864, 0.09573136065165705, 0.155421890416953, 0.7735826711194497, 0.06733913003067682, -0.3390128609106469, 0.3407110296860293, 0.4489305566181843, 0.6646177039837908, 0.1743607876280199, 0.3882806620082259, 0.1541585869295026, 0.6089188944437984, -0.3499700712880264, 0.7414369759637791, 0.5048057043551597, 0.1667280683101164]
      time_from_start: 0
    - positions: [0.4713684957813512, 0.5189887993466078, 0.4124562394531952, 1.942818865475226, 2.512234188033251, -0.1298765156652208, 0.5839636251158559, 0.1521762262670661, -0.6918387999989186, 0.3744628982243507, 0.4494807757845086, 0.2283311665143241, 0.4774526873712631, 0.2006570377861048, 1.146384398142662, 0.2492126579322562, -0.1182171186176021, 0.4854610738584625, 0.02369368261222543, -0.38537431988072, 0.09318111100026534, 0.8291370348355223, 0.1140855137786201, 0.4273965864818811, 0.3077496538033558, 0.1827553866142934, 0.5216780060926022, -0.3951191751762485, 0.216631974578099, 0.5879961831697335, 0.156704271438731]
      time_from_start: 0
    - positions: [0.311825676326097, 0.5852256673199164, 0.5586296180732498, 2.093391374652299, 2.699069424395045, -0.2256348626635354, 0.4182551680761967, 0.1689552029611574, -0.7853961665528694, 0.4363323129985823, 0.3856718739231847, 0.1352629196448293, 0.4161055552527897, 0.2387855110164552, 1.152577595263186, 0.2612173462316437, -0.1001287086686158, 0.4666179372525407, 0.00200194511255596, -0.4348816350503735, 0.0758825549047511, 0.8671012875520377, 0.008289695209273038, 0.4362734992790031, 0.2718401424146905, 0.09917289776764525, 0.5595769923257214, -0.4363323129985822, 0.2195755302664051, 0.5662955074779191, 0.1392706736254923]
      time_from_start: 0