joint_trajectory:
  joint_names: [kuka_arm_0_joint, kuka_arm_1_joint, kuka_arm_2_joint, kuka_arm_3_joint, kuka_arm_4_joint, kuka_arm_5_joint, kuka_arm_6_joint, WRJ2, WRJ1, FFJ4, FFJ3, FFJ2, FFJ1, KTHJ5, THJ4, THJ3, THJ2, THJ1, LFJ5, LFJ4, LFJ3, LFJ2, LFJ1, MFJ4, MFJ3, MFJ2, MFJ1, RFJ4, RFJ3, RFJ2, RFJ1]
  points:
    - positions: [0, 0, 0, 0, 0, 0, 0, 0, 0, 0, 0, 0, 0, 0, 0, 0, 0, 0, 0, 0, 0, 0, 0, 0, 0, 0, 0, 0, 0, 0, 0]
      time_from_start: 0
    - positions: [0.3115233071756336, 1.478160850099272, 0.9666075931829553, 1.995072410111866, 1.276837310291632, 0.7782291048636548, 2.790188863888124, 0.1109811851991331, -0.7679421044703792, -0.1491824681178729, 0.206458712625192, 0.07203207083425815, 1.069463692345488, 0.6236767287760684, 1.238488430928907, 0.22705585075384, -0.3409597362840741, 0.988518401837972, 0.6571969392536211, 0.1563283937743982, 0.5642315108141391, 0.5322566001714565, 0.8816001179640708, 0.05744374245048595, 0.5555028270574859, 0.1482636075146437, 0.9039962270703298, 0.03621957287929167, 0.3557584791258422, 0.9609291607268819, 0.6790988181651259]
      time_from_start: 0
    - positions: [0.1903907661075606, 1.085575531115434, 0.92504481384217, 1.83625568792866, 0.7991721595376533, 0.4160157364637426, 2.654299381098244, -0.4461504722362071, -0.6917616764998746, 0.3676215777643584, 0.1133424524503607, 0.01000539419812535, 0.8315663283293356, 0.674894042481644, 1.144945303975311, 0.1196866195592363, -0.5192876915550648, 0.4608042052739731, 0.1263847486643519, -0.4196552386166936, 0.1171102106160416, 0.4234983467967212, 0.4141507040324752, 0.4044688295236777, 0.2773420661262235, 0.2272595495695136, 0.5196757837608013, -0.3637308921117939, 0.1528510659590937, 0.6893907596729527, 0.1576175823462277]
      time_from_start: 0
    - time_from_start: 0
      positions: [0.07327369010524569, 1.074728886119463, 1.051949840035648, 1.907260120968, 0.7803400538709817, 0.4674306606872568, 2.897087196616894, -0.4678901343989031, -0.7520742686993602, 0.4070739985182062, 0.07561064492042369, 8.103265428744637e-17, 0.8596916404603239, 0.6674133405679243, 1.169662473527993, 0.1396570017977447, -0.5236999999999998, 0.437206653960281, 0.09767647967910729, -0.4363323129985822, 0.05880665812571553, 0.4429831511871823, 0.3575215842667184, 0.4341212406138591, 0.2401433871096943, 0.1634685793562137, 0.5195116943789685, -0.3865927914306598, 0.123170631531322, 0.7156973031486475, 0.08899746305152582]