joint_trajectory:
  joint_names: [kuka_arm_0_joint, kuka_arm_1_joint, kuka_arm_2_joint, kuka_arm_3_joint, kuka_arm_4_joint, kuka_arm_5_joint, kuka_arm_6_joint, WRJ2, WRJ1, FFJ4, FFJ3, FFJ2, FFJ1, KTHJ5, THJ4, THJ3, THJ2, THJ1, LFJ5, LFJ4, LFJ3, LFJ2, LFJ1, MFJ4, MFJ3, MFJ2, MFJ1, RFJ4, RFJ3, RFJ2, RFJ1]
  points:
    - time_from_start: 0
      positions: [0, 0, 0, 0, 0, 0, 0, 0, 0, 0, 0, 0, 0, 0, 0, 0, 0, 0, 0, 0, 0, 0, 0, 0, 0, 0, 0, 0, 0, 0, 0]
    - positions: [2.168182998981829, -0.09545530341954833, 2.719114828664287, 1.569177904970874, -0.7372600353716867, 0.8522105140700922, -1.757809492163586, 0.1309942864449158, -0.660310322778122, 0.355997522335556, 0.6336454713855244, 0.1623820049879961, 0.6564042945617246, 0.07525440734682556, 1.194103040941136, 0.1257496734334369, -0.4100927619746086, 0.7181234236706387, 0.1234040193189127, -0.3615814915245414, 0.5175498903378217, 0.11110721814826, 0.413762881489708, 0.4022450473506349, 0.5502774865471423, 0.6034506965051319, 0.06490758005693154, -0.4113921814377794, 0.5163242580212773, 0.1600675518076429, 0.3999107115577315]
      time_from_start: 0
    - time_from_start: 0
      positions: [2.226699409631453, -0.01868612671089687, 2.790683318978955, 1.626567021927247, -0.9338929365644157, 0.8148574838470048, -2.036561334142758, 0.1515738582289292, -0.7206062296484037, 0.3960479269263735, 0.5736049358430624, 0.1125188905155807, 0.6071573127678811, 0.1461482754095104, 1.236299965874965, 0.1444353861463368, -0.4593480274627974, 0.7160043932084255, 0.08285996858670033, -0.3991904315595948, 0.5385410594130985, 0.09026256114218889, 0.4242335376935417, 0.4200296213893651, 0.520980264836037, 0.606574803592733, 0.04493870532970676, -0.4262372171921756, 0.5373884938008274, 0.1465798883830553, 0.4020316419357302]
    - positions: [2.283564156783766, 0.07022203859533528, 2.851146655423284, 1.67971663108255, -1.136494981030979, 0.7688798497556847, -2.322593049835009, 0.170531345286546, -0.7813287599870922, 0.4362895723952744, 0.5048618954176639, 0.06405457885412752, 0.5479188483956678, 0.2289516860191733, 1.276513369296251, 0.1626881942925413, -0.5104941098309609, 0.7146246763100627, 0.03866619134059875, -0.4361613409122008, 0.5686004094389472, 0.07431952806260239, 0.4383506844454286, 0.4363240013810484, 0.4867765194570222, 0.6078728005732205, 0.0277363665964737, -0.436326154356944, 0.5639761441430995, 0.1375845777962052, 0.4091222364544733]
      time_from_start: 0