joint_trajectory:
  joint_names: [kuka_arm_0_joint, kuka_arm_1_joint, kuka_arm_2_joint, kuka_arm_3_joint, kuka_arm_4_joint, kuka_arm_5_joint, kuka_arm_6_joint, WRJ2, WRJ1, FFJ4, FFJ3, FFJ2, FFJ1, KTHJ5, THJ4, THJ3, THJ2, THJ1, LFJ5, LFJ4, LFJ3, LFJ2, LFJ1, MFJ4, MFJ3, MFJ2, MFJ1, RFJ4, RFJ3, RFJ2, RFJ1]
  points:
    - positions: [0, 0, 0, 0, 0, 0, 0, 0, 0, 0, 0, 0, 0, 0, 0, 0, 0, 0, 0, 0, 0, 0, 0, 0, 0, 0, 0, 0, 0, 0, 0]
      time_from_start: 0
    - time_from_start: 0
      positions: [2.327956349185615, -0.221444186321604, 2.673097458662665, 1.759595775843988, -0.9954774279362564, 0.7356310579160485, -1.781918599304781, 0.006138247261607692, -0.5183363745915244, 0.3821088236914796, 0.4215465620751714, 0.1618210955140007, 0.6793338424820883, 0.3329170139195967, 1.055038332691594, 0.2067814129626869, -0.1479131934916297, 0.5235398389770267, 0.1288225515127683, -0.355277837567619, 0.376868308460011, 0.6108895340000338, 0.3652708664844574, 0.3783489663498446, 0.2406986167733555, 0.5563217104978186, 0.2401031345223403, -0.3500098000213754, 0.4095265556754869, 0.4786895276685372, 0.2608642081522219]
    - time_from_start: 0
      positions: [2.509533505485112, -0.1870498854003216, 2.816339946256157, 1.847448333676006, -0.9856557485183715, 0.8254531765908234, -2.107010736254472, 0.06108458402053839, -0.5845550342986094, 0.4315541749436193, 0.3894555113232557, 0.07626499178266186, 0.5732903536020402, 0.339926906533081, 1.13093592881533, 0.2420672607943596, -0.2130391624938646, 0.5307863040419092, 0.0763037505671178, -0.4071354671938177, 0.2265778981313945, 0.6042800353019795, 0.2751764427297674, 0.4276696533856543, 0.1643045937334683, 0.5793267753157951, 0.2217138345637274, -0.4030648542065906, 0.3786282238337128, 0.3840523868665582, 0.2548286672457243]
    - time_from_start: 0
      positions: [2.485322787687211, -0.08070378497098307, 2.910692378092004, 1.858260258255062, -0.9904169359625201, 0.8111816765247791, -2.436929280958653, 0.1040513441536561, -0.6302186302140207, 0.4362560629308289, 0.4313995290545344, 0.06778490858253645, 0.4754479110056378, 0.3107638014387256, 1.160071452488312, 0.2595099111747784, -0.2739404599768432, 0.5455264122024744, 0.01427479071207071, -0.4363091602369063, 0.09517317187866306, 0.6144363723439151, 0.232642222182963, 0.4362902015538223, 0.09082370280028451, 0.6298828568898986, 0.2448576523745364, -0.4356581620761382, 0.3870126624613739, 0.3165095405880464, 0.2459086782898588]