joint_trajectory:
  joint_names: [kuka_arm_0_joint, kuka_arm_1_joint, kuka_arm_2_joint, kuka_arm_3_joint, kuka_arm_4_joint, kuka_arm_5_joint, kuka_arm_6_joint, WRJ2, WRJ1, FFJ4, FFJ3, FFJ2, FFJ1, KTHJ5, THJ4, THJ3, THJ2, THJ1, LFJ5, LFJ4, LFJ3, LFJ2, LFJ1, MFJ4, MFJ3, MFJ2, MFJ1, RFJ4, RFJ3, RFJ2, RFJ1]
  points:
    - time_from_start: 0
      positions: [0, 0, 0, 0, 0, 0, 0, 0, 0, 0, 0, 0, 0, 0, 0, 0, 0, 0, 0, 0, 0, 0, 0, 0, 0, 0, 0, 0, 0, 0, 0]
    - time_from_start: 0
      positions: [0.8464937261359869, -1.169492447924644, 0.7623485486884861, -1.544147793360808, -1.286708340809081, 0.3513194060305818, 1.561792920302903, -0.2591437604583011, -0.6629606353415283, 0.4033402368172454, 0.3425838192626515, 0.5215403268683791, 0.5451222681803553, 0.1328790510418454, 1.166701223250296, 0.2027885751631357, -0.2936943351320127, 0.556528473077084, 0.05352860837176125, -0.3799432362598387, 0.5565226652521755, 0.3634336756958256, 0.5123263685851099, 0.3523800853874504, 0.5199102469078581, 0.2162964911734079, 0.5329627207494043, -0.4061940614127892, 0.5861585796014267, 0.5253022860647832, 0.2051386477220119]
    - time_from_start: 0
      positions: [0.8518498472873883, -1.25797198169842, 0.8767671948439227, -1.613989498425145, -1.338290580724428, 0.3349410400280527, 1.717685410257802, -0.2616297857775533, -0.6997023623727207, 0.42075443109184, 0.3230351466931723, 0.5011022642629919, 0.529050024927864, 0.1303774243464074, 1.196111904226865, 0.2188233727146058, -0.3108694005643043, 0.5565886763190881, 0.04374962419814628, -0.3968012251152858, 0.531182877639741, 0.341671922948754, 0.5104422910830846, 0.3740872865393636, 0.5144733622072362, 0.1765006731995624, 0.5216561837274244, -0.4269860629251154, 0.568040135897956, 0.5222249663117084, 0.1714211483040279]
    - time_from_start: 0
      positions: [0.7451779192061726, -1.255581950439405, 1.054480984191444, -1.683561869755873, -1.214033788611662, 0.2313916503699229, 1.91219772841461, -0.2813345247616064, -0.7011625349055224, 0.4363293734165998, 0.2319811684189334, 0.4756028902489875, 0.477591281225006, 0.1559681803241077, 1.190467207729737, 0.2562004136962817, -0.3409303043792681, 0.570162656556754, 0.005980225467563102, -0.4362994460291459, 0.463127796334956, 0.2573087447792135, 0.4558663631793666, 0.4363323129985822, 0.4670312969707616, 0.1570058295409263, 0.5498472838051449, -0.4361469254767721, 0.5461400972591215, 0.4861875313316761, 0.1321394294802093]