joint_trajectory:
  points:
    - time_from_start: 0
      positions: [0, 0, 0, 0, 0, 0, 0, 0, 0, 0, 0, 0, 0, 0, 0, 0, 0, 0, 0, 0, 0, 0, 0, 0, 0, 0, 0, 0, 0, 0, 0]
    - time_from_start: 0
      positions: [0.3311090586196473, -0.883760238523826, 0.001217181025317468, 1.435032669687247, 0.5836683598340388, -0.8601168728161195, -0.04560937824061767, -0.1183750042089332, -0.4832036791480848, 0.2011429245153939, 0.6487092168287026, 0.5427819335782423, 0.6908152401952394, 0.1975005097745248, 0.8630019276254264, 0.05558300908546716, -0.166882666750738, 0.7001468474340674, 0.2146454452450048, -0.1874872865584972, 0.7315036305893748, 0.4897713106265456, 0.6196627527993769, 0.1989134473639829, 0.7045802235626533, 0.3916129463526547, 0.7556786999722555, -0.1991185756262134, 0.4929591350183228, 0.500452091127519, 0.5783828690477458]
    - positions: [0.004834317868271562, -1.007158305583414, 0.577032197058561, 1.531108476571799, 1.061252065838115, -0.984274332826474, -0.6454324152851239, -0.07881745481385319, -0.5821775574166863, 0.2582028005370904, 0.5552540112543773, 0.4316188324587899, 0.6608384999632084, 0.2984719779386409, 1.027473907179723, 0.07241529733420236, -0.240742075692858, 0.6506327701563124, 0.1562222152207202, -0.2632887891225709, 0.6546199189329505, 0.4644433767534111, 0.4278340232344477, 0.2417775330472534, 0.6391230596112789, 0.2625926207994567, 0.5897999698389831, -0.2735634203343063, 0.4625744606445301, 0.4734169274081277, 0.5621506478496749]
      time_from_start: 0
    - positions: [0.4552242497864018, -1.369058192899471, 0.3374090716134546, 1.563428210398854, 2.478140180377655, -1.4677973028732, -0.4546378019691059, 0.05152364798553862, -0.7408164851756414, 0.4363323129985822, 0.3582549162633402, 0.07482433906924874, 0.627206986782709, 0.4244133172591041, 1.248910332981332, 0.1395210495214998, -0.4506926338596122, 0.4892442553912217, 1.970082060232788e-16, -0.4363323129985822, 0.5199330268303528, 0.2416559557552124, 0.3097074640292202, 0.4363323129985823, 0.7042627823986307, 0.04517609559775033, 0.3164713876005372, -0.4358210998506586, 0.2108423354506344, 0.3251276822672559, 0.5544827065158326]
      time_from_start: 0
  joint_names: [kuka_arm_0_joint, kuka_arm_1_joint, kuka_arm_2_joint, kuka_arm_3_joint, kuka_arm_4_joint, kuka_arm_5_joint, kuka_arm_6_joint, WRJ2, WRJ1, FFJ4, FFJ3, FFJ2, FFJ1, KTHJ5, THJ4, THJ3, THJ2, THJ1, LFJ5, LFJ4, LFJ3, LFJ2, LFJ1, MFJ4, MFJ3, MFJ2, MFJ1, RFJ4, RFJ3, RFJ2, RFJ1]