joint_trajectory:
  joint_names: [kuka_arm_0_joint, kuka_arm_1_joint, kuka_arm_2_joint, kuka_arm_3_joint, kuka_arm_4_joint, kuka_arm_5_joint, kuka_arm_6_joint, WRJ2, WRJ1, FFJ4, FFJ3, FFJ2, FFJ1, KTHJ5, THJ4, THJ3, THJ2, THJ1, LFJ5, LFJ4, LFJ3, LFJ2, LFJ1, MFJ4, MFJ3, MFJ2, MFJ1, RFJ4, RFJ3, RFJ2, RFJ1]
  points:
    - positions: [0, 0, 0, 0, 0, 0, 0, 0, 0, 0, 0, 0, 0, 0, 0, 0, 0, 0, 0, 0, 0, 0, 0, 0, 0, 0, 0, 0, 0, 0, 0]
      time_from_start: 0
    - positions: [0.4290576644624961, 0.8033441631311993, 0.1549894158039199, -1.137875044482897, 0.4014422070350874, 0.9890866720384585, 1.182707462163383, -0.007057105511947284, -0.3380672574904466, 0.154293884576979, 0.4037295351322017, 0.5618331681551934, 0.4140688960449648, 0.1254985914893944, 0.970166279528059, 0.09910437718934172, -0.2540543512373935, 0.7740953272617989, 0.1664707650900408, -0.2719300959132576, 0.4714257950386807, 0.4994794649391679, 0.4111197507881672, 0.2189712770380386, 0.47796567890339, 0.4172618813091161, 0.4165992921778464, -0.2015080541598072, 0.4702186892060624, 0.6444493983483282, 0.3964209577196257]
      time_from_start: 0
    - positions: [-2.268074248608079, 0.07752135661828197, 0.4304171945745496, -1.718980119843955, 2.087381849145334, -1.472641023626215, 0.9158117704183311, -0.4913329585663964, 0.3561654614074314, -0.4150412649727179, 0.3087340463884419, 1.482138526042726, 0.925822036841111, -0.4931034059347584, 0.009237746123457327, 0.1791586022167466, -0.4060248737921007, 1.260438732258277, 0.09918155601086565, 0.0006898223592669561, 0.2569508831491445, 0.2896910786353148, 0.6779821134971272, -0.01938034189760235, 1.465820489713921, 0.5691221071326763, 1.039252521127156, 0.2950398030904733, 0.9187849250657526, 1.404135416237491, 0.06903181113180565]
      time_from_start: 0
    - time_from_start: 0
      positions: [1.173811069264824, 1.557506288044766, 0.6367951021122831, -2.028301638919023, 2.410924721000487, 1.700491751003507, 2.090615596436484, 0.1259728538553326, -0.6491371689682748, 0.436034979698109, 0.2289371498421559, 0.6075364488577772, 0.1806634608502527, 0.2608718490077472, 1.212015545309225, 0.1982912375198113, -0.5232009022859828, 0.794649995728712, 0.01007719748180228, -0.4363323129985822, 0.3814543720799831, 0.2617878068302738, 0.3652568162804732, 0.4362666889422656, 0.1837912610309582, 0.5259549753420638, 0.3044513960803419, -0.4363271386575815, 0.4658590402833426, 0.5417964658866132, 0.02617094028263788]