joint_trajectory:
  points:
    - positions: [0, 0, 0, 0, 0, 0, 0, 0, 0, 0, 0, 0, 0, 0, 0, 0, 0, 0, 0, 0, 0, 0, 0, 0, 0, 0, 0, 0, 0, 0, 0]
      time_from_start: 0
    - time_from_start: 0
      positions: [-0.3482815150523224, 0.499814029856345, -1.368660083243477, 1.545652001401446, -0.1105442310249489, 0.6673432052835244, 2.176376204891291, -0.2507982600963795, -0.4661873896594627, 0.3221307684378887, 0.306389538348195, 0.2368005816688607, 0.7709277993191301, 0.2962866086742677, 1.005668431899769, 0.1786687773577013, -0.370367771763168, 0.694989195019561, 0.05193125476459545, -0.3695013176534157, 0.3086782144372406, 0.2299593622935013, 0.6553829946052999, 0.3448442960294706, 0.4098552938780128, 0.2311387453003837, 0.5372452326255222, -0.3657802155537178, 0.4016815939509839, 0.1642309571671515, 0.7401459349000038]
    - time_from_start: 0
      positions: [0.01878361134066255, 0.5845304207919009, -1.589481326031775, 1.6185153566812, -0.3838796603798287, 0.733005227129375, 2.58741426623664, -0.2603147506410138, -0.5867442516375529, 0.4186632316854482, 0.2406640417431174, 0.09599853580214325, 0.718014964454699, 0.466594959460884, 1.102038422187346, 0.2201582186229476, -0.4925469169808689, 0.6178979124754354, 0.02494778845222452, -0.4202436544172548, 0.2009443669740557, 0.162689190149323, 0.5838244304249042, 0.4158345096545097, 0.3564512998022847, 0.04440879153949793, 0.5785404004948111, -0.4207753870748853, 0.3002751749936181, 0.04493737203960711, 0.7022051207867774]
    - positions: [0.1114818947356612, 0.5789737781383878, -1.719704192225752, 1.613266993544351, -0.4634939665601518, 0.7131851719485249, 2.683832538000533, -0.253201435870606, -0.6181021016768742, 0.4361661950110386, 0.2043610871704902, 0.05715231671463666, 0.6907967752858684, 0.486606948829215, 1.133682744950357, 0.2357718885402316, -0.5236999999999999, 0.6164179754992952, 0.01948590168036767, -0.4363323129985822, 0.2007447670812675, 0.1620432383116123, 0.5794774450707375, 0.4363323129985822, 0.3624543533632355, 0.001981527410773945, 0.585949892441182, -0.4363323129985823, 0.2667457786106067, 0.01052377492483417, 0.675779780323565]
      time_from_start: 0
  joint_names: [kuka_arm_0_joint, kuka_arm_1_joint, kuka_arm_2_joint, kuka_arm_3_joint, kuka_arm_4_joint, kuka_arm_5_joint, kuka_arm_6_joint, WRJ2, WRJ1, FFJ4, FFJ3, FFJ2, FFJ1, KTHJ5, THJ4, THJ3, THJ2, THJ1, LFJ5, LFJ4, LFJ3, LFJ2, LFJ1, MFJ4, MFJ3, MFJ2, MFJ1, RFJ4, RFJ3, RFJ2, RFJ1]