joint_trajectory:
  points:
    - positions: [0, 0, 0, 0, 0, 0, 0, 0, 0, 0, 0, 0, 0, 0, 0, 0, 0, 0, 0, 0, 0, 0, 0, 0, 0, 0, 0, 0, 0, 0, 0]
      time_from_start: 0
    - positions: [-1.953768588687978, -0.1621339457430228, -0.3718044129185817, -1.595314871435835, -1.831257081261604, 1.322455938008995, 1.251956168100131, -0.3251620882728053, -0.2900003813752116, 0.2525812945845145, 0.2092689730234941, 0.1787653935505846, 0.6139397632158871, 0.5515788803795458, 0.9068685625551489, 0.2149056014062528, -0.2808858523591806, 0.3598698462335799, 0.1188747807355821, -0.3838546183560853, 0.1903648561519092, 0.1802052386443717, 0.810473140039829, 0.2420671505104131, 0.07138403507005088, 0.68830236372748, 0.3122602658652168, -0.2725158029073912, 0.1417667288948157, 0.2160093499063211, 0.8815432831571348]
      time_from_start: 0
    - time_from_start: 0
      positions: [-2.245689599420045, 0.07220231523808505, -0.4327962074508108, -1.81490361811332, -2.448685099502119, 1.417732801528125, 1.970098957276089, -0.3764039587773807, -0.3415395368548615, 0.4358140774699025, 0.1178847342244394, 0.08265461682289203, 0.7004398068065489, 0.7185553051611276, 1.079032210830359, 0.2286903882026625, -0.4390321515592227, 0.3322755620172849, 0.0002412027260866374, -0.4302098280479302, 0.08345170061630619, 0.06816207463979083, 0.7485111419811739, 0.4357209684168058, 2.104105799894703e-05, 0.696044745014446, 0.2146907928770853, -0.4201485425718515, 0.02527550114914855, 0.08080052124814283, 0.7940362465708776]
  joint_names: [kuka_arm_0_joint, kuka_arm_1_joint, kuka_arm_2_joint, kuka_arm_3_joint, kuka_arm_4_joint, kuka_arm_5_joint, kuka_arm_6_joint, WRJ2, WRJ1, FFJ4, FFJ3, FFJ2, FFJ1, KTHJ5, THJ4, THJ3, THJ2, THJ1, LFJ5, LFJ4, LFJ3, LFJ2, LFJ1, MFJ4, MFJ3, MFJ2, MFJ1, RFJ4, RFJ3, RFJ2, RFJ1]