joint_trajectory:
  joint_names: [kuka_arm_0_joint, kuka_arm_1_joint, kuka_arm_2_joint, kuka_arm_3_joint, kuka_arm_4_joint, kuka_arm_5_joint, kuka_arm_6_joint, WRJ2, WRJ1, FFJ4, FFJ3, FFJ2, FFJ1, KTHJ5, THJ4, THJ3, THJ2, THJ1, LFJ5, LFJ4, LFJ3, LFJ2, LFJ1, MFJ4, MFJ3, MFJ2, MFJ1, RFJ4, RFJ3, RFJ2, RFJ1]
  points:
    - positions: [0, 0, 0, 0, 0, 0, 0, 0, 0, 0, 0, 0, 0, 0, 0, 0, 0, 0, 0, 0, 0, 0, 0, 0, 0, 0, 0, 0, 0, 0, 0]
      time_from_start: 0
    - positions: [1.151920957044439, 0.3672614495923836, -2.828493333691422, -0.7498862697986326, -2.676437755156099, -0.6085165817988992, 1.665116768168243, -0.06769292363626817, -0.09307675774183111, 0.2580058573795711, 0.4311042712791098, 1.275393629031412, 0.8112338075989167, -0.7845057920962571, 0.9398322098809294, -0.09489210516251623, 0.02815407763514666, 1.36330438802205, 0.2151324233054599, -0.3816417986270728, 1.456891139850686, 0.4408090361157747, 0.5037743991728296, 0.416707543497367, 1.40490193520608, 1.242829935708693, 0.08413901101298676, 0.2717360595706199, 0.2021103827766361, 0.7392239385219104, 0.829281820628189]
      time_from_start: 0
    - time_from_start: 0
      positions: [2.097487517375866, 0.1613364881746762, 2.481711186189419, 0.8329825056121725, -0.09072877097366705, 1.434487195581148, -2.536837084608796, 0.06752051467696529, -0.7843126528253853, -0.2332350855901969, 0.2907086383693304, 0.008257740630874472, 1.375223963365235, 0.767244922998827, 1.246854453423992, 0.08045013387203215, -0.431815898317704, 1.082748578578234, 0.4681462240702797, 0.2138268803859443, 0.1960312863121721, 0.3001207694851986, 1.21179505578147, 0.03244316167362177, 0.7260452461250866, 1.198925695583859, 0.8665823808832711, -0.3084659781921768, 0.1702335550931976, 0.7604957373090752, 0.3225269251914502]
    - time_from_start: 0
      positions: [2.125347885974391, -0.5145415198661735, -1.973435638132572, 1.87909638913452, 1.63865726605709, 0.9628251676023674, 1.708179169141649, 0.1408206548963437, -0.3328118933014285, 0.4363323129985822, 0.3800370621717376, 0.3073186672466158, 0.2969615616296937, 0.333554647748385, 1.217743287077524, 0.1704831880374098, -0.3256795246978543, 0.5305242850712962, 0.04936216307255511, -0.4363323129985824, 0.2944150784771918, 0.04717295998487143, 0.6230227985920571, 0.4362160700340192, 0.3080148968963708, 0.5972413330896171, 0.07931232339845866, -0.4299825897993002, 0.4687651904722816, 0.2592367595345143, 0.2903259633433731]