joint_trajectory:
  joint_names: [kuka_arm_0_joint, kuka_arm_1_joint, kuka_arm_2_joint, kuka_arm_3_joint, kuka_arm_4_joint, kuka_arm_5_joint, kuka_arm_6_joint, WRJ2, WRJ1, FFJ4, FFJ3, FFJ2, FFJ1, KTHJ5, THJ4, THJ3, THJ2, THJ1, LFJ5, LFJ4, LFJ3, LFJ2, LFJ1, MFJ4, MFJ3, MFJ2, MFJ1, RFJ4, RFJ3, RFJ2, RFJ1]
  points:
    - time_from_start: 0
      positions: [0, 0, 0, 0, 0, 0, 0, 0, 0, 0, 0, 0, 0, 0, 0, 0, 0, 0, 0, 0, 0, 0, 0, 0, 0, 0, 0, 0, 0, 0, 0]
    - time_from_start: 0
      positions: [2.192677088994026, 1.347526399564024, -2.671907568287986, 1.846864985156714, -1.542519166618592, 1.3437265209536, 1.787028970994155, -0.05946440794336984, -0.5893706942861034, 0.1937067518504604, 0.2079086196308438, 0.6755240170600069, 0.6288214421551687, -0.08586118070528846, 0.9115421943140629, 0.129672196500953, -0.2764022030174668, 0.8031544579411911, 0.07455111595805559, -0.3574654981011605, 0.3107101484458306, 0.8222386642778261, 0.3036334625543009, 0.2404333251220463, 0.5138290262203555, 0.6043933593555934, 0.4500142168433389, -0.2007430104052082, 0.9231571752358113, 0.2576115473489203, 0.2178727885040168]
    - positions: [2.411445979742175, 1.380446773099041, -2.667665370225339, 1.863546027527607, -1.446498374591291, 1.3791019073443, 2.008037455297615, -0.04691641289875674, -0.5991459155856438, 0.2290610375697123, 0.1673325808908136, 0.6608556007133287, 0.6324861510588224, -0.01380270171155536, 0.9544295682945807, 0.1278606736188399, -0.3206897595884355, 0.7943309052114896, 0.05804531354554986, -0.3755494636612416, 0.2889981749437047, 0.8356381240666565, 0.2532167391190452, 0.2675363774557791, 0.4665193990659455, 0.5398467223126227, 0.446704182026177, -0.2450112939267485, 0.8965262992439822, 0.1999943578815588, 0.2129763416823492]
      time_from_start: 0
    - time_from_start: 0
      positions: [2.815620728763119, 1.434380619716239, -2.65553924078216, 1.862137503147431, -0.9489447151770144, 1.605010281456272, 2.444180595485549, 0.0120440738263054, -0.6420948969295323, 0.4363323129985823, 0.02825264700105407, 0.4362795174244504, 0.5647310612585743, 0.3093508090729009, 1.281415932884207, 0.1173147692718309, -0.5218459446412271, 0.7190077759699143, 0.001954381055774407, -0.4357432052972712, 0.2411099326477103, 0.7799059634762789, 0.006627648180047855, 0.4363323129985823, 0.3682877045758184, 0.3059701926187717, 0.3536796357246005, -0.4362230053732277, 0.7898477790202827, 0.02167188948379725, 0.2144436423972405]