joint_trajectory:
  joint_names: [kuka_arm_0_joint, kuka_arm_1_joint, kuka_arm_2_joint, kuka_arm_3_joint, kuka_arm_4_joint, kuka_arm_5_joint, kuka_arm_6_joint, WRJ2, WRJ1, FFJ4, FFJ3, FFJ2, FFJ1, KTHJ5, THJ4, THJ3, THJ2, THJ1, LFJ5, LFJ4, LFJ3, LFJ2, LFJ1, MFJ4, MFJ3, MFJ2, MFJ1, RFJ4, RFJ3, RFJ2, RFJ1]
  points:
    - positions: [0, 0, 0, 0, 0, 0, 0, 0, 0, 0, 0, 0, 0, 0, 0, 0, 0, 0, 0, 0, 0, 0, 0, 0, 0, 0, 0, 0, 0, 0, 0]
      time_from_start: 0
    - positions: [-2.828498263400256, 1.246945514864786, -2.961316301201459, -0.9669205438231601, 0.5665303116582363, -0.7334816755446419, -0.9107449664919596, -0.3666917364658644, 0.3039798231124773, 0.1647115801365447, 1.112229993114418, 0.4351301179660568, 0.7988445511481234, -0.3516192538118921, 1.226758409275673, 0.2553972322015092, 0.1646546239185612, 0.2294998969596345, 0.03771752055660194, 0.2671923077400386, 1.564448066930944, 0.6541102338347371, 1.382117869724085, -0.13259226992089, 0.2314785733024183, 0.5312473720123366, 1.251366564482092, -0.4292813365796523, 1.105535573190693, 0.635488316580052, 0.8365142129491939]
      time_from_start: 0
    - time_from_start: 0
      positions: [-0.1809760001665146, 0.6601965584844159, 2.802252620115739, 1.815649565680995, -1.749583960436732, -1.479490428081123, -0.98097313109912, 0.06809714974564932, -0.7853981633974482, 0.436276820139772, 0.1533474938594243, 0.1509700488529344, 0.7302501597545622, 0.3543643959596275, 1.148817519803086, 0.2551916687521775, -0.5236485990063909, 0.6973368232818448, 0.01367130566269003, -0.4362713821050225, 0.2860995733034166, 0.03499607714298286, 0.7011622509897401, 0.4362234923949884, 0.4128474929896905, 0.1686139809629932, 0.4474260185973771, -0.4362942632124733, 0.09500554634950058, 0.8112725627996791, 0.13349526601494]