joint_trajectory:
  joint_names: [kuka_arm_0_joint, kuka_arm_1_joint, kuka_arm_2_joint, kuka_arm_3_joint, kuka_arm_4_joint, kuka_arm_5_joint, kuka_arm_6_joint, WRJ2, WRJ1, FFJ4, FFJ3, FFJ2, FFJ1, KTHJ5, THJ4, THJ3, THJ2, THJ1, LFJ5, LFJ4, LFJ3, LFJ2, LFJ1, MFJ4, MFJ3, MFJ2, MFJ1, RFJ4, RFJ3, RFJ2, RFJ1]
  points:
    - positions: [0, 0, 0, 0, 0, 0, 0, 0, 0, 0, 0, 0, 0, 0, 0, 0, 0, 0, 0, 0, 0, 0, 0, 0, 0, 0, 0, 0, 0, 0, 0]
      time_from_start: 0
    - time_from_start: 0
      positions: [-1.43850133861046, -1.000505919381503, -0.2539591566328143, 1.06840538583974, -1.87008205085654, -0.8615153202287393, -2.798833837205458, -0.2475748690025917, -0.06482785221835308, 0.03932306668737612, 0.9946591635663874, 0.0578006518346894, 0.7676588886202, -0.102159137239214, 0.07770930630993098, -0.09332715366519986, -0.3014538158455864, 0.541025717032142, 0.521808293743892, 0.3054188480415783, 1.235095516716264, 0.3766054317667179, 1.027497845989219, 0.04557701973565514, 0.7455445664185559, 0.5436106360661567, 1.374919386746969, -0.03887934331562776, 0.284006706361268, 0.8725053631420951, 0.1653554328141253]
    - time_from_start: 0
      positions: [-0.02476583476594652, 1.534044474556522, 1.346269601931287, -0.2093357612591531, 1.61262489414338, 0.5328263592356564, -2.818288745216019, 0.07880200412644234, -0.7008316845111449, -0.2461817628776219, 0.2002838575059613, 0.3176451898704515, 0.8380555935424492, -0.4037919770060107, 0.3187255939056631, 0.1999709176012315, -0.2990722766559106, 1.255256301040761, 0.5113156623878066, -0.06860210275929152, 1.335834273438095, 1.456574115993942, 0.8972702054399606, -0.2209683527140748, 0.8472885358458132, 1.24628256939902, 0.2827408415186344, -0.3042475953938868, 0.3275144053514311, 0.7940242503404045, 0.09275314335757695]
    - positions: [1.70099982194271, -0.3323689182970536, -2.877594157039997, -1.485990214947776, -2.519720814820044, 1.274303004873897, 1.807523334477907, -0.357953023904815, -0.6570775667196772, 0.4362977627473777, 0.3397439376789543, 0.2063738669905362, 0.4356386911690731, 0.3277545122723609, 1.134155315802611, 0.2615938404280456, -0.1385808966935005, 0.3741493707340375, 0.01986316780613308, -0.4363179713364227, 0.07196461366188289, 0.553984311612242, 0.35174131328409, 0.4363322618701822, 0.09546287427331437, 0.6749313555829227, 0.2244890073187982, -0.4363290109011237, 0.3332648181812085, 0.2022331547887853, 0.4439075174285886]
      time_from_start: 0