joint_trajectory:
  points:
    - time_from_start: 0
      positions: [0, 0, 0, 0, 0, 0, 0, 0, 0, 0, 0, 0, 0, 0, 0, 0, 0, 0, 0, 0, 0, 0, 0, 0, 0, 0, 0, 0, 0, 0, 0]
    - time_from_start: 0
      positions: [0.8265485930385514, -0.254545231766973, 1.122932779686055, -1.442210553825788, 0.225283572277406, 0.225994757881615, 0.4157558149549549, -0.3153209550818604, 0.2821115310192233, -0.003837052882622372, 0.25337656759028, 1.366969640110994, 0.8951112400818229, -0.5652737400652841, 1.153007716733497, 0.1961095031418837, 0.1134114329296164, 0.7379862238632049, 0.3354399619065521, -0.2916953372784606, 0.709171216076914, 0.503507088563985, 1.267570503806869, -0.1911564320707749, 1.413759994145477, 0.39624350618271, 0.02984515411894309, 0.3718221121881934, 0.3241668779363452, 1.099479435396835, 1.295819681595569]
    - positions: [-1.560396596099829, 1.507664756521787, -0.6895127990382898, -1.502471249047513, -1.467258466422203, 1.061923869201323, 2.650116453277099, 0.1677642284543395, -0.7015764204056232, 0.4363153387077382, 0.03770224123893496, 0.8829207360359956, 0.04350788346921085, 0.3176148221647074, 1.122039754708318, 0.2612146271106788, -0.522884573808906, 0.7756706398497313, 0.01121759724554882, -0.4354478916635788, 0.3060259099052156, 0.1503242996962999, 0.5014047985530463, 0.4363249772828636, 0.05938148582916305, 0.110017439532536, 0.8115240320189738, -0.4361724434402727, 0.1938635199752421, 0.2974753913906017, 0.4729388610269963]
      time_from_start: 0
  joint_names: [kuka_arm_0_joint, kuka_arm_1_joint, kuka_arm_2_joint, kuka_arm_3_joint, kuka_arm_4_joint, kuka_arm_5_joint, kuka_arm_6_joint, WRJ2, WRJ1, FFJ4, FFJ3, FFJ2, FFJ1, KTHJ5, THJ4, THJ3, THJ2, THJ1, LFJ5, LFJ4, LFJ3, LFJ2, LFJ1, MFJ4, MFJ3, MFJ2, MFJ1, RFJ4, RFJ3, RFJ2, RFJ1]