joint_trajectory:
  joint_names: [kuka_arm_0_joint, kuka_arm_1_joint, kuka_arm_2_joint, kuka_arm_3_joint, kuka_arm_4_joint, kuka_arm_5_joint, kuka_arm_6_joint, WRJ2, WRJ1, FFJ4, FFJ3, FFJ2, FFJ1, KTHJ5, THJ4, THJ3, THJ2, THJ1, LFJ5, LFJ4, LFJ3, LFJ2, LFJ1, MFJ4, MFJ3, MFJ2, MFJ1, RFJ4, RFJ3, RFJ2, RFJ1]
  points:
    - time_from_start: 0
      positions: [0, 0, 0, 0, 0, 0, 0, 0, 0, 0, 0, 0, 0, 0, 0, 0, 0, 0, 0, 0, 0, 0, 0, 0, 0, 0, 0, 0, 0, 0, 0]
    - time_from_start: 0
      positions: [0.6968577498368642, -0.0484461003209112, 0.2768178942867845, -1.488596841376669, 1.709974356448113, 0.4485598726778965, -1.811046142313299, 0.1025068152519689, -0.6506735547164597, 0.3404592331341649, 0.3563694680453574, 0.2418975357048878, 0.4427063424269932, 0.1418213327684201, 1.093935759717193, 0.1085319524249654, -0.4569333141437409, 0.7470907908054862, 0.08607734411728638, -0.31415972980828, 0.1908423932690789, 0.5375404106977921, 0.2963823740700592, 0.3382924097550606, 0.3997587891641007, 0.333150871388348, 0.3622525481864144, -0.3168868065986633, 0.2453835638498899, 0.7599848134779864, 0.1855083501764989]
    - positions: [0.6611475958133155, -0.06540993887381909, 0.6841867897479221, -1.670673078112505, 2.028968301912545, 0.5527343724768364, -2.30536683523853, 0.1312131870365905, -0.7697844273716008, 0.4117310416103426, 0.3002247279553648, 0.2099032212956259, 0.4555071318593665, 0.2593195172508495, 1.239336025917903, 0.1173954971435683, -0.5156834398292043, 0.8743116512758755, 0.05792293678499042, -0.4058459346434237, 0.07432299051748982, 0.5702345169775019, 0.2581115787220679, 0.4197251443504046, 0.3182860101381531, 0.3427181522689693, 0.2844207795172405, -0.4070622273473408, 0.09011955193248285, 0.7845856914620811, 0.09959273127577212]
      time_from_start: 0
    - positions: [0.559040524263972, -0.0654495406237097, 0.82496107999401, -1.80073651149168, 2.271340975390117, 0.5788247246686531, -2.557778407336511, 0.1460387028064518, -0.7853886455387359, 0.4363277105074378, 0.2398641186196667, 0.2064064833675942, 0.4091981890881668, 0.3058537765950302, 1.247672518192921, 0.1280365044926763, -0.5228210931247274, 0.9162198159462371, 0.03294732384142102, -0.4340860790861624, 0.04495936483949507, 0.5967591567549625, 0.1868283300326429, 0.4354185840045986, 0.2889804673763584, 0.3114375668769543, 0.2498178790075537, -0.4353737446699663, 0.004537515476609613, 0.8025447385733997, 0.04004235624219381]
      time_from_start: 0