joint_trajectory:
  points:
    - positions: [0, 0, 0, 0, 0, 0, 0, 0, 0, 0, 0, 0, 0, 0, 0, 0, 0, 0, 0, 0, 0, 0, 0, 0, 0, 0, 0, 0, 0, 0, 0]
      time_from_start: 0
    - time_from_start: 0
      positions: [-1.28638094987839, -0.8939719692209078, -0.8708224752577376, 0.4849162557591491, -2.199803325794881, 0.9023673432605475, 0.3472910708568939, -0.4125992575974357, 0.3183110494293873, 0.2620103231530727, 1.44250245584143, 1.547832862932486, 1.296802757790349, -0.5255098335784859, 1.186268281810451, -0.1580193609376438, 0.4893659099886194, 1.307670344404876, 0.0573072029836014, -0.1578727888099436, 0.2533215326121381, 0.1040399491325922, 0.2863181359444379, -0.06011837160005806, 0.5502206189184538, 1.483268795934428, 0.2433107611547844, -0.07260312904984229, 0.03097536951694747, 0.2853274595245059, 1.104857746190765]
    - positions: [1.710297884007621, -1.485022074164416, 0.8977470037723962, -1.540723540849042, 1.677461598890314, -0.1344546786982483, -0.6852162064641538, -0.5188033131351317, -0.7576621336303745, 0.4363069763746506, 0.203662527320138, 0.2965064225771338, 0.4899564210601002, 0.3077788533993493, 1.183015403282102, 0.2258520328288017, -0.1969143975828953, 0.4472356887534985, 0.02101210687098441, -0.4359977051067311, 0.06721095929576462, 0.1630427906175413, 0.7548561316204285, 0.4337350512093747, 0.1202025893564076, 0.8325695824807311, 0.03657581111415879, -0.433651901146527, 0.4559203620593425, 0.4202023275785685, 0.107571703506679]
      time_from_start: 0
  joint_names: [kuka_arm_0_joint, kuka_arm_1_joint, kuka_arm_2_joint, kuka_arm_3_joint, kuka_arm_4_joint, kuka_arm_5_joint, kuka_arm_6_joint, WRJ2, WRJ1, FFJ4, FFJ3, FFJ2, FFJ1, KTHJ5, THJ4, THJ3, THJ2, THJ1, LFJ5, LFJ4, LFJ3, LFJ2, LFJ1, MFJ4, MFJ3, MFJ2, MFJ1, RFJ4, RFJ3, RFJ2, RFJ1]