joint_trajectory:
  joint_names: [kuka_arm_0_joint, kuka_arm_1_joint, kuka_arm_2_joint, kuka_arm_3_joint, kuka_arm_4_joint, kuka_arm_5_joint, kuka_arm_6_joint, WRJ2, WRJ1, FFJ4, FFJ3, FFJ2, FFJ1, KTHJ5, THJ4, THJ3, THJ2, THJ1, LFJ5, LFJ4, LFJ3, LFJ2, LFJ1, MFJ4, MFJ3, MFJ2, MFJ1, RFJ4, RFJ3, RFJ2, RFJ1]
  points:
    - time_from_start: 0
      positions: [0, 0, 0, 0, 0, 0, 0, 0, 0, 0, 0, 0, 0, 0, 0, 0, 0, 0, 0, 0, 0, 0, 0, 0, 0, 0, 0, 0, 0, 0, 0]
    - positions: [-2.504282818963016, 1.276593941462794, -0.9456950487519682, -1.978075885700644, -0.678406194548455, 1.076490529332534, 2.458450080773481, 0.09700234802867737, -0.4712868847812565, 0.360824033640051, 0.1074360378517169, 0.6788314440674004, 0.3061986501587538, 0.2015805056958354, 1.032237937522165, 0.2063750671121848, -0.4111224785476577, 0.717566079458777, 0.06131604929528336, -0.3961025899590314, 0.459780217651982, 0.4741830899471602, 0.3355005723962994, 0.3658413442357897, 0.1258102584401818, 0.7040373096238066, 0.4202867297044701, -0.3620838543107561, 0.3063793997805783, 0.8622291471951016, 0.1940123386901558]
      time_from_start: 0
    - time_from_start: 0
      positions: [-2.697600818392009, 1.294559059881955, -0.9208121070385349, -1.97599463619759, -0.7527853002166935, 1.072910473599031, 2.569854146126713, 0.1042862261352898, -0.5077552321171418, 0.3643338978627315, 0.09281987708111765, 0.6747600666112928, 0.2691664634725521, 0.2139362774356037, 1.051866947431965, 0.2114780857208552, -0.4420465067462738, 0.6878574690871323, 0.0569493823450831, -0.4095685665961888, 0.4258988531923938, 0.480964601504589, 0.3467649660249506, 0.3905746974618902, 0.1182695186716549, 0.7022101830803696, 0.4143955303461163, -0.3619104650948436, 0.2882864528805496, 0.862384618402394, 0.1765716824762439]
    - positions: [-2.902705778720676, 1.519629195425416, -0.6299302214991751, -1.989158570104056, -1.247454018502145, 1.061986729123825, 2.961736828858595, 0.1745329251994329, -0.5768029210895245, 0.436327132051407, 0.07389143781878629, 0.7513107337155585, 0.2014585650820377, 0.3831025042636812, 1.156206989006799, 0.2292953751560407, -0.5230127032602289, 0.6538986843252177, 0.008100535271048332, -0.4359332870432801, 0.4266867251732649, 0.3995171837832416, 0.2036274304963004, 0.4334683696379478, 0.1262329154561221, 0.6096503432114878, 0.2991318277517629, -0.4361185933514314, 0.1617608233457428, 0.8735500263194262, 0.004135320016849543]
      time_from_start: 0