joint_trajectory:
  joint_names: [kuka_arm_0_joint, kuka_arm_1_joint, kuka_arm_2_joint, kuka_arm_3_joint, kuka_arm_4_joint, kuka_arm_5_joint, kuka_arm_6_joint, WRJ2, WRJ1, FFJ4, FFJ3, FFJ2, FFJ1, KTHJ5, THJ4, THJ3, THJ2, THJ1, LFJ5, LFJ4, LFJ3, LFJ2, LFJ1, MFJ4, MFJ3, MFJ2, MFJ1, RFJ4, RFJ3, RFJ2, RFJ1]
  points:
    - time_from_start: 0
      positions: [0, 0, 0, 0, 0, 0, 0, 0, 0, 0, 0, 0, 0, 0, 0, 0, 0, 0, 0, 0, 0, 0, 0, 0, 0, 0, 0, 0, 0, 0, 0]
    - time_from_start: 0
      positions: [1.158960717569028, 0.3104031321508055, 0.6152410284397692, 1.482961217296209, 0.5015715639807358, 1.387996439566675, 0.9094459039026783, -0.3377977124020347, -0.4254504009505556, 0.1429412186755621, 0.9600988982604793, 0.2279971725186659, 0.5974950749638268, 0.1664073980787169, 1.012388107497876, -0.2428672264095396, -0.01001112047907882, 0.9964506662323078, 0.274719710230115, 0.1143624761099853, 0.1137050948701279, 0.3025033632620714, 0.6055690836408694, 0.3207417692947287, 0.5854281895890936, 1.051674822404968, 0.3885666478848555, -0.0008316528098348819, 0.05757578962758132, 0.07640584204918281, 0.3341699390927295]
    - positions: [2.906354690026574, -0.7897801999129679, -0.4213990272973995, -0.06156039445457573, -1.846739058829451, -0.4331725263466137, 2.578066855043111, 0.1618824708210399, -0.7281285037681544, -0.3949741122952612, 0.6474070470086922, 0.3793548908412873, 0.3490878534577855, -0.3339372627502307, 0.5549164840017911, -0.1853364043851383, 0.1283077371948864, 0.03441754754888825, 0.6443375907390281, -0.3954958150929435, 1.06597701314372, 1.187989133975061, 0.6728413253741119, 0.007759732798621077, 1.168281021624565, 1.485764993168198, 0.837683938838683, 0.2048293963728741, 0.0542000977428847, 0.5036533445304182, 0.05806298120747421]
      time_from_start: 0
    - time_from_start: 0
      positions: [1.098373173958699, -0.453573467853499, 0.6261339896999925, 1.294703210681932, 1.057151483342293, 1.64888723830496, 1.336128384807131, 0.08116216273418059, -0.7094504154737078, 0.4363323129985823, 0.5364992577594428, 0.1529640793942424, 0.4221373790044916, 0.2056027506268508, 1.181362616686281, 0.2617392128564276, -0.1223592102621649, 0.3330448410704237, 0.03510129227613185, -0.436312641935657, 0.2690105294277284, 0.7140906271908148, 0.1195755971055424, 0.436161957677877, 0.1094894366439722, 0.6600246313448463, 0.3459545762917173, -0.4363255362348072, 0.4399754235180634, 0.02814062996957815, 0.6709425835474976]