joint_trajectory:
  points:
    - positions: [0, 0, 0, 0, 0, 0, 0, 0, 0, 0, 0, 0, 0, 0, 0, 0, 0, 0, 0, 0, 0, 0, 0, 0, 0, 0, 0, 0, 0, 0, 0]
      time_from_start: 0
    - time_from_start: 0
      positions: [2.763240511817099, -0.9508054676269208, 0.3934148829087203, -1.141752164059729, 1.724295406310782, -1.024060199909467, -1.86539423195255, -0.2660976870488201, 0.5356176280996845, -0.2621452755172374, 1.311423056841587, 1.437305947728882, 0.0809071594562643, -0.2873627173737623, 0.5457664256978314, 0.09331790739176793, 0.02820483461106194, 0.9450788660873659, 0.05837048614091441, 0.003326310389099862, 1.232619260884563, 0.6068165449143371, 1.423637329553256, -0.1658252815869978, 0.3668220336203745, 1.515217410836664, 0.4199270625721091, -0.1919572299732536, 0.05048719117686312, 0.2895280934691861, 0.2085580460905305]
    - time_from_start: 0
      positions: [-1.984948678285956, 1.446910786483225, 2.58091014474865, -1.131321914131303, -1.770692544129101, 1.437182203180188, -0.09985019409723428, 0.1096504277893329, 0.1620693527539939, -0.2786131832113761, 0.2626361251279896, 0.9959164344967643, 0.6635243435473075, -0.7412689087288453, 0.3729815892875195, 0.08925943545578047, 0.1956113858099562, 1.002402434127405, 0.2091518295446448, 0.05954209870709004, 1.018073772341611, 0.2857544319153328, 0.653212854283851, -0.1188111360337284, 0.2137849964311192, 0.06180055184085313, 1.564504404637635, 0.05757914832010513, 0.1966089187843099, 0.9129591665138287, 0.9339387283967258]
    - time_from_start: 0
      positions: [-0.06659125900998589, 0.2030215015347773, 2.966952820413736, -2.041181156377051, -2.44720622316054, 1.283936994435526, 1.78842564498503, -0.3561510707250845, -0.7549232708250755, 0.436302127071774, 0.38940574445853, 0.5118676266266891, 0.2231071487919667, 0.07437195332699961, 1.21890590118613, 0.2582370020805215, -0.1609845075566442, 0.5017529801785438, 0.001446110863866867, -0.4363323129985823, 0.5518875286344026, 0.3275192959351966, 0.2469564848656643, 0.4363323129985823, 0.4795872211859826, 0.1397915024303695, 0.5220699603427142, -0.4363323129985822, 0.2743884737416778, 0.5604313388381458, 0.2925024337866914]
  joint_names: [kuka_arm_0_joint, kuka_arm_1_joint, kuka_arm_2_joint, kuka_arm_3_joint, kuka_arm_4_joint, kuka_arm_5_joint, kuka_arm_6_joint, WRJ2, WRJ1, FFJ4, FFJ3, FFJ2, FFJ1, KTHJ5, THJ4, THJ3, THJ2, THJ1, LFJ5, LFJ4, LFJ3, LFJ2, LFJ1, MFJ4, MFJ3, MFJ2, MFJ1, RFJ4, RFJ3, RFJ2, RFJ1]