joint_trajectory:
  points:
    - positions: [0, 0, 0, 0, 0, 0, 0, 0, 0, 0, 0, 0, 0, 0, 0, 0, 0, 0, 0, 0, 0, 0, 0, 0, 0, 0, 0, 0, 0, 0, 0]
      time_from_start: 0
    - positions: [2.194068267229212, 0.2248811737399801, -0.8770608034875602, -1.934342225838832, 0.5090834460799916, -1.204106325084166, 1.924682542897935, -0.3466778723268195, 0.3238035493505633, 0.1521212184910964, 0.1299338339338919, 0.09743258380646846, 1.288604509283275, -0.1473856950765475, 0.1089607916122768, 0.218028726863768, 0.427024920599116, 0.8819720098036341, 0.09288242402927417, -0.3446639810192106, 1.492923925057852, 0.3667938998770627, 1.034169027459256, 0.3241702219242652, 0.05916941028896882, 0.4693864239643107, 0.2848600487864025, -0.2135737931200342, 1.034495717181479, 1.054022101825144, 1.329354557223354]
      time_from_start: 0
    - positions: [2.931378188024425, 0.9460581679531341, -1.061084007724742, 1.896996048200064, 0.3677548634159205, 0.7661232070114598, 1.430080778022254, -0.05512638027807001, -0.6348317201206477, 0.4363323129985822, 0.1916635466266122, 0.01653863146557654, 0.7105905282831055, 0.2578958592070212, 1.124228415649811, 0.2547772100030071, -0.1192297682848323, 0.4714135257684419, 0.002298321988939098, -0.4360866665413256, 0.2616214097302066, 0.3174193469262935, 0.3403835424375573, 0.436265375495896, 0.05342660311645346, 0.3632733999076901, 0.5203534717001395, -0.4362866853328033, 0.03909219952046279, 0.2498379170986615, 0.6360864766902927]
      time_from_start: 0
  joint_names: [kuka_arm_0_joint, kuka_arm_1_joint, kuka_arm_2_joint, kuka_arm_3_joint, kuka_arm_4_joint, kuka_arm_5_joint, kuka_arm_6_joint, WRJ2, WRJ1, FFJ4, FFJ3, FFJ2, FFJ1, KTHJ5, THJ4, THJ3, THJ2, THJ1, LFJ5, LFJ4, LFJ3, LFJ2, LFJ1, MFJ4, MFJ3, MFJ2, MFJ1, RFJ4, RFJ3, RFJ2, RFJ1]