joint_trajectory:
  points:
    - positions: [0, 0, 0, 0, 0, 0, 0, 0, 0, 0, 0, 0, 0, 0, 0, 0, 0, 0, 0, 0, 0, 0, 0, 0, 0, 0, 0, 0, 0, 0, 0]
      time_from_start: 0
    - time_from_start: 0
      positions: [1.460233733656596, 0.5377583753837799, -0.6089431380578145, 1.409829522747475, 0.2559318818453199, 1.017299103066253, 0.3685026130988035, -0.2818324270832108, -0.5261303481882503, 0.2071222507889281, 0.5498321984838452, 0.4747932403955182, 0.4573532803090141, 0.08967261271058499, 0.8657096090987209, 0.1538408353735924, -0.3254611752114865, 0.6228886930646991, 0.1453940737010475, -0.2984377554546886, 0.422332874302855, 0.6685820639322488, 0.4219934424337156, 0.2692367197960872, 0.6430620072225628, 0.3049536573585064, 0.4154268489940339, -0.2310384920549644, 0.5047775733880815, 0.624649488838683, 0.3839457426379433]
    - positions: [-1.792640094198051, 1.215992782542197, 2.536803925132333, 0.209151908541902, -2.618631786264204, -0.1288539204154251, -2.052909445317699, -0.2839901603523106, 0.01402017904943154, 0.0711976603730971, 0.8257181499927282, 0.7852327472247531, 1.271008796876995, 0.2590016179676167, 1.101548215271207, -0.09500304544875399, -0.3446231289097108, 0.7815536768406164, 0.3903805052730904, 0.09893177063233377, 0.6737289227575315, 0.1059576745449758, 0.7802644945628174, 0.3645448235614991, 1.315026029136976, 1.302943148693687, 0.2520944102289977, -0.2263406080837254, 0.5807367506548772, 0.07526896016836462, 0.6086896780235582]
      time_from_start: 0
    - positions: [1.625607390975501, 0.8294463143084925, -1.377091339438429, 1.722140784862363, 0.06175124161599527, 1.514427977782469, 1.139997904383267, -0.4155111638331322, -0.7604899281031477, 0.4363323129985823, 0.4025261013673223, 0.3009231604367966, 0.4903311480967118, 0.2728550692011888, 1.203547348651889, 0.2427304986313829, -0.5228316235854521, 0.6165259094436508, 0.07847512748656174, -0.4363323129985822, 0.2862223751957337, 0.5846982314476533, 0.2465699502823028, 0.4363319886020836, 0.7529683141795834, 0.056188250820526, 0.3803170154736442, -0.4363038488208918, 0.5164031280276027, 0.4622902919101968, 0.2114196511352928]
      time_from_start: 0
  joint_names: [kuka_arm_0_joint, kuka_arm_1_joint, kuka_arm_2_joint, kuka_arm_3_joint, kuka_arm_4_joint, kuka_arm_5_joint, kuka_arm_6_joint, WRJ2, WRJ1, FFJ4, FFJ3, FFJ2, FFJ1, KTHJ5, THJ4, THJ3, THJ2, THJ1, LFJ5, LFJ4, LFJ3, LFJ2, LFJ1, MFJ4, MFJ3, MFJ2, MFJ1, RFJ4, RFJ3, RFJ2, RFJ1]