joint_trajectory:
  points:
    - time_from_start: 0
      positions: [0, 0, 0, 0, 0, 0, 0, 0, 0, 0, 0, 0, 0, 0, 0, 0, 0, 0, 0, 0, 0, 0, 0, 0, 0, 0, 0, 0, 0, 0, 0]
    - positions: [-1.926878215593341, 1.367228290244809, -2.153525020924081, -0.4025623396890621, 2.127818548526009, 1.605090709142217, -0.8635165555768585, -0.08915679430215917, -0.4405269581630253, -0.1219375104248501, 1.420437529068732, 1.435807344688912, 0.8001277135341262, -0.6029300446123815, 0.2965353078362532, 0.06939305194029582, 0.5020568712775595, 0.1440344280553982, 0.08385916791031134, 0.06272185883940251, 1.223685546039508, 0.1385272670848491, 0.7141012624388327, -0.01204452638858394, 1.565612840842735, 1.499450450628105, 0.3540323775884756, 0.03042964857097297, 0.3047924901153858, 0.9547532241125263, 1.378832115122085]
      time_from_start: 0
    - positions: [0.4224895589080472, -0.717772709524666, 0.9313393323182593, -1.817500087359784, -0.6893838791123941, -1.104908453125413, 1.384663588683847, 0.138088078873028, -0.701625134132837, 0.415888192229782, 0.1161228258271576, 0.07873491695054002, 0.7486179450034984, 0.5661800809070656, 1.24040473401209, 0.03567870857257029, -0.5037402874076168, 0.6681482155062957, 0.01959339874736262, -0.3940397370806051, 0.1315837736266607, 0.452619431816875, 0.2686093415899602, 0.4083455759765168, 0.3612026398089516, 0.1761542793418, 0.3746455432113864, -0.415607322790399, 0.1690507651140579, 0.09436667944894497, 0.6230395695904698]
      time_from_start: 0
    - time_from_start: 0
      positions: [0.384945003825889, -0.848537107899032, 1.033054364118021, -1.860500905545109, -0.7659219292976933, -1.184305022572778, 1.396688841980746, 0.166015665975942, -0.7360761897139758, 0.4362885826378619, 0.09364460349414679, 0.004854380380604473, 0.7471218207443796, 0.5873352841193777, 1.282893893904109, 0.03585875031798309, -0.5235088586823066, 0.6314461230620962, 6.019509239824214e-05, -0.43632762185572, 0.1082416155790095, 0.453986143863118, 0.261778130911744, 0.4349562530681975, 0.2982568606557362, 0.1495261719053366, 0.3808616167987893, -0.4313380193719767, 0.1549704922904526, 0.07609112848363332, 0.6223278653106107]
  joint_names: [kuka_arm_0_joint, kuka_arm_1_joint, kuka_arm_2_joint, kuka_arm_3_joint, kuka_arm_4_joint, kuka_arm_5_joint, kuka_arm_6_joint, WRJ2, WRJ1, FFJ4, FFJ3, FFJ2, FFJ1, KTHJ5, THJ4, THJ3, THJ2, THJ1, LFJ5, LFJ4, LFJ3, LFJ2, LFJ1, MFJ4, MFJ3, MFJ2, MFJ1, RFJ4, RFJ3, RFJ2, RFJ1]