joint_trajectory:
  joint_names: [kuka_arm_0_joint, kuka_arm_1_joint, kuka_arm_2_joint, kuka_arm_3_joint, kuka_arm_4_joint, kuka_arm_5_joint, kuka_arm_6_joint, WRJ2, WRJ1, FFJ4, FFJ3, FFJ2, FFJ1, KTHJ5, THJ4, THJ3, THJ2, THJ1, LFJ5, LFJ4, LFJ3, LFJ2, LFJ1, MFJ4, MFJ3, MFJ2, MFJ1, RFJ4, RFJ3, RFJ2, RFJ1]
  points:
    - positions: [0, 0, 0, 0, 0, 0, 0, 0, 0, 0, 0, 0, 0, 0, 0, 0, 0, 0, 0, 0, 0, 0, 0, 0, 0, 0, 0, 0, 0, 0, 0]
      time_from_start: 0
    - time_from_start: 0
      positions: [1.705312747711176, -1.402816478921319, 2.483161634192431, -1.871191878375382, 2.960032813925729, 0.09190138316005925, 0.9079135423524147, 0.1311734122115173, -0.3163687516258399, 0.05144207450221999, 0.9570494620229021, 0.8073214116719345, 1.355025705432496, -0.8375964095061644, 0.8628158187777735, 0.06674939162423832, 0.2002110658626073, 0.2815525541689712, 0.00605794636698856, -0.06009589630196693, 0.9013712029600984, 0.4342791900872121, 0.0315228684367591, 0.2256908331068784, 0.5321244850276117, 0.8136995253002341, 1.09077128240448, -0.2334899247005068, 0.3557254071956634, 1.125342598918471, 0.00432242918936923]
    - time_from_start: 0
      positions: [1.409204600003099, 1.067521678578907, 2.137942792402657, -1.855650407726378, -2.621030902811578, 0.8438681143405742, 1.084415031082558, -0.01876475985824107, -0.7525631859741394, 0.4363323129985823, 0.3071565285961754, 0.5864511542350663, 0.1370983739092355, 0.403779668075661, 1.12416146677137, 0.2615866945590503, -0.522278824879301, 0.6200817176545287, 0.02697397285537579, -0.4363323129985822, 0.5003476386380521, 0.1001112086705866, 0.4073467428804379, 0.4359568447202474, 0.1081321207381617, 0.9375746329019998, 0.007702475068383958, -0.4357757714534318, 0.1611994344019619, 0.531677845769077, 0.3489588416355665]