joint_trajectory:
  joint_names: [kuka_arm_0_joint, kuka_arm_1_joint, kuka_arm_2_joint, kuka_arm_3_joint, kuka_arm_4_joint, kuka_arm_5_joint, kuka_arm_6_joint, WRJ2, WRJ1, FFJ4, FFJ3, FFJ2, FFJ1, KTHJ5, THJ4, THJ3, THJ2, THJ1, LFJ5, LFJ4, LFJ3, LFJ2, LFJ1, MFJ4, MFJ3, MFJ2, MFJ1, RFJ4, RFJ3, RFJ2, RFJ1]
  points:
    - time_from_start: 0
      positions: [0, 0, 0, 0, 0, 0, 0, 0, 0, 0, 0, 0, 0, 0, 0, 0, 0, 0, 0, 0, 0, 0, 0, 0, 0, 0, 0, 0, 0, 0, 0]
    - time_from_start: 0
      positions: [1.387064431947635, 0.08924041226109503, 0.9810824459074396, -1.410461107052034, 1.668521446428663, 0.3315693877426533, 2.18338535745076, 0.1476352148640548, 0.08231525602177137, -0.0359455728583441, 0.6578111108253929, 0.8260771241225833, 0.4413928490510678, -0.6895223511764779, 1.097455863048555, 0.1094923927205614, 0.02367009287741961, 1.289509963328484, 0.4380332707683962, -0.3218185599808043, 0.6026819167362047, 0.245903351157985, 1.072997858732955, -0.2008613796096835, 1.020196259105983, 1.151785026065902, 1.288337177827848, -0.4252261146602074, 1.176057713829271, 1.284293750157153, 0.2813520769281621]
    - positions: [0.5354942546563309, 0.3215658242488622, -2.888583692773508, -2.031973566376211, 1.334755415240759, -1.10939429370028, -1.556745980033737, 0.1597554519638955, -0.5766131196638777, 0.4352199449103144, 0.2333704538730852, 0.0503500728306925, 0.7116340127432, 0.3535461794417554, 1.201573017706847, 0.1869946603353586, -0.5236422554384571, 0.7116469242994891, 0.03610608228617461, -0.4363109716354874, 0.1202017335612477, 0.5246662027532369, 0.3100742261945201, 0.4363203049543907, 0.004325190785065073, 1.000989915973316, 2.978170928963781e-17, -0.4363262352847734, 0.4328244853988888, 0.3938925789832997, 0.1702230161398876]
      time_from_start: 0