joint_trajectory:
  points:
    - time_from_start: 0
      positions: [0, 0, 0, 0, 0, 0, 0, 0, 0, 0, 0, 0, 0, 0, 0, 0, 0, 0, 0, 0, 0, 0, 0, 0, 0, 0, 0, 0, 0, 0, 0]
    - positions: [-1.961054861760529, -0.1187451892305362, -0.6658065594305249, -0.442920339603595, 0.3427757725797718, 0.5844902367136569, -2.073968995660118, -0.1013667460042286, 0.3529630352287649, -0.3263106445925719, 0.3277563767562249, 0.1265253752493457, 0.9315327065305506, 0.2597834499017335, 0.07304417307977565, 0.2534887927095406, -0.2084230084976647, 0.05819680488901213, 0.125509246655969, 0.3093371227455108, 0.6402831765109136, 0.2208328708947867, 0.1271662258976312, 0.04530156912552363, 1.293802311346864, 1.290922811655581, 0.8799195793567945, -0.3974194745480653, 1.551787953392152, 0.2286215264778161, 0.7268985172329648]
      time_from_start: 0
    - positions: [0.9069048061277318, 0.09202633908736498, 1.673674131949773, -1.88286763645426, 2.863012086429803, 1.066297497464512, 2.96705972839, -0.4366083294705532, -0.69936880306949, 0.436090438798893, 0.4161192968331106, 0.07546305492950638, 0.5303683339584698, 0.3496763339874548, 1.235673528195961, 0.1694592886032172, -0.5232065078071148, 0.7147320952488461, 5.854165197194606e-05, -0.4361362884667322, 0.3887481348565378, 0.2095951221029093, 0.4166231649841192, 0.4363323129985822, 0.0007117824603419055, 1.006734467627398, 0.0001546607357262983, -0.4363323129985822, 0.322205790462731, 0.4267744143049458, 0.254008837574613]
      time_from_start: 0
  joint_names: [kuka_arm_0_joint, kuka_arm_1_joint, kuka_arm_2_joint, kuka_arm_3_joint, kuka_arm_4_joint, kuka_arm_5_joint, kuka_arm_6_joint, WRJ2, WRJ1, FFJ4, FFJ3, FFJ2, FFJ1, KTHJ5, THJ4, THJ3, THJ2, THJ1, LFJ5, LFJ4, LFJ3, LFJ2, LFJ1, MFJ4, MFJ3, MFJ2, MFJ1, RFJ4, RFJ3, RFJ2, RFJ1]