joint_trajectory:
  joint_names: [kuka_arm_0_joint, kuka_arm_1_joint, kuka_arm_2_joint, kuka_arm_3_joint, kuka_arm_4_joint, kuka_arm_5_joint, kuka_arm_6_joint, WRJ2, WRJ1, FFJ4, FFJ3, FFJ2, FFJ1, KTHJ5, THJ4, THJ3, THJ2, THJ1, LFJ5, LFJ4, LFJ3, LFJ2, LFJ1, MFJ4, MFJ3, MFJ2, MFJ1, RFJ4, RFJ3, RFJ2, RFJ1]
  points:
    - positions: [0, 0, 0, 0, 0, 0, 0, 0, 0, 0, 0, 0, 0, 0, 0, 0, 0, 0, 0, 0, 0, 0, 0, 0, 0, 0, 0, 0, 0, 0, 0]
      time_from_start: 0
    - positions: [2.843071035372161, -0.3517670068838428, -1.78261636303386, 0.3340236192373043, -2.490402506033648, 0.9467676051104728, 1.82932858728708, -0.1883201234915823, 0.2241836967438375, 0.01912466973671945, 0.1529776244287612, 0.1035295425006803, 1.467482231160689, 0.03236033345293254, 0.1504448840233963, 0.1423076969142072, 0.2632207890301943, 1.007074308769545, 0.5683747278075459, -0.3704967415272172, 0.8816274096719198, 0.6022428686880926, 1.364013113759813, -0.2489401351463273, 1.395962889121815, 1.481195321314466, 0.5868763991272894, -0.3665699264294479, 0.4389965490069885, 0.6299572910363687, 1.107950691481485]
      time_from_start: 0
    - time_from_start: 0
      positions: [-0.5007467813579111, 0.6687253950026741, -1.093675336818539, -1.204342544352232, -1.257735486997505, 1.061112416206081, 1.49033108904464, 0.1572134819745437, -0.4247050691909778, 0.4361073304642548, 0.2282912403369132, 0.2186811154888976, 0.5415794547025574, 0.4250518464861683, 1.220344396723516, 0.1557093416729253, -0.1428255391742073, 0.2664956791361629, 0.04561311334326567, -0.4361126753176769, 0.2014133494858963, 0.2326236502654068, 0.4927052925759993, 0.4363323129985823, 0.1727029864514895, 0.562697197340653, 0.2387683339907006, -0.4362121486607062, 0.0668813678753804, 0.4504602575271338, 0.4634868521197972]