joint_trajectory:
  joint_names: [torso_lift_joint, shoulder_pan_joint, shoulder_lift_joint, upperarm_roll_joint, elbow_flex_joint, forearm_roll_joint, wrist_flex_joint, wrist_roll_joint]
  points:
    - time_from_start: 0
      positions: [0.38615, -0.6800431746978526, -0.3869220625890663, 2.348233658373865, 1.579803225908794, -2.411492312136984, 1.340286921920414, 0.8439794528075435]
    - time_from_start: 0
      positions: [0.1532855305857956, -1.392151203890755, -0.468886722732709, 2.622827579279619, 1.653850887150994, -2.9529523981291, 1.075025920127488, 0.8711747026227169]
    - positions: [0.3557377655825078, -1.456651548726193, 1.17553048924142, 3.116001637794981, 0.8683486966288758, 2.083164325494391, -0.6117482310636027, 0.805323692500402]
      time_from_start: 0
    - positions: [0.2356729013978059, -1.239085519152055, 1.026615293676625, 2.834973142026381, 0.5580451023295045, 2.00348036431221, -1.115045184248823, 1.019552541579604]
      time_from_start: 0
  header:
    frame_id: base_link