joint_trajectory:
  joint_names: [torso_lift_joint, shoulder_pan_joint, shoulder_lift_joint, upperarm_roll_joint, elbow_flex_joint, forearm_roll_joint, wrist_flex_joint, wrist_roll_joint]
  header:
    frame_id: base_link
  points:
    - positions: [0.1344587623793427, -0.1946322938878133, -1.135542193686757, -1.721311459009725, -0.08810389254972716, -1.235525178049718, -1.12340405166137, 3.141592653589793]
      time_from_start: 0
    - positions: [0.04256072298725076, -1.496796547733617, -0.8459961057750898, -0.3697601001282063, -0.6337453899099412, -0.756738465632212, -0.6783360828021414, 2.750384706944609]
      time_from_start: 0
    - time_from_start: 0
      positions: [0.04277730535872941, -1.528502472328473, 0.02274371348835705, 0.3401816112581174, 0.06119710542755635, -1.87550512145853, -0.6629807615107477, 0.8090958980029676]
    - positions: [7.035995602039063e-18, -1.597353468889447, 0.09608450758472178, 0.8702305388300652, 1.059990142114773, -2.115196554195621, -0.8554446750724692, 0.6231483289727324]
      time_from_start: 0