joint_trajectory:
  points:
    - positions: [0.00115049, 0.0145728, 0.00230097, 1.41586, -0.00115049, 0.253107, -0.18868]
      time_from_start: 0
    - positions: [0.4110126810026894, 0.06552626339569886, -0.06820371049247692, 0.7227463574929996, -0.7006372798392213, 0.7857222347583337, 0.1311517916456526]
      time_from_start: 0
    - positions: [-0.1917788847665029, 0.3405176203590763, 0.5608228994466499, 0.3070838265320186, -0.6586436169080224, 0.9730603187102436, 0.4445067203593702]
      time_from_start: 0
  joint_names: [right_s0, right_s1, right_e0, right_e1, right_w0, right_w1, right_w2]