joint_trajectory:
  joint_names: [right_s0, right_s1, right_e0, right_e1, right_w0, right_w1, right_w2]
  points:
    - positions: [0.00115049, 0.0145728, 0.00230097, 1.41586, -0.00115049, 0.253107, -0.18868]
      time_from_start: 0
    - positions: [0.04441646669655005, -0.2130712041512236, 0.07387233983061507, 1.402025392246505, 0.1639384606171318, 0.1134316876364124, -0.1510718091191958]
      time_from_start: 0
    - positions: [0.06314565512192608, -0.2775780661492225, 0.08058303261313234, 1.398923562661479, 0.1346511934192563, 0.004123066563043107, -0.04541745849633314]
      time_from_start: 0
    - time_from_start: 0
      positions: [0.3362119370326577, 0.07276063091079894, -0.7891033851604, 0.8489374511534195, -2.107072895829142, -0.964430743478222, 3.059]