joint_trajectory:
  joint_names: [right_s0, right_s1, right_e0, right_e1, right_w0, right_w1, right_w2]
  points:
    - time_from_start: 0
      positions: [0.00115049, 0.0145728, 0.00230097, 1.41586, -0.00115049, 0.253107, -0.18868]
    - positions: [0.04687289065144996, 0.1184100337118328, -0.02886426672138756, 0.4700831071844779, 0.01776740466062302, 1.047714667972651, 0.06979804424340273]
      time_from_start: 0
    - time_from_start: 0
      positions: [0.2001429851037159, 0.2284130234187159, -0.3809555062544814, 0.3404992359362405, 0.4450340973642998, 1.022015449427174, 0.3463452517126152]