joint_trajectory:
  joint_names: [right_s0, right_s1, right_e0, right_e1, right_w0, right_w1, right_w2]
  points:
    - time_from_start: 0
      positions: [0.00115049, 0.0145728, 0.00230097, 1.41586, -0.00115049, 0.253107, -0.18868]
    - time_from_start: 0
      positions: [0.07567592534472106, -0.1300161003136459, 0.02300302644600044, 1.321596434838256, -0.008500450522093165, 0.07993882970606643, -0.1636042394364764]
    - positions: [0.03693467447442901, 0.1768104011099022, -0.05897028415197515, 0.4646751074570888, -3.059, -0.9342640770949272, -2.759633882780809]
      time_from_start: 0