joint_trajectory:
  points:
    - time_from_start: 0
      positions: [0.00115049, 0.0145728, 0.00230097, 1.41586, -0.00115049, 0.253107, -0.18868]
    - positions: [0.07706519813036217, -0.0306033794400287, -0.06818810987062943, 0.8833488531916664, 0.08050558218640153, 0.7716110275588742, -0.2426968400695177]
      time_from_start: 0
    - time_from_start: 0
      positions: [0.1360025566040933, 0.2525259101472092, -0.1856044954951902, 0.2806552999361299, 0.2124717066544738, 1.045967653837181, 0.419877632977297]
  joint_names: [right_s0, right_s1, right_e0, right_e1, right_w0, right_w1, right_w2]