joint_trajectory:
  joint_names: [right_s0, right_s1, right_e0, right_e1, right_w0, right_w1, right_w2]
  points:
    - time_from_start: 0
      positions: [0.00115049, 0.0145728, 0.00230097, 1.41586, -0.00115049, 0.253107, -0.18868]
    - time_from_start: 0
      positions: [0.2727399879743824, -0.1439786241102046, -0.07649530647271176, 1.062781088741727, -0.02527313764541698, 0.3192148933778965, -0.2367961820210329]
    - positions: [0.04928621240731412, 0.1821703723491306, 0.1429300721026517, 0.2793478762806471, -0.1528462043501236, 1.1042002419933, 0.4199162418031336]
      time_from_start: 0