joint_trajectory:
  joint_names: [right_s0, right_s1, right_e0, right_e1, right_w0, right_w1, right_w2]
  points:
    - time_from_start: 0
      positions: [0.00115049, 0.0145728, 0.00230097, 1.41586, -0.00115049, 0.253107, -0.18868]
    - positions: [0.9305515428510414, -0.04364572913479048, 0.9574307030267546, 1.811667910461314, -0.3331206510374325, -0.9281853479510022, 1.673350979872514]
      time_from_start: 0
    - positions: [-1.118784820686047, -0.1795401505252991, 0.1198882728936576, 0.9586919163730925, 2.976557515001629, -0.8007291586495732, -3.022423062975094]
      time_from_start: 0