joint_trajectory:
  joint_names: [right_s0, right_s1, right_e0, right_e1, right_w0, right_w1, right_w2]
  points:
    - positions: [0.00115049, 0.0145728, 0.00230097, 1.41586, -0.00115049, 0.253107, -0.18868]
      time_from_start: 0
    - time_from_start: 0
      positions: [0.2605364036100137, 0.63025368061848, 2.595394052441192, 0.5716786327250301, -0.4746398788313382, 1.23146758213543, 1.390646543988026]
    - positions: [-1.145416940021943, 0.1456962574959327, -0.7388518607877624, 0.5524926992504973, -2.26230503301201, -1.041331668212027, 2.852905264328012]
      time_from_start: 0