joint_trajectory:
  joint_names: [right_s0, right_s1, right_e0, right_e1, right_w0, right_w1, right_w2]
  points:
    - positions: [0.00115049, 0.0145728, 0.00230097, 1.41586, -0.00115049, 0.253107, -0.18868]
      time_from_start: 0
    - time_from_start: 0
      positions: [-0.1149309648591792, -0.09980134294673614, 1.330977353375541, 0.8419025591942928, -2.771404999820303, 1.910186452053354, -0.6296430394241291]
    - positions: [-0.3266027522373411, -0.1351001097468927, 1.503317137431001, 0.7298564192699419, -2.859313343223293, 1.965521838862199, -0.6449297539404524]
      time_from_start: 0
    - positions: [-0.943672842299297, 0.5300197513615292, 3.05417993878, 0.3106929213051169, -3.054661157425048, 1.344923401875786, 0.09673459109224443]
      time_from_start: 0