joint_trajectory:
  points:
    - positions: [0.00115049, 0.0145728, 0.00230097, 1.41586, -0.00115049, 0.253107, -0.18868]
      time_from_start: 0
    - positions: [0.09557857130527657, 0.1293480733694396, 0.8131470473846789, 0.7801538234642569, -1.162806415562483, 0.857945931643382, 0.1040575098532206]
      time_from_start: 0
    - positions: [-0.132071771021159, 0.5922176080604306, 1.864058230405447, 0.3342779919938846, -2.055163841315455, 1.101613618454803, 0.5635412567840674]
      time_from_start: 0
  joint_names: [right_s0, right_s1, right_e0, right_e1, right_w0, right_w1, right_w2]