joint_trajectory:
  joint_names: [right_s0, right_s1, right_e0, right_e1, right_w0, right_w1, right_w2]
  points:
    - time_from_start: 0
      positions: [0.00115049, 0.0145728, 0.00230097, 1.41586, -0.00115049, 0.253107, -0.18868]
    - positions: [1.164176532672302, -0.80424281588383, 2.514891226677618, 0.1286856146845967, 2.182145580952987, -0.1787886950312696, -0.5445550107099115]
      time_from_start: 0
    - time_from_start: 0
      positions: [-1.045289268291891, 0.2487712684905344, -1.331556420269449, 0.3038170301164109, 1.410910582103828, 1.270687059958956, -0.02040928040735746]