joint_trajectory:
  joint_names: [right_s0, right_s1, right_e0, right_e1, right_w0, right_w1, right_w2]
  points:
    - positions: [0.00115049, 0.0145728, 0.00230097, 1.41586, -0.00115049, 0.253107, -0.18868]
      time_from_start: 0
    - positions: [-0.2956717369802635, 0.05260675542000989, 0.6283338467348125, 0.9931336295857633, -1.029153656120527, 0.8110249300954522, 0.5504413006794906]
      time_from_start: 0
    - positions: [-0.3627344249852024, -0.03629677189102012, 0.6799857142060903, 0.882185461834612, -0.8799000441668527, 0.9574061454462997, 0.6316345960383283]
      time_from_start: 0