joint_trajectory:
  joint_names: [right_s0, right_s1, right_e0, right_e1, right_w0, right_w1, right_w2]
  points:
    - time_from_start: 0
      positions: [0.00115049, 0.0145728, 0.00230097, 1.41586, -0.00115049, 0.253107, -0.18868]
    - time_from_start: 0
      positions: [-0.4851266332693039, -1.171189136983882, 0.3833464984997299, 1.314768143554198, -0.7013697610353865, 1.221180198310964, 1.335338621403694]
    - time_from_start: 0
      positions: [-0.7388870308574602, -1.150597323340386, 0.2857447991909264, 1.477028353703734, -0.7688951672670123, 1.353853800854319, 1.308807354116313]
    - time_from_start: 0
      positions: [-1.482796059730304, 0.2326488914653348, 1.081786124041049, 0.4439457311262773, -1.229508560314428, 1.149368685615477, 0.2772217362975504]