joint_trajectory:
  points:
    - positions: [0.00115049, 0.0145728, 0.00230097, 1.41586, -0.00115049, 0.253107, -0.18868]
      time_from_start: 0
    - time_from_start: 0
      positions: [0.1043218032754353, -0.0554697082991491, 0.01356450270811349, 1.335401515415709, 0.2386153258809595, 0.08284086038226307, -0.2826833374685772]
    - time_from_start: 0
      positions: [0.08923510924635808, -0.008138094840001837, -0.429864644582216, 1.105474454650384, -2.349287492687584, -0.6273224842056431, 2.88456637920574]
  joint_names: [right_s0, right_s1, right_e0, right_e1, right_w0, right_w1, right_w2]