joint_trajectory:
  joint_names: [right_s0, right_s1, right_e0, right_e1, right_w0, right_w1, right_w2]
  points:
    - time_from_start: 0
      positions: [0.00115049, 0.0145728, 0.00230097, 1.41586, -0.00115049, 0.253107, -0.18868]
    - positions: [-0.02578138347062441, -0.1261366398174205, -0.1574402524559118, 1.276041416898522, -0.5833326687166398, -0.05403451275965188, 0.7285778321788245]
      time_from_start: 0
    - positions: [-0.1539577202520749, 0.09937332466820281, -0.3597035833488282, 0.9092651769893542, -2.53546598023359, -0.6517169586679574, 3.059]
      time_from_start: 0