joint_trajectory:
  joint_names: [shoulder_pan_joint, shoulder_lift_joint, elbow_joint, wrist_1_joint, wrist_2_joint, wrist_3_joint]
  points:
    - positions: [1.57, -1.5707, 0, -1.5707, -1.57, 3.14]
      time_from_start: 0
    - time_from_start: 0
      positions: [-1.640282586343133, -0.8835827843696532, -2.159313898094185, -0.7182468636196375, -0.5927180786700328, 0.6956437329318104]
    - positions: [-1.937727868164639, -0.2238883297216219, -2.167939192390859, -0.9908858615974315, -0.5055759130467573, 0.1895670643102527]
      time_from_start: 0
    - positions: [-1.92020289962155, 0.1714489828854977, -2.094900732762648, -1.240153968915786, -0.4074014849678649, 0.01742474001833827]
      time_from_start: 0