joint_trajectory:
  points:
    - time_from_start: 0
      positions: [1.57, -1.5707, 0, -1.5707, -1.57, 3.14]
    - positions: [-1.901045424372354, -0.6477279957048716, -2.125106450204913, 0.1888103110695662, 1.213462253658052, 0.6949436749056848]
      time_from_start: 0
    - positions: [-1.87432666557975, -0.6373718071333309, -2.444708424101749, 0.381861375169973, 1.225506143543726, 0.4375800644328359]
      time_from_start: 0
    - time_from_start: 0
      positions: [-1.821296456753426, -0.9178218507227279, -2.455191523386886, 0.2425421769053104, 0.7996696260597261, -0.01178551434259464]
  joint_names: [shoulder_pan_joint, shoulder_lift_joint, elbow_joint, wrist_1_joint, wrist_2_joint, wrist_3_joint]