joint_trajectory:
  points:
    - time_from_start: 0
      positions: [1.57, -1.5707, 0, -1.5707, -1.57, 3.14]
    - time_from_start: 0
      positions: [-1.31607848969145, -0.6541219681968249, -2.434817082777164, 0.09537741592573906, 0.06927151722128028, 0.3815713632709916]
    - time_from_start: 0
      positions: [-1.218359756968228, -1.40340309040847, -2.365644410350674, 0.5801241692366303, 0.453536077401681, -0.06742479542062919]
    - time_from_start: 0
      positions: [-1.37954749170366, -1.503753738242503, -2.402672277165334, 0.7788763781597187, 0.7489328572800538, -0.003327148690621646]
  joint_names: [shoulder_pan_joint, shoulder_lift_joint, elbow_joint, wrist_1_joint, wrist_2_joint, wrist_3_joint]