joint_trajectory:
  joint_names: [shoulder_pan_joint, shoulder_lift_joint, elbow_joint, wrist_1_joint, wrist_2_joint, wrist_3_joint]
  points:
    - positions: [1.57, -1.5707, 0, -1.5707, -1.57, 3.14]
      time_from_start: 0
    - time_from_start: 0
      positions: [0.006505618893869025, -0.5853883140790499, -1.842456428309922, -1.400018436073894, -1.48508040215361, -0.4059581131154766]
    - time_from_start: 0
      positions: [-0.2931702957319053, -0.3386913448362983, -1.753625747099007, -1.048038985048407, -1.254330796001149, -0.007609260808266337]