joint_trajectory:
  points:
    - time_from_start: 0
      positions: [1.57, -1.5707, 0, -1.5707, -1.57, 3.14]
    - time_from_start: 0
      positions: [-1.492101799201651, -0.7106431186537279, -1.709735683713883, -1.297133755166376, -0.8836149354124689, -0.1142616158157379]
    - positions: [-1.719679163530743, -0.4178856783761927, -1.74513214625904, -1.255041407986985, -0.4956969280016586, -0.07470130640215987]
      time_from_start: 0
    - time_from_start: 0
      positions: [-1.75542613978978, -0.2575947364160146, -1.644163362710341, -1.208299984037001, -0.2418288868053782, -0.02523975187677093]
  joint_names: [shoulder_pan_joint, shoulder_lift_joint, elbow_joint, wrist_1_joint, wrist_2_joint, wrist_3_joint]