joint_trajectory:
  points:
    - positions: [1.57, -1.5707, 0, -1.5707, -1.57, 3.14]
      time_from_start: 0
    - time_from_start: 0
      positions: [-0.2284396343205752, -1.312680631156576, -1.335298637673066, 0.7362665913702928, -0.8216151375372072, 0.6775867971449545]
    - time_from_start: 0
      positions: [-0.7555914115243847, -1.067577857527282, -1.698552956684, 0.1844935995661603, -0.2944880619572476, 0.308231287457719]
    - positions: [-1.123103093561261, -0.8649330458155421, -2.007778580387666, -0.2596686585545367, 0.1085487817579684, -0.01736644882373895]
      time_from_start: 0
  joint_names: [shoulder_pan_joint, shoulder_lift_joint, elbow_joint, wrist_1_joint, wrist_2_joint, wrist_3_joint]