joint_trajectory:
  joint_names: [shoulder_pan_joint, shoulder_lift_joint, elbow_joint, wrist_1_joint, wrist_2_joint, wrist_3_joint]
  points:
    - time_from_start: 0
      positions: [1.57, -1.5707, 0, -1.5707, -1.57, 3.14]
    - time_from_start: 0
      positions: [-0.5116754204640748, -0.6698667707969292, -0.7874685760112663, -1.695788321587855, -2.210638610291332, 0.02293972416930372]
    - positions: [-0.5932760667485211, -0.5409219680118097, -0.7310462401483006, -1.869812805145044, -2.38790232826522, 0.001638145409698039]
      time_from_start: 0