joint_trajectory:
  joint_names: [shoulder_pan_joint, shoulder_lift_joint, elbow_joint, wrist_1_joint, wrist_2_joint, wrist_3_joint]
  points:
    - time_from_start: 0
      positions: [1.57, -1.5707, 0, -1.5707, -1.57, 3.14]
    - positions: [0.3495350714313894, -2.092018649079491, 0.8844321341009571, 0.634345072791355, 1.182846346437147, 1.759875499228719]
      time_from_start: 0
    - positions: [0.288921324213013, -2.079950599388657, 0.9523470046102336, 0.8024283105519934, 1.184300737547861, 2.138180618774268]
      time_from_start: 0
    - positions: [0.3583230260444114, -1.95809022825657, 1.054392003217415, 0.9039226298021814, 1.132384398760305, 3.136585390121473]
      time_from_start: 0