joint_trajectory:
  points:
    - positions: [1.57, -1.5707, 0, -1.5707, -1.57, 3.14]
      time_from_start: 0
    - time_from_start: 0
      positions: [0.7977080518578807, -1.149823978324849, -0.5471424205324993, -0.2515595603202791, -0.5358445153742959, 2.303695150926528]
    - positions: [1.435185165749103, -1.557613505641358, -1.286309669311957, -0.2941706518690364, 2.393336647138583, -0.002643243680698014]
      time_from_start: 0
  joint_names: [shoulder_pan_joint, shoulder_lift_joint, elbow_joint, wrist_1_joint, wrist_2_joint, wrist_3_joint]