joint_trajectory:
  points:
    - positions: [1.57, -1.5707, 0, -1.5707, -1.57, 3.14]
      time_from_start: 0
    - time_from_start: 0
      positions: [0.4941946009335169, -1.293513119368602, 0.6251917033281874, -2.833181662825488, -2.566048840137521, 0.2791436598154586]
    - time_from_start: 0
      positions: [-0.1858036811587627, -1.323160719748052, 1.080471901908984, -2.894203111647748, -2.429133025058231, -0.002130144835106399]
  joint_names: [shoulder_pan_joint, shoulder_lift_joint, elbow_joint, wrist_1_joint, wrist_2_joint, wrist_3_joint]