joint_trajectory:
  points:
    - positions: [1.57, -1.5707, 0, -1.5707, -1.57, 3.14]
      time_from_start: 0
    - positions: [-2.573147066464001, -0.9182588496328143, -2.503774764070974, 1.034006920042027, 1.793643546829258, 0.05878890771811607]
      time_from_start: 0
    - time_from_start: 0
      positions: [-2.637223920226638, -1.349802651573669, -2.406884355188067, 0.6181562215497201, 2.169696988679492, 0.004523433121551729]
  joint_names: [shoulder_pan_joint, shoulder_lift_joint, elbow_joint, wrist_1_joint, wrist_2_joint, wrist_3_joint]