joint_trajectory:
  points:
    - positions: [1.57, -1.5707, 0, -1.5707, -1.57, 3.14]
      time_from_start: 0
    - time_from_start: 0
      positions: [-0.8065340742695168, -0.4101733490588443, -1.724878968156191, -1.031826350484282, -1.56380641303342, -0.03741523629605779]
    - positions: [-0.7987263680538793, -0.3345366458781083, -1.722399695655146, -1.078160633361649, -1.689051653089938, 0.01062491051851546]
      time_from_start: 0
  joint_names: [shoulder_pan_joint, shoulder_lift_joint, elbow_joint, wrist_1_joint, wrist_2_joint, wrist_3_joint]