joint_trajectory:
  joint_names: [shoulder_pan_joint, shoulder_lift_joint, elbow_joint, wrist_1_joint, wrist_2_joint, wrist_3_joint]
  points:
    - positions: [1.57, -1.5707, 0, -1.5707, -1.57, 3.14]
      time_from_start: 0
    - positions: [-1.632699108028641, -2.234858319246872, 1.520511820325958, 0.7098929853815132, 1.763872204146486, 0.657033724028913]
      time_from_start: 0
    - positions: [-1.729391100121433, -1.995554089600526, 2.11569384460558, 2.815161254716816, -0.3192081021612415, 0.188999335824374]
      time_from_start: 0
    - positions: [-1.617513812292218, -1.979424553460493, 2.17174892724519, 2.970241576217719, -0.4758493721302105, -0.02603643488431878]
      time_from_start: 0