joint_trajectory:
  joint_names: [shoulder_pan_joint, shoulder_lift_joint, elbow_joint, wrist_1_joint, wrist_2_joint, wrist_3_joint]
  points:
    - time_from_start: 0
      positions: [1.57, -1.5707, 0, -1.5707, -1.57, 3.14]
    - time_from_start: 0
      positions: [-1.124092314576811, -1.296733146677022, 0.4800591577007922, 0.5710822518897706, -0.3778532605117368, 1.737758440854654]
    - positions: [-1.067310811554544, -1.318610259230204, 0.6832211632590728, 0.5271871747544641, -0.3008915779851928, 2.075974360610968]
      time_from_start: 0
    - time_from_start: 0
      positions: [-0.7932350454524483, -1.565117930844323, 1.229850607705921, 0.351663265881535, 0.5848114405221999, 3.131530411807828]