joint_trajectory:
  joint_names: [shoulder_pan_joint, shoulder_lift_joint, elbow_joint, wrist_1_joint, wrist_2_joint, wrist_3_joint]
  points:
    - time_from_start: 0
      positions: [1.57, -1.5707, 0, -1.5707, -1.57, 3.14]
    - time_from_start: 0
      positions: [0.1178030566894036, -1.148941528682532, -1.453691490459035, -0.4043615485449162, -0.02160425671733117, 0.2713382266081531]
    - positions: [-1.571248718468423, -0.4231660755798216, -1.121083203092494, -1.597846829869164, -0.239137522901002, -0.06315493471141755]
      time_from_start: 0
    - positions: [-1.543602258412454, -0.3687199965113253, -1.0796837828268, -1.68851327420935, -0.368117948721889, -0.009284871367265256]
      time_from_start: 0