joint_trajectory:
  points:
    - time_from_start: 0
      positions: [1.57, -1.5707, 0, -1.5707, -1.57, 3.14]
    - time_from_start: 0
      positions: [-0.7675069064855979, -2.201245776276392, 1.449088901660272, -1.903957048782124, -1.126773145579035, 1.092550032183592]
    - positions: [-0.370690646844713, -1.748005400664499, 1.735151920987579, -3.122037416780904, -2.108096613736168, 0.01021512579567027]
      time_from_start: 0
  joint_names: [shoulder_pan_joint, shoulder_lift_joint, elbow_joint, wrist_1_joint, wrist_2_joint, wrist_3_joint]