joint_trajectory:
  joint_names: [shoulder_pan_joint, shoulder_lift_joint, elbow_joint, wrist_1_joint, wrist_2_joint, wrist_3_joint]
  points:
    - time_from_start: 0
      positions: [1.57, -1.5707, 0, -1.5707, -1.57, 3.14]
    - time_from_start: 0
      positions: [1.787925878926937, -1.338582509525527, 0.3359262096026576, -0.7921267110595807, -1.148737150670833, 2.123770368074248]
    - positions: [2.597399423112445, -1.004560323192141, -0.8058202192536176, 2.163963365902205, -1.970988968198575, 2.277809787054769]
      time_from_start: 0
    - positions: [2.6261923507775, -1.450894809511177, -1.246266428649075, 2.691895214473042, -2.2742452523813, 3.138607559509222]
      time_from_start: 0