joint_trajectory:
  points:
    - time_from_start: 0
      positions: [1.57, -1.5707, 0, -1.5707, -1.57, 3.14]
    - positions: [0.1596683491617213, -1.841865291812203, 0.05766657574317656, 1.049503663247611, 1.16176764508477, 1.52232410393387]
      time_from_start: 0
    - positions: [0.6699879273963073, -1.392070616513481, 0.2901523849822331, 1.110041624423809, 2.020631604448313, 3.136870679344653]
      time_from_start: 0
  joint_names: [shoulder_pan_joint, shoulder_lift_joint, elbow_joint, wrist_1_joint, wrist_2_joint, wrist_3_joint]