joint_trajectory:
  points:
    - positions: [1.57, -1.5707, 0, -1.5707, -1.57, 3.14]
      time_from_start: 0
    - positions: [2.620322423359589, -0.9458199869658401, -1.900637736270915, 0.002068729611648426, 1.483744364612856, 0.1166358528202461]
      time_from_start: 0
    - time_from_start: 0
      positions: [2.664289937151035, -0.9728541033391261, -1.970481916540106, 0.01454848733551143, 1.508832384226873, 0.1101691596417303]
    - time_from_start: 0
      positions: [2.523012565969836, -1.206396658007077, -2.013203141455266, 0.07874366342504437, 2.031048828158108, -0.008511159152093372]
  joint_names: [shoulder_pan_joint, shoulder_lift_joint, elbow_joint, wrist_1_joint, wrist_2_joint, wrist_3_joint]