joint_trajectory:
  joint_names: [shoulder_pan_joint, shoulder_lift_joint, elbow_joint, wrist_1_joint, wrist_2_joint, wrist_3_joint]
  points:
    - positions: [1.57, -1.5707, 0, -1.5707, -1.57, 3.14]
      time_from_start: 0
    - time_from_start: 0
      positions: [-1.476253747274791, -0.7590428734577255, -1.592645963821392, -1.3017453311392, -1.198287624572611, 1.737608339348919]
    - time_from_start: 0
      positions: [-1.831478908111114, -0.3906679915654366, -1.739812725304043, -1.310617657962644, -0.8749368444999009, 0.8007501041799041]
    - time_from_start: 0
      positions: [-1.811916325142876, -0.1121994755278994, -1.689630609990613, -1.354043209071042, -0.5871367020243964, 0.008310508178517632]