joint_trajectory:
  joint_names: [shoulder_pan_joint, shoulder_lift_joint, elbow_joint, wrist_1_joint, wrist_2_joint, wrist_3_joint]
  points:
    - positions: [1.57, -1.5707, 0, -1.5707, -1.57, 3.14]
      time_from_start: 0
    - time_from_start: 0
      positions: [1.274814152475443, -1.075439489664983, -0.1506181016530836, -0.6247657098448707, -0.2656506023684033, 1.040005642561839]
    - positions: [-1.595484417459002, -1.583411950973513, -1.129839078417676, -0.4170345887490025, 0.153121780177375, -0.009844313587225186]
      time_from_start: 0