joint_trajectory:
  points:
    - positions: [1.57, -1.5707, 0, -1.5707, -1.57, 3.14]
      time_from_start: 0
    - time_from_start: 0
      positions: [-2.234363808570066, -1.142947357857763, -1.770399398109054, -0.74352457644446, 0.8565552274262428, 0.02622669849428772]
    - positions: [-2.54450093617725, -1.307569238320956, -1.886644681974895, 0.04958560393487291, 1.377152039303854, 0.0009318985720570701]
      time_from_start: 0
  joint_names: [shoulder_pan_joint, shoulder_lift_joint, elbow_joint, wrist_1_joint, wrist_2_joint, wrist_3_joint]