joint_trajectory:
  joint_names: [shoulder_pan_joint, shoulder_lift_joint, elbow_joint, wrist_1_joint, wrist_2_joint, wrist_3_joint]
  points:
    - positions: [1.57, -1.5707, 0, -1.5707, -1.57, 3.14]
      time_from_start: 0
    - time_from_start: 0
      positions: [2.328062141814995, -1.621765796058105, 1.83093603366778, 1.170498768156118, -1.254722931310639, 0.8643352002808908]
    - positions: [1.995994920683884, -1.65336471406298, 1.828458885367838, 2.957705612323442, -2.443456138448633, -0.004891393885752412]
      time_from_start: 0