joint_trajectory:
  points:
    - positions: [1.57, -1.5707, 0, -1.5707, -1.57, 3.14]
      time_from_start: 0
    - time_from_start: 0
      positions: [-0.1964295728533295, -0.6604560671786923, -1.55514557333125, -0.9251746578630913, -1.043627634531533, 0.01402319744069137]
    - positions: [-0.1754495213965954, -0.5351181395610202, -1.533651885108114, -1.062642463311377, -1.086624830975316, 0.004097516647949494]
      time_from_start: 0
  joint_names: [shoulder_pan_joint, shoulder_lift_joint, elbow_joint, wrist_1_joint, wrist_2_joint, wrist_3_joint]