joint_trajectory:
  joint_names: [shoulder_pan_joint, shoulder_lift_joint, elbow_joint, wrist_1_joint, wrist_2_joint, wrist_3_joint]
  points:
    - positions: [1.57, -1.5707, 0, -1.5707, -1.57, 3.14]
      time_from_start: 0
    - positions: [1.036522466865316, -1.584655768300173, 0.05920497595532711, -0.355662287723999, -0.146659388738287, 2.211472110860436]
      time_from_start: 0
    - time_from_start: 0
      positions: [1.123668226245512, -0.536438690413962, -1.527881751384582, 1.914142727729346, 1.607722790288956, 2.57253223392238]
    - positions: [1.252147788360141, -0.2524730012056676, -1.535684062764278, 1.778297939307678, 1.787083589064758, 3.129465847315024]
      time_from_start: 0