joint_trajectory:
  joint_names: [shoulder_pan_joint, shoulder_lift_joint, elbow_joint, wrist_1_joint, wrist_2_joint, wrist_3_joint]
  points:
    - time_from_start: 0
      positions: [1.57, -1.5707, 0, -1.5707, -1.57, 3.14]
    - positions: [1.406225859349755, -1.946826216414921, 2.312981986785051, 1.480609965935842, -1.505048291016962, 1.966303741106655]
      time_from_start: 0
    - time_from_start: 0
      positions: [0.6712875638201495, -1.101622169808411, 2.239257020604588, 1.988846433210681, -2.473808958911897, -0.0199726968853769]