joint_trajectory:
  points:
    - positions: [1.57, -1.5707, 0, -1.5707, -1.57, 3.14]
      time_from_start: 0
    - time_from_start: 0
      positions: [0.3070737872193938, -1.392494293752686, -0.02883155434117484, -1.070685432580354, -1.01105928252117, 2.40266948046523]
    - time_from_start: 0
      positions: [-2.280002784046513, -2.290745269207535, 0.8087951803920155, 1.339459191246192, -1.714738733986371, 2.970746058977852]
    - time_from_start: 0
      positions: [-2.349422419823904, -2.439043286673811, 0.8212888076264842, 1.609880568215845, -1.906797701931214, 3.139860988095175]
  joint_names: [shoulder_pan_joint, shoulder_lift_joint, elbow_joint, wrist_1_joint, wrist_2_joint, wrist_3_joint]