joint_trajectory:
  joint_names: [shoulder_pan_joint, shoulder_lift_joint, elbow_joint, wrist_1_joint, wrist_2_joint, wrist_3_joint]
  points:
    - positions: [1.57, -1.5707, 0, -1.5707, -1.57, 3.14]
      time_from_start: 0
    - positions: [-2.424076616814105, -1.961300639846811, 1.025313529732416, -1.889670103347862, -1.644207045420185, 1.402410005858346]
      time_from_start: 0
    - time_from_start: 0
      positions: [-2.59250844365354, -1.960027584269711, 1.531068977629436, -2.718158035565957, -0.9280400457201535, 0.9664393030592764]
    - positions: [-2.509947713033821, -1.656866550935399, 1.58263383346602, -3.066063009110001, -0.4373867998412037, -0.003216032328336265]
      time_from_start: 0