joint_trajectory:
  points:
    - time_from_start: 0
      positions: [1.57, -1.5707, 0, -1.5707, -1.57, 3.14]
    - time_from_start: 0
      positions: [-1.577516302854519, -1.025307020997632, 1.558738447309832, 0.445375993504936, -0.6981191008610721, 0.08297062870884175]
    - positions: [-1.169456223501959, -1.108509259897491, 2.202629782869518, -0.9248761744055392, 0.1738435996814706, -2.727821758914099]
      time_from_start: 0
    - positions: [-1.072150327111404, -1.136078220936771, 2.262007626911175, -1.146055176267613, 0.3017698237064617, -3.121244904800004]
      time_from_start: 0
  joint_names: [shoulder_pan_joint, shoulder_lift_joint, elbow_joint, wrist_1_joint, wrist_2_joint, wrist_3_joint]