joint_trajectory:
  points:
    - positions: [1.57, -1.5707, 0, -1.5707, -1.57, 3.14]
      time_from_start: 0
    - positions: [-0.6957001394569544, -2.704725708507515, 1.715004266443443, 0.9473983534071008, -0.6293219272944178, -3.004271693397207]
      time_from_start: 0
    - time_from_start: 0
      positions: [-0.7837322452302514, -2.791493139242296, 1.67982445525127, 1.107959636151688, -0.6243617632187989, -3.140609289539748]
  joint_names: [shoulder_pan_joint, shoulder_lift_joint, elbow_joint, wrist_1_joint, wrist_2_joint, wrist_3_joint]