joint_trajectory:
  joint_names: [shoulder_pan_joint, shoulder_lift_joint, elbow_joint, wrist_1_joint, wrist_2_joint, wrist_3_joint]
  points:
    - time_from_start: 0
      positions: [1.57, -1.5707, 0, -1.5707, -1.57, 3.14]
    - time_from_start: 0
      positions: [-0.07666587632860747, -2.119932991659271, 2.090328605661215, 0.2794512008485329, 0.4686977871244272, 1.450993558937174]
    - time_from_start: 0
      positions: [0.1007660602770785, -1.900012138799983, 2.396825539594243, 0.05442698486348571, 1.150455649230717, 1.947728291682201]
    - positions: [0.5208132173282055, -1.253247154667322, 2.357339531190465, -1.110488640968693, 2.145097130270927, 3.132841489613094]
      time_from_start: 0