joint_trajectory:
  points:
    - time_from_start: 0
      positions: [1.57, -1.5707, 0, -1.5707, -1.57, 3.14]
    - positions: [-0.4582782453313153, -2.136451394467969, 1.762848069269765, 0.4305322633535076, 1.592209522440835, -0.8820176431708646]
      time_from_start: 0
    - positions: [-0.5032283568516545, -2.01449083457361, 1.886693841976089, 0.2100512643198522, 1.92956214432292, -2.313686609514978]
      time_from_start: 0
    - time_from_start: 0
      positions: [-0.477304828510048, -1.94605928208955, 1.962954814566901, -0.008000879490981608, 2.043399492912249, -3.134816275485299]
  joint_names: [shoulder_pan_joint, shoulder_lift_joint, elbow_joint, wrist_1_joint, wrist_2_joint, wrist_3_joint]