joint_trajectory:
  joint_names: [shoulder_pan_joint, shoulder_lift_joint, elbow_joint, wrist_1_joint, wrist_2_joint, wrist_3_joint]
  points:
    - time_from_start: 0
      positions: [1.57, -1.5707, 0, -1.5707, -1.57, 3.14]
    - time_from_start: 0
      positions: [-1.200820916470554, -2.460324990977231, 1.867614034766615, 1.377534768767, -0.7861745915924715, -2.882403637686962]
    - positions: [-0.2069858869693061, -1.815638497314954, 2.042052585495445, -0.003474673378141446, 1.314220921412098, -3.080063637477873]
      time_from_start: 0
    - time_from_start: 0
      positions: [0.1871405454253361, -1.562599120715458, 2.071055701541471, -0.5189844035734172, 2.159477240332704, -3.138666529319212]