joint_trajectory:
  points:
    - positions: [1.57, -1.5707, 0, -1.5707, -1.57, 3.14]
      time_from_start: 0
    - time_from_start: 0
      positions: [1.59716834923818, -0.8554934885379784, -1.117507287092127, -1.405260031353541, -2.448217583627731, 0.05919260052572795]
    - time_from_start: 0
      positions: [1.154067824432983, -0.1042543458549829, -1.635671015800808, -1.396863065509352, -1.991143061209304, 0.004190769475579526]
  joint_names: [shoulder_pan_joint, shoulder_lift_joint, elbow_joint, wrist_1_joint, wrist_2_joint, wrist_3_joint]