joint_trajectory:
  joint_names: [shoulder_pan_joint, shoulder_lift_joint, elbow_joint, wrist_1_joint, wrist_2_joint, wrist_3_joint]
  points:
    - time_from_start: 0
      positions: [1.57, -1.5707, 0, -1.5707, -1.57, 3.14]
    - time_from_start: 0
      positions: [-0.9206728808538254, -1.961051475969408, 1.470334405530211, 1.873513852987687, -1.090543836369726, -0.7450545530939416]
    - positions: [-0.1652469019552702, -1.560176700497194, 1.701184581880703, 2.988389733264311, -0.6566422676534281, 0.00300188213769141]
      time_from_start: 0