joint_trajectory:
  points:
    - time_from_start: 0
      positions: [1.57, -1.5707, 0, -1.5707, -1.57, 3.14]
    - positions: [-2.339552112749716, -1.406865807332862, -2.059961762738705, 0.3057739171088787, 0.6985706075770872, 0.07765701104052752]
      time_from_start: 0
    - time_from_start: 0
      positions: [-2.394357607126985, -1.460206405115606, -2.047384868033896, 0.3519498943126325, 0.7522299357406929, 0.01205356551432677]
  joint_names: [shoulder_pan_joint, shoulder_lift_joint, elbow_joint, wrist_1_joint, wrist_2_joint, wrist_3_joint]