joint_trajectory:
  points:
    - positions: [1.57, -1.5707, 0, -1.5707, -1.57, 3.14]
      time_from_start: 0
    - positions: [1.306223002150929, -1.401908173421841, -0.1469514153860516, -0.3149732053257481, -1.171987430849701, 0.5307777924817786]
      time_from_start: 0
    - time_from_start: 0
      positions: [1.162875456269721, -1.83825797609778, 2.592470188373194, 2.103786673226618, -1.821811600319556, 0.4377386331738673]
    - positions: [0.799439614896659, -1.539584570455988, 2.595878139812765, 2.089932957040809, -1.626215722762493, 0.003888534027518274]
      time_from_start: 0
  joint_names: [shoulder_pan_joint, shoulder_lift_joint, elbow_joint, wrist_1_joint, wrist_2_joint, wrist_3_joint]