joint_trajectory:
  joint_names: [shoulder_pan_joint, shoulder_lift_joint, elbow_joint, wrist_1_joint, wrist_2_joint, wrist_3_joint]
  points:
    - positions: [1.57, -1.5707, 0, -1.5707, -1.57, 3.14]
      time_from_start: 0
    - time_from_start: 0
      positions: [0.8062571600280507, -2.103335493678705, -1.489508059782869, 0.1127860230330804, 0.9175902661882958, 0.07036329489985205]
    - positions: [0.2637444287616407, -0.7951394811741317, -0.8602950282728863, 1.646736199620458, 1.89403840556657, 3.140894469250645]
      time_from_start: 0