joint_trajectory:
  points:
    - time_from_start: 0
      positions: [1.57, -1.5707, 0, -1.5707, -1.57, 3.14]
    - positions: [0.07835050391996592, -2.005211981797764, 2.290659188876751, -0.1432658024121945, 1.646148649995052, -2.139927503994065]
      time_from_start: 0
    - positions: [-0.2620724047296998, -1.909291341218166, 2.453647662155927, -0.4413713274541824, 1.553962760608018, -2.81089696664244]
      time_from_start: 0
    - time_from_start: 0
      positions: [-0.4518475534137769, -1.859478800083209, 2.489581435435675, -0.6241010186147746, 1.464335168819185, -3.139726452283608]
  joint_names: [shoulder_pan_joint, shoulder_lift_joint, elbow_joint, wrist_1_joint, wrist_2_joint, wrist_3_joint]