joint_trajectory:
  joint_names: [shoulder_pan_joint, shoulder_lift_joint, elbow_joint, wrist_1_joint, wrist_2_joint, wrist_3_joint]
  points:
    - positions: [1.57, -1.5707, 0, -1.5707, -1.57, 3.14]
      time_from_start: 0
    - time_from_start: 0
      positions: [1.615709587545962, -0.9237682636762166, 0.05023030637384526, 0.6954935597419583, -1.082231932729557, -0.1517301161342672]
    - time_from_start: 0
      positions: [2.35879394902293, -1.571044950950134, -1.221404167624401, 2.802242531917713, -1.975078117660002, -3.135129381026599]