joint_trajectory:
  joint_names: [shoulder_pan_joint, shoulder_lift_joint, elbow_joint, wrist_1_joint, wrist_2_joint, wrist_3_joint]
  points:
    - time_from_start: 0
      positions: [1.57, -1.5707, 0, -1.5707, -1.57, 3.14]
    - time_from_start: 0
      positions: [1.076694603853903, -1.258402770810789, -1.699409370525717, -0.7958886981648663, -1.018256248492715, 0.5676828815131704]
    - positions: [0.7883927018173132, -0.3908783107856721, -1.169998097900663, -1.578840467300201, -2.199876885728558, -0.005576293740818116]
      time_from_start: 0