joint_trajectory:
  points:
    - positions: [1.57, -1.5707, 0, -1.5707, -1.57, 3.14]
      time_from_start: 0
    - time_from_start: 0
      positions: [2.18857900544588, -0.9083068206494462, -0.4631490977930192, 1.166295577631424, -1.166171159758062, -1.059353512938441]
    - positions: [2.172564280660182, -1.254434328378232, -1.122289976481888, 2.367707108345499, -1.06852478013181, -3.137352713563087]
      time_from_start: 0
  joint_names: [shoulder_pan_joint, shoulder_lift_joint, elbow_joint, wrist_1_joint, wrist_2_joint, wrist_3_joint]