joint_trajectory:
  joint_names: [shoulder_pan_joint, shoulder_lift_joint, elbow_joint, wrist_1_joint, wrist_2_joint, wrist_3_joint]
  points:
    - positions: [1.57, -1.5707, 0, -1.5707, -1.57, 3.14]
      time_from_start: 0
    - positions: [0.8970646941995944, -0.5458064077698739, -1.645372552235649, 1.330540633667895, 2.106127580618911, -2.235221210848443]
      time_from_start: 0
    - time_from_start: 0
      positions: [0.6039322822062216, -0.2420855993078583, -1.52078777441215, 1.615189900549612, 1.983307001055679, -2.9634561162673]
    - time_from_start: 0
      positions: [0.5494144367028571, -0.1723962272866732, -1.484812784776949, 1.667923640127382, 1.945857519745344, -3.133679369619922]