joint_trajectory:
  points:
    - time_from_start: 0
      positions: [1.57, -1.5707, 0, -1.5707, -1.57, 3.14]
    - time_from_start: 0
      positions: [-0.9558641452354171, -2.261394152609828, 0.7735840434123585, 1.070605679848262, -1.044982216559841, -2.615207876739976]
    - time_from_start: 0
      positions: [-1.05934891748904, -2.481160417804714, 1.033465259308916, 1.456646902171379, -1.033595703942404, -3.138035921960707]
  joint_names: [shoulder_pan_joint, shoulder_lift_joint, elbow_joint, wrist_1_joint, wrist_2_joint, wrist_3_joint]