joint_trajectory:
  points:
    - positions: [1.57, -1.5707, 0, -1.5707, -1.57, 3.14]
      time_from_start: 0
    - time_from_start: 0
      positions: [1.805491295628846, -1.769373097964641, -1.760977357693895, 1.280168438386996, 1.739276908652117, 0.2199786830873692]
    - time_from_start: 0
      positions: [2.520106394698745, -2.111654131377389, -2.254640289736272, 1.358844879149509, 2.329657469411893, -0.00630563410718751]
    - positions: [2.709593661411977, -2.181777844481476, -2.265763383943374, 1.306066940904746, 2.402766589887502, -0.007228701198977805]
      time_from_start: 0
  joint_names: [shoulder_pan_joint, shoulder_lift_joint, elbow_joint, wrist_1_joint, wrist_2_joint, wrist_3_joint]