joint_trajectory:
  joint_names: [shoulder_pan_joint, shoulder_lift_joint, elbow_joint, wrist_1_joint, wrist_2_joint, wrist_3_joint]
  points:
    - positions: [1.57, -1.5707, 0, -1.5707, -1.57, 3.14]
      time_from_start: 0
    - positions: [-0.2366939854730739, -1.369334410857064, -1.60465471953874, -0.7855221067652738, -1.518658858558744, -0.1409841544895196]
      time_from_start: 0
    - time_from_start: 0
      positions: [-1.403058335646129, -0.7525045082024701, -2.115037159281869, -0.3813630624150648, -0.6908021020438908, -0.7917665298760603]
    - time_from_start: 0
      positions: [-1.212344248771986, 0.1129271780965544, -2.044187489530174, -1.240656140499699, -0.1650753215101299, 0.03112549252427507]