joint_trajectory:
  joint_names: [shoulder_pan_joint, shoulder_lift_joint, elbow_joint, wrist_1_joint, wrist_2_joint, wrist_3_joint]
  points:
    - positions: [1.57, -1.5707, 0, -1.5707, -1.57, 3.14]
      time_from_start: 0
    - positions: [-1.05495046764116, -0.5574736205044767, -1.844511216105918, 1.651099786741905, 1.519380003845702, -2.642517638723052]
      time_from_start: 0
    - time_from_start: 0
      positions: [-1.196101788936716, -0.5615347384250383, -1.779356477427225, 1.776530346407967, 1.386965820097747, -2.801716744265342]
    - positions: [-1.498604158934106, -0.5508653264230831, -1.550669931072037, 2.105438655631295, 0.96132313413709, -3.136146539029626]
      time_from_start: 0