joint_trajectory:
  joint_names: [shoulder_pan_joint, shoulder_lift_joint, elbow_joint, wrist_1_joint, wrist_2_joint, wrist_3_joint]
  points:
    - time_from_start: 0
      positions: [1.57, -1.5707, 0, -1.5707, -1.57, 3.14]
    - time_from_start: 0
      positions: [-0.9575853035637372, -1.081114998297011, -2.229387593937857, -0.2791387395762616, -2.447315140407333, 2.076290609808601]
    - positions: [-0.7389537093917445, 0.0974720435793504, -2.029526623061527, -1.201550880664615, -1.725269826668534, 0.003464954809226412]
      time_from_start: 0