joint_trajectory:
  joint_names: [shoulder_pan_joint, shoulder_lift_joint, elbow_joint, wrist_1_joint, wrist_2_joint, wrist_3_joint]
  points:
    - positions: [1.57, -1.5707, 0, -1.5707, -1.57, 3.14]
      time_from_start: 0
    - time_from_start: 0
      positions: [1.039363812412468, -1.858821342331376, -0.4239612218264833, -0.8975589486433692, -2.459506794743902, 1.346346233072534]
    - time_from_start: 0
      positions: [-0.2594750308189087, -1.499714320611541, 1.341398399012472, -2.997516321828026, -2.391639530441652, -0.01017553586985526]