joint_trajectory:
  points:
    - time_from_start: 0
      positions: [1.57, -1.5707, 0, -1.5707, -1.57, 3.14]
    - time_from_start: 0
      positions: [0.2926433350752106, -1.380231833309061, -1.604633829416799, -0.1199425904735765, -0.8593220029849156, 0.636624679481909]
    - positions: [-0.3842075440835432, -1.745722564719115, -2.033143998549776, 0.6159185300823948, 0.1543308292165864, 0.05203937927812602]
      time_from_start: 0
    - positions: [-0.4202964716136368, -1.770119490601796, -2.051395492321864, 0.6546725521929277, 0.2181449178704116, 0.03033039410833704]
      time_from_start: 0
  joint_names: [shoulder_pan_joint, shoulder_lift_joint, elbow_joint, wrist_1_joint, wrist_2_joint, wrist_3_joint]