joint_trajectory:
  joint_names: [shoulder_pan_joint, shoulder_lift_joint, elbow_joint, wrist_1_joint, wrist_2_joint, wrist_3_joint]
  points:
    - time_from_start: 0
      positions: [1.57, -1.5707, 0, -1.5707, -1.57, 3.14]
    - positions: [1.738441155463266, -1.863950574750046, 2.186384591168191, -0.6352050878803287, 1.281706690668117, -1.875266153499426]
      time_from_start: 0
    - time_from_start: 0
      positions: [1.694061691864544, -1.734517619127054, 2.187983919279993, -0.5199750844151354, 1.785980574229262, -2.729429403268614]
    - positions: [1.644324109344418, -1.655572803317387, 2.119909234389148, -0.4673188072056836, 2.043405962736935, -3.140217581857077]
      time_from_start: 0