joint_trajectory:
  points:
    - positions: [1.57, -1.5707, 0, -1.5707, -1.57, 3.14]
      time_from_start: 0
    - positions: [-1.028408793507097, -1.74847643445586, 0.9891789390095012, 0.1394805091871898, -0.3871002122419513, -1.843569434651075]
      time_from_start: 0
    - time_from_start: 0
      positions: [-1.400649119472463, -1.520787591560262, 1.165728875699962, 0.1418129201120663, -0.03646892907975251, -2.710217669414467]
    - positions: [-1.161364807995402, -1.378543511333006, 1.170050272362404, 0.2019891560750824, 0.4002342559175567, -3.138968017565091]
      time_from_start: 0
  joint_names: [shoulder_pan_joint, shoulder_lift_joint, elbow_joint, wrist_1_joint, wrist_2_joint, wrist_3_joint]