joint_trajectory:
  points:
    - time_from_start: 0
      positions: [1.57, -1.5707, 0, -1.5707, -1.57, 3.14]
    - positions: [1.974230784839488, -0.3556930263939915, -0.405335686732511, -0.4458461689064352, 0.4181250370778275, 0.6147283414260365]
      time_from_start: 0
    - positions: [2.740489582972457, -1.03644962398486, -1.759955069391765, -0.3490612296051215, 1.460915049382644, -0.005084999486001665]
      time_from_start: 0
  joint_names: [shoulder_pan_joint, shoulder_lift_joint, elbow_joint, wrist_1_joint, wrist_2_joint, wrist_3_joint]