joint_trajectory:
  points:
    - time_from_start: 0
      positions: [1.57, -1.5707, 0, -1.5707, -1.57, 3.14]
    - positions: [1.323767674538949, -1.22445568729252, 0.6494332689175012, -1.099947796641866, -0.5211624790752873, 2.359574946153903]
      time_from_start: 0
    - time_from_start: 0
      positions: [1.978930762826629, -2.70344674351699, 1.608183895745474, -2.055228835786791, 2.023068882013312, 0.005312129247527147]
  joint_names: [shoulder_pan_joint, shoulder_lift_joint, elbow_joint, wrist_1_joint, wrist_2_joint, wrist_3_joint]