joint_trajectory:
  points:
    - time_from_start: 0
      positions: [1.57, -1.5707, 0, -1.5707, -1.57, 3.14]
    - positions: [0.6585483074486439, -0.3599968073050837, -2.064584112462493, -0.7735162006877669, -1.989427804684747, -0.8095455757471731]
      time_from_start: 0
    - positions: [0.2868755031278913, -0.2025530309896984, -2.287130837421143, -0.752846985681221, -1.872597966559992, -0.5129380934864218]
      time_from_start: 0
    - positions: [-0.07613837290426582, -0.01459909860614622, -2.39670617744053, -0.7372041219248487, -1.562414291805309, -0.003975904665729451]
      time_from_start: 0
  joint_names: [shoulder_pan_joint, shoulder_lift_joint, elbow_joint, wrist_1_joint, wrist_2_joint, wrist_3_joint]