joint_trajectory:
  joint_names: [shoulder_pan_joint, shoulder_lift_joint, elbow_joint, wrist_1_joint, wrist_2_joint, wrist_3_joint]
  points:
    - positions: [1.57, -1.5707, 0, -1.5707, -1.57, 3.14]
      time_from_start: 0
    - positions: [-2.520318821601446, -1.606799927797233, -0.1739269116368301, 0.8442022258111902, -0.9473521917800036, 2.009188377745593]
      time_from_start: 0
    - positions: [-2.031790000280551, -0.3909543563822804, -1.05921959746914, -1.630601180606706, -0.5084282686060203, 0.0959326531549676]
      time_from_start: 0
    - positions: [-1.978113746807014, -0.3499574984825179, -1.004266551151349, -1.769422229704926, -0.4943020861599459, -0.01397805979862403]
      time_from_start: 0