joint_trajectory:
  joint_names: [shoulder_pan_joint, shoulder_lift_joint, elbow_joint, wrist_1_joint, wrist_2_joint, wrist_3_joint]
  points:
    - time_from_start: 0
      positions: [1.57, -1.5707, 0, -1.5707, -1.57, 3.14]
    - time_from_start: 0
      positions: [-0.6500417666588285, -1.398556900164682, 0.910795648212294, -2.661288524504128, -2.24679301035129, -0.02805194055207264]
    - positions: [-0.6935186723719462, -1.360199630153392, 0.9150327206438371, -2.692418484853873, -2.257860608630792, 0.003917330625588841]
      time_from_start: 0
    - time_from_start: 0
      positions: [-0.7081799392218421, -1.344525338184865, 0.9169560341981219, -2.702752755673379, -2.259641586815896, 0.01296958359883086]