joint_trajectory:
  points:
    - time_from_start: 0
      positions: [1.57, -1.5707, 0, -1.5707, -1.57, 3.14]
    - positions: [0.7841330908091595, -1.674955952398354, -0.08634268497505172, -0.8562551802885039, -0.8219682819786909, 1.681688033676458]
      time_from_start: 0
    - positions: [-0.8116058207155513, -0.2571174326245575, -1.223240139976176, -1.422563443997912, 0.4905662902827271, 0.05234556431480426]
      time_from_start: 0
    - time_from_start: 0
      positions: [-0.367473412175316, 0.1091649200551556, -1.816276764386396, -1.441863544797455, -0.4671938379554797, 0.001253956959862482]
  joint_names: [shoulder_pan_joint, shoulder_lift_joint, elbow_joint, wrist_1_joint, wrist_2_joint, wrist_3_joint]