joint_trajectory:
  joint_names: [shoulder_pan_joint, shoulder_lift_joint, elbow_joint, wrist_1_joint, wrist_2_joint, wrist_3_joint]
  points:
    - time_from_start: 0
      positions: [1.57, -1.5707, 0, -1.5707, -1.57, 3.14]
    - time_from_start: 0
      positions: [1.579171878771306, -1.391808257164826, 1.944145274500147, -0.3744585392906894, 2.235767913074046, 1.750170942030581]
    - time_from_start: 0
      positions: [1.500004829452215, -1.338692929132708, 2.195873868252146, -0.5648519697523766, 2.328478428556931, 2.269385686129358]
    - time_from_start: 0
      positions: [1.259347261776448, -1.174350649068156, 2.228396553154478, -1.047488421936521, 2.317184101434778, 3.136577716660097]