joint_trajectory:
  points:
    - time_from_start: 0
      positions: [1.57, -1.5707, 0, -1.5707, -1.57, 3.14]
    - positions: [1.995784890033098, -1.39669203567489, -1.087059833293956, -0.5714743415810395, 1.941970920931193, 0.02257455212420447]
      time_from_start: 0
    - positions: [2.154103389054749, -1.607120981061669, -1.207179641239603, -0.3387484508015607, 2.249440212682907, -0.003776759916678672]
      time_from_start: 0
  joint_names: [shoulder_pan_joint, shoulder_lift_joint, elbow_joint, wrist_1_joint, wrist_2_joint, wrist_3_joint]