joint_trajectory:
  joint_names: [shoulder_pan_joint, shoulder_lift_joint, elbow_joint, wrist_1_joint, wrist_2_joint, wrist_3_joint]
  points:
    - positions: [1.57, -1.5707, 0, -1.5707, -1.57, 3.14]
      time_from_start: 0
    - time_from_start: 0
      positions: [1.436584010446304, -1.282371663446388, -1.992710807338235, 0.3221687468995572, 1.541334278213833, -0.2042164827820965]
    - positions: [1.731783729915444, -1.346160840215103, -2.065568857310988, 0.2627088693602929, 1.714551319282623, 0.006038248907836624]
      time_from_start: 0