joint_trajectory:
  joint_names: [shoulder_pan_joint, shoulder_lift_joint, elbow_joint, wrist_1_joint, wrist_2_joint, wrist_3_joint]
  points:
    - time_from_start: 0
      positions: [1.57, -1.5707, 0, -1.5707, -1.57, 3.14]
    - positions: [-2.727399664828466, -1.117437740342, -2.069175636805881, -2.361851482458706, -2.339465292163506, -1.228857998427051]
      time_from_start: 0
    - time_from_start: 0
      positions: [-2.756082927753011, -1.150932659358256, -2.053329831690541, -2.390218984689643, -2.387284814377615, -1.348046898904139]
    - positions: [-2.784908719643827, -1.745832912668917, -1.578080921268115, -2.96603893719594, -2.28117317582818, -3.140981820987664]
      time_from_start: 0