joint_trajectory:
  points:
    - positions: [1.57, -1.5707, 0, -1.5707, -1.57, 3.14]
      time_from_start: 0
    - time_from_start: 0
      positions: [-0.9756875753269734, -2.1186714432746, 1.96859162238217, 0.2098411729582468, 1.75979046168921, -2.801115854892475]
    - positions: [-1.115045220608859, -2.020728988538986, 2.014293796324425, 0.009808090291507424, 1.705699886719592, -3.141250961960293]
      time_from_start: 0
  joint_names: [shoulder_pan_joint, shoulder_lift_joint, elbow_joint, wrist_1_joint, wrist_2_joint, wrist_3_joint]