joint_trajectory:
  joint_names: [torso_lift_joint, shoulder_pan_joint, shoulder_lift_joint, upperarm_roll_joint, elbow_flex_joint, forearm_roll_joint, wrist_flex_joint, wrist_roll_joint]
  header:
    frame_id: base_link
  points:
    - positions: [0.1, 1.32, 1.4, -0.2, 1.72, 0, 1.66, 0]
      time_from_start: 0
    - time_from_start: 0
      positions: [0.2524294291292797, 0.4886413452976999, 0.7925009735280293, -1.088191313404128, 1.807058468655022, -0.1139924772715521, 0.9022900122133962, 0.4638171301464937]
    - time_from_start: 0
      positions: [0.3558839731277316, -1.129044772092998, 0.4558122366510795, -2.491204176192504, -0.9239346580966374, -2.185553611097006, 0.1272497905790804, -1.856271501288054]
    - positions: [0.359761348563138, 1.077582182782797, 0.02590580019199465, 3.141592653589793, -0.4286389689602419, 0.008250969029820724, -1.109951971645843, 3.08874478996874]
      time_from_start: 0