joint_trajectory:
  points:
    - positions: [0.1, 1.32, 1.4, -0.2, 1.72, 0, 1.66, 0]
      time_from_start: 0
    - positions: [0.1477315020360471, 0.818319348629602, 0.8055789364407038, -1.177237970810812, 1.178053554373899, -0.8325439654545881, 1.510766686224431, 0.1205511481223044]
      time_from_start: 0
    - positions: [0.1345692813374219, 1.36728619977124, 0.9734585803973022, -1.406981897624203, 1.982915509381797, -0.8895804769935274, -1.419808288626373, 2.498979513858071]
      time_from_start: 0
    - positions: [0.2599602006126696, -1.36676736242444, -0.0374669902315832, -3.135745964656992, -0.4865830816026507, -3.141592653589793, 1.112332629962844, -0.001584003481448787]
      time_from_start: 0
  joint_names: [torso_lift_joint, shoulder_pan_joint, shoulder_lift_joint, upperarm_roll_joint, elbow_flex_joint, forearm_roll_joint, wrist_flex_joint, wrist_roll_joint]
  header:
    frame_id: base_link