joint_trajectory:
  joint_names: [kuka_arm_0_joint, kuka_arm_1_joint, kuka_arm_2_joint, kuka_arm_3_joint, kuka_arm_4_joint, kuka_arm_5_joint, kuka_arm_6_joint, WRJ2, WRJ1, FFJ4, FFJ3, FFJ2, FFJ1]
  points:
    - positions: [-2.67059704160553, 0.9608507257750193, 0.6869083393141167, -0.006344502699660562, -0.434109144124476, 0.8226429492703898, 1.24531430577617, -0.4867612412532392, 0.2211641727289655, 0.418332630154583, 0.9202211807906281, 0, 0.665807369030859]
      time_from_start: 0
    - positions: [-1.411572807714046, 1.090558050587637, -2.697274464837125, 1.368908708498461, -0.6127397416382647, -0.1975917843860929, -0.4659621991039024, -0.1931111959745095, 0.1937103495937448, 0.0800100682619362, 1.177751500838502, 1.212643386586098, 0.8720787585026898]
      time_from_start: 0
    - time_from_start: 0
      positions: [-2.713900514922642, 1.378040064927713, -2.885826116590684, 1.690453728346112, -1.312957434309822, -1.025870800977124, -1.137096883475543, -0.1806853433173299, 0.1438869029741917, 0.2844159853966511, 1.544744623124359, 1.480945599466876, 0.9845887267390154]
    - positions: [-2.96705972839, 1.396779902696724, -2.96705972839, 1.655197594620574, -1.877705507195169, -1.49439510239, -1.480830696352821, -0.1360032842758505, 0.2465291980576917, 0.3851007563000544, 1.57079632679, 1.57079632679, 1.047277488929784]
      time_from_start: 0