joint_trajectory:
  joint_names: [kuka_arm_0_joint, kuka_arm_1_joint, kuka_arm_2_joint, kuka_arm_3_joint, kuka_arm_4_joint, kuka_arm_5_joint, kuka_arm_6_joint, WRJ2, WRJ1, FFJ4, FFJ3, FFJ2, FFJ1]
  points:
    - positions: [0.2196357725273342, -0.7296026527927141, -0.1936262571922594, 0.256907650021072, 0.9637203657059429, -0.865913802371715, -2.605718988664259, -0.4624912801214665, -0.5033432524315672, 0.4363323129985824, 1.280904406857787, 1.100135233259153, 0]
      time_from_start: 0
    - time_from_start: 0
      positions: [2.293974826592696, 1.267695001704328, 2.567678110917154, 1.176111702627132, 1.135518218545899, -0.9965989331316394, 1.39385465013266, 0.1459740947367346, 0.5036922072497058, 0.4066277003502576, 1.433621412300345, 0.2126829301960242, 0.1976639105403121]
    - time_from_start: 0
      positions: [2.607552899043968, 1.570796325765171, 2.96705972839, 1.241624447042725, 1.136766646704555, -0.9959593770199617, 1.926069771235323, 0.1745329251994327, 0.6108652381980151, 0.4313207765767771, 1.57079632679, 0.1254864774303453, 0.127639175215527]