joint_trajectory:
  points:
    - time_from_start: 0
      positions: [-2.949280559089452, 0.964409923931557, -1.584662480151992, -0.04336912246906379, -0.2957811367289726, -0.5050136624542774, -2.554510071553869, -0.5116849508016313, -0.7006369825301719, 0.4363323041293556, 0.4675903317859062, 0.4806780696101708, 0.973752853240162]
    - positions: [-1.601377972889626, -0.1553180571278592, -1.099797215270089, 1.470051111343879, 0.9773464305384557, -0.2091257541834257, -0.3429544190869879, -0.317487167426478, 0.06083378773537289, 0.1136543014948046, 0.4103823681316386, 0.6897661869189338, 1.336050906337498]
      time_from_start: 0
    - time_from_start: 0
      positions: [-1.146676671696839, -0.8011655749261033, -0.6835203188888196, 1.64879089932333, 0.5442043985014482, 0.1698054530714424, -0.2524053168062845, -0.3140141686209392, 0.2530702734078943, 0.132682095671628, 0.3517730374813406, 0.7923129332875956, 1.228887560348075]
    - time_from_start: 0
      positions: [-0.7807216938446934, -1.57079632679, 0.1231052594241103, 1.140891351554608, -1.575420083076298, 0.9385243141748099, -1.638428449387665, -0.4875479757414379, 0.1684232852394111, 0.4132999551430371, 0.2878484198862211, 1.065571127302894, 0.7503650653651978]
  joint_names: [kuka_arm_0_joint, kuka_arm_1_joint, kuka_arm_2_joint, kuka_arm_3_joint, kuka_arm_4_joint, kuka_arm_5_joint, kuka_arm_6_joint, WRJ2, WRJ1, FFJ4, FFJ3, FFJ2, FFJ1]