joint_trajectory:
  points:
    - time_from_start: 0
      positions: [-2.966177509792234, 0.7418462455313752, 0.2964136402701142, -0.3946155323850516, 0.1955429889417881, 0.8502260700566076, 1.085405148806975, -0.5180569853790288, 0.5221705384761411, 0.4355039473868752, 0.2923820284529878, 0.8110280598596531, 0.2587983795238937]
    - time_from_start: 0
      positions: [-0.3835300647795557, -1.220269671456226, 2.555148136464368, -1.616973095815416, -0.07883209809522476, -0.543893316825618, -0.3136364942641613, -0.4465945506709427, -0.2090343404780637, 0.3348793737911906, 0.8957159680239741, 1.390033432003024, 1.396651099738707]
    - positions: [-0.07274187843520383, -1.288886332369382, 2.868275565694234, -1.72692194560697, 0.02446713868412042, -0.8696685884380847, -0.4371412567267051, -0.5235987755982987, -0.1779282959397254, 0.4363323129985822, 0.8573031943410802, 1.502141528465403, 1.570793109593357]
      time_from_start: 0
  joint_names: [kuka_arm_0_joint, kuka_arm_1_joint, kuka_arm_2_joint, kuka_arm_3_joint, kuka_arm_4_joint, kuka_arm_5_joint, kuka_arm_6_joint, WRJ2, WRJ1, FFJ4, FFJ3, FFJ2, FFJ1]