joint_trajectory:
  joint_names: [kuka_arm_0_joint, kuka_arm_1_joint, kuka_arm_2_joint, kuka_arm_3_joint, kuka_arm_4_joint, kuka_arm_5_joint, kuka_arm_6_joint, WRJ2, WRJ1, FFJ4, FFJ3, FFJ2, FFJ1]
  points:
    - time_from_start: 0
      positions: [-2.745313624573941, 0.9740523599175578, 0.930939962656354, 0.3290673596696676, 2.96705972839, -0.918647383626754, -2.461989000598671, -0.47831583926192, -0.6193557650380581, 0.4363323129985824, 1.241469262750146, 0.09223749822022015, 0.9241947868242991]
    - time_from_start: 0
      positions: [-2.690317820497456, 0.9697286810944741, 0.928008039660387, 0.3100755772791465, 2.944110791569037, -0.8995690877966558, -2.412601704221092, -0.4758117971172983, -0.6180767796835791, 0.4316005119195154, 1.226686118105968, 0.1053871814010369, 0.9132958764423387]
    - positions: [1.763454939172688, 1.57079632679, 0.8723377363128574, -1.574943998257322, 2.25173413341534, -0.06567590999239603, 2.96705972839, -0.3715270577219979, 0.2889787582088102, 0.4347029177775508, 0.7078169620552249, 0.26736493449662, 1.511104914772142]
      time_from_start: 0