joint_trajectory:
  joint_names: [kuka_arm_0_joint, kuka_arm_1_joint, kuka_arm_2_joint, kuka_arm_3_joint, kuka_arm_4_joint, kuka_arm_5_joint, kuka_arm_6_joint, WRJ2, WRJ1, FFJ4, FFJ3, FFJ2, FFJ1]
  points:
    - positions: [0.05264198006708791, -1.161316242776532, -0.4139717249947346, -0.4890346665585443, 1.543938524217638, -0.7941669728880419, -2.29614447402466, -0.2191075383904084, -0.6333495475530351, 0.4363323129985824, 1.228677854878605, 0.01544500757776186, 0.7687742108826351]
      time_from_start: 0
    - positions: [1.745532747376251, 0.2583026606999811, 0.3633817530760575, 0.8903601375136476, 2.229808734735005, -0.2003008115339023, 0.2083382840024779, -0.05121276354995903, -0.6153157815537847, 0.07436998825967131, 0.8397103788135507, 0.4059416017455545, 0.9635499827724603]
      time_from_start: 0
    - time_from_start: 0
      positions: [2.821757325453921, 1.153703787489534, 2.634565674373582, 1.714282276004776, 2.837433531601274, -0.2612267724541739, -0.05958340852661942, -0.1170456480396306, -0.6422389552343343, 0.3416687212615605, 0.9241984681356636, 1.387852360236505, 1.478471744815498]
    - time_from_start: 0
      positions: [2.952007296060463, 1.148827011435795, 2.966209751604998, 1.774093563085696, 2.947997542569193, -0.3095822491108724, -0.3621596391614132, -0.1412374817340017, -0.6420550778003725, 0.4363323120572529, 0.9668035866633434, 1.568268832017479, 1.568339736400294]