joint_trajectory:
  points:
    - time_from_start: 0
      positions: [-2.594787454611411, 0.8724451465779756, 1.414361224556199, 0.04009063053341026, 1.673272263606663, -1.265186137236542, -1.977891839104906, -0.5235987755982988, 0.610865232418941, 0.4363323129985824, 0.5717112696744975, 0.1974896583570797, 0.8848074057984818]
    - time_from_start: 0
      positions: [-1.087973686970075, -1.063340807570479, 1.763806761112201, -1.635735604642738, 0.5420988161578053, 0.7881312554023807, -0.4606925044905098, -0.2401094629743615, 0.2424782900903931, 0.3397163502375685, 0.8653683358932912, 1.356309130699999, 1.303945636274143]
    - positions: [0.2225590213957493, -1.270150524551654, 2.455272891879184, -2.056750695694729, 2.776757650412731, 1.047803187101993, -2.3419548511884, -0.4822925962837, 0.259391432534125, 0.4290640484732017, 0.2909548402452768, 1.440558806635024, 1.301798814509592]
      time_from_start: 0
    - positions: [0.3342360752771955, -1.284367078085598, 2.504206079663552, -2.085834306850038, 2.967059708642347, 1.069687972424818, -2.496794053040097, -0.5030495369871912, 0.2595305778741314, 0.436063401975162, 0.2409631385585481, 1.444286892749485, 1.299301279804764]
      time_from_start: 0
  joint_names: [kuka_arm_0_joint, kuka_arm_1_joint, kuka_arm_2_joint, kuka_arm_3_joint, kuka_arm_4_joint, kuka_arm_5_joint, kuka_arm_6_joint, WRJ2, WRJ1, FFJ4, FFJ3, FFJ2, FFJ1]