joint_trajectory:
  points:
    - positions: [-2.671728889354055, 0.865553814217347, 1.931651017858413, 0.3534636410103917, -1.540403766849549, 1.034933690555009, 0.9570681815744174, -0.5204194489916776, 0.6108652335784489, 0.4363323129985824, 0.318079573561261, 0, 0.9488860727233436]
      time_from_start: 0
    - positions: [0.0574691528913629, 0.381642504849586, 0.9869864524465584, -1.983349634294983, 2.557580394405829, 0.7303432000308643, -0.2211255452528591, -0.1622661796040508, -0.3182408160327733, 0.05471521940057328, 0.227596371273133, 0.6945277996284588, 1.274638647000525]
      time_from_start: 0
    - positions: [-0.5120111625758965, -0.5223822811914622, -1.981939053738252, 0.1332800742250999, -2.71931549354156, 0.04806979308250448, 1.240735452166548, -0.05952435968755376, -0.5669221624744328, -0.1326678591012288, 0.7612718863016508, 1.157620845471186, 0.5111621563196884]
      time_from_start: 0
    - positions: [-0.2905355432477101, -1.355909090338473, -2.967036147681433, -1.667309597736917, 0.5528724179032287, -1.347742543592231, -1.214988194246513, -0.4448892362460019, 0.6101983533885452, 0.4363323084915017, 1.5700161644405, 0.4570507298742338, 1.57079632679]
      time_from_start: 0
  joint_names: [kuka_arm_0_joint, kuka_arm_1_joint, kuka_arm_2_joint, kuka_arm_3_joint, kuka_arm_4_joint, kuka_arm_5_joint, kuka_arm_6_joint, WRJ2, WRJ1, FFJ4, FFJ3, FFJ2, FFJ1]