joint_trajectory:
  points:
    - time_from_start: 0
      positions: [0.5967961324660535, -0.9189684190370754, 2.014079119872775, -0.1715545926233822, 1.310177717255004, 0.7973059134344674, 1.234850411238622, -0.517531921884384, 0.2755823346338753, 0.4315211874377895, 0.5757658500914726, 0.3466930871369819, 0.5897721242393384]
    - positions: [0.7170684569883211, -0.7941055646292277, 1.507900176811829, 0.0226028132034223, 1.233210118689979, 0.6201563264430765, 0.8705645759348845, -0.4883134143358384, 0.2240990326552368, 0.3592341356702276, 0.5701986262736118, 0.4549030019068886, 0.6211846527853597]
      time_from_start: 0
    - positions: [1.774667246861326, 0.8983680673787419, 0.1551442453412099, -1.448535031632903, 1.412691039043608, 0.0729025324195981, -2.094720213759386, -0.2595275246286262, -0.2931314323923817, 0.3807225291430598, 0.5520035639789662, 0.9239814173066174, 1.450929385829991]
      time_from_start: 0
    - positions: [2.278611380291686, 1.373257481242893, 0.6533360536316382, -1.83787301881648, 1.979621966497938, 0.2990351562915223, -2.779804829284672, -0.2794639297531564, -0.586544173576152, 0.4363323129985822, 0.4335286504376067, 1.133652498746796, 1.570796324084858]
      time_from_start: 0
  joint_names: [kuka_arm_0_joint, kuka_arm_1_joint, kuka_arm_2_joint, kuka_arm_3_joint, kuka_arm_4_joint, kuka_arm_5_joint, kuka_arm_6_joint, WRJ2, WRJ1, FFJ4, FFJ3, FFJ2, FFJ1]