joint_trajectory:
  joint_names: [kuka_arm_0_joint, kuka_arm_1_joint, kuka_arm_2_joint, kuka_arm_3_joint, kuka_arm_4_joint, kuka_arm_5_joint, kuka_arm_6_joint, WRJ2, WRJ1, FFJ4, FFJ3, FFJ2, FFJ1]
  points:
    - time_from_start: 0
      positions: [0.3226740473729966, -0.819302203487094, -0.2704790506705264, 0.3032604894926398, 0.883102196109553, -0.6993788775325441, -2.074935093589724, -0.5233919229957522, 0.3289229364767789, 0.4363323129985824, 0.3187269051374786, 0.05868977845397796, 0.8850220270770073]
    - positions: [0.5103063363780074, -0.9039983743919151, 0.1509385042482553, -0.03385112709759445, 0.732630728498801, -0.7188537311543511, -1.792223035590554, -0.5072769833625982, 0.2053907626612971, 0.2909219863037596, 0.5158533297092152, 0.3427166536601164, 0.7741625853222298]
      time_from_start: 0
    - time_from_start: 0
      positions: [-0.1906505217663219, 0.2143294493630297, 0.08180117707628083, -0.7503021036552278, -0.5821207022725876, -0.8184896643200736, 0.02696913295479653, -0.2313325370330181, -0.2524767286759238, 0.1223745040207195, 0.984158976068501, 0.4802702094023911, 1.047038935317769]
    - time_from_start: 0
      positions: [1.966781031321209, 1.57079632679, 0.9804477361957961, -1.505991187001151, -0.6546668280237997, 0.424328501611286, -0.5753236019741, -0.2019416366779888, -0.7853973450111709, 0.4363319477019935, 1.095461085363181, 0.7832049135472446, 1.57079632679]