joint_trajectory:
  joint_names: [kuka_arm_0_joint, kuka_arm_1_joint, kuka_arm_2_joint, kuka_arm_3_joint, kuka_arm_4_joint, kuka_arm_5_joint, kuka_arm_6_joint, WRJ2, WRJ1, FFJ4, FFJ3, FFJ2, FFJ1]
  points:
    - positions: [-2.397930952267377, 0.7237788091902784, 2.25884787465812, 0.5211188903316474, 1.227272993967885, -0.5666455982214009, -2.175687585567262, -0.5186437130224968, -0.02801530336524703, 0.436010593136997, 0.6255183533491997, 0.5925973041689464, 0.4393458797062259]
      time_from_start: 0
    - time_from_start: 0
      positions: [1.37946504019055, 1.529723773705568, 0.7330630608036078, -1.491983680039452, 1.589702812423619, 0.6039480025046959, -1.991495880148696, -0.4258965748654979, 0.02523946923866256, 0.3655443972782703, 0.4470983164506913, 0.458427929480837, 1.39681242977286]
    - time_from_start: 0
      positions: [2.082012908540689, 1.565341331440818, 0.4822793013236829, -1.66218957061505, 1.626889737519748, 0.7864687859391909, -2.161452869402339, -0.5235987755982988, -0.03820807424115197, 0.4363323129985823, 0.3010675454837526, 0.3796823475686719, 1.48853362298667]