joint_trajectory:
  joint_names: [kuka_arm_0_joint, kuka_arm_1_joint, kuka_arm_2_joint, kuka_arm_3_joint, kuka_arm_4_joint, kuka_arm_5_joint, kuka_arm_6_joint, WRJ2, WRJ1, FFJ4, FFJ3, FFJ2, FFJ1]
  points:
    - positions: [-2.683812902339807, 0.924439213342418, -1.01085059898299, -0.1037675977537566, 1.280969443347216, 0.8339318328047491, 1.113657213811832, -0.5082072119586787, 0.1809838244071214, 0.4363323129985824, 0.6386824028026307, 0.5712188390432382, 0.4662261107015431]
      time_from_start: 0
    - time_from_start: 0
      positions: [-1.348046330917729, -0.3498660360681353, -0.6486091150127595, 1.742189108545273, 0.1519145294445511, 0.54278796203628, 0.4462487581905376, -0.3207735266687383, -0.08853390122770713, 0.1519162049708369, 0.8878570064489761, 1.024991722554326, 1.231940220362813]
    - time_from_start: 0
      positions: [-0.6677561347852013, -1.449058970814173, 0.7113103010739517, 1.813523375975346, 0.3294563127381591, 1.016351972010564, 1.663484238529842, -0.5235987755982987, -0.2435132712608768, 0.3175745464117501, 1.487820070822164, 1.057080057610874, 1.283513693118322]