joint_trajectory:
  points:
    - time_from_start: 0
      positions: [-2.721121591422634, 0.892836188095639, 1.440875430597468, 0.3327245441937913, -1.204733451533213, 1.262690760710692, 0.8483623166768687, -0.5235985260815462, 0.5644184387016673, 0.4342271408688696, 1.05076325439828, 2.244953237878373e-08, 0.4984014857611649]
    - positions: [1.534541509380989, 1.549516131594143, -2.716653490287308, 1.044833674590694, -1.44206628114132, 0.8165922849810289, -0.4545108533734056, -0.103816302446843, 0.2967923931505735, 0.131137489965247, 0.537436896134875, 0.6304218394589637, 0.6716767663802252]
      time_from_start: 0
    - time_from_start: 0
      positions: [2.277501445690925, 1.57079632679, -2.96705972839, 1.069205565302696, -2.543380090108738, 1.027322258122377, -1.075400395996199, -0.007679140965125145, 0.4510807270814677, 0.2408238878773225, 0.4870625958003088, 0.6916620553400886, 0.7242215465555256]
  joint_names: [kuka_arm_0_joint, kuka_arm_1_joint, kuka_arm_2_joint, kuka_arm_3_joint, kuka_arm_4_joint, kuka_arm_5_joint, kuka_arm_6_joint, WRJ2, WRJ1, FFJ4, FFJ3, FFJ2, FFJ1]