joint_trajectory:
  points:
    - time_from_start: 0
      positions: [-2.795630857063311, 0.9393256188600126, 1.033092344442677, 0.1960697985741316, -0.7087633643748025, 1.091182244934009, 0.8134840062945244, -0.5235987755982988, 0.07376726469709194, 0.4363323129985824, 1.478848733776111, 0.1286303174298057, 0.3834164650196837]
    - time_from_start: 0
      positions: [-1.043077764223683, 0.5810554968819994, 0.111564633551591, 0.1471632256686175, -0.7981302361821041, 0.6959162311327094, -0.2639903736562821, -0.4433098689864892, -0.07258511591757548, 0.2982139100684301, 1.149954888755018, 0.7170223986198825, 0.5616894759659121]
    - positions: [0.03186932905366854, 0.7031488387602626, 0.2066456594586576, -0.408371658789102, -1.103319558541828, 0.3831067812650295, -0.5194744177836653, -0.4036551327702466, -0.1383936535413042, 0.2739114353748971, 0.8213446701436872, 1.041520884117849, 0.8042157782259527]
      time_from_start: 0
    - positions: [1.848922645420305, 1.57079632679, 0.9361203563617138, -1.605287080102605, -1.100664958877642, 0.05222839248899197, -0.01382241838978938, -0.4486303018767449, -0.03163511853557986, 0.3691588712867704, 0.308081665778031, 1.326708553096678, 1.153391118174139]
      time_from_start: 0
  joint_names: [kuka_arm_0_joint, kuka_arm_1_joint, kuka_arm_2_joint, kuka_arm_3_joint, kuka_arm_4_joint, kuka_arm_5_joint, kuka_arm_6_joint, WRJ2, WRJ1, FFJ4, FFJ3, FFJ2, FFJ1]