joint_trajectory:
  points:
    - time_from_start: 0
      positions: [0.2633309428739345, -0.9336349054256496, 1.443656854967519, 0.1707837224000824, 2.3990972790062, 0.6412485836905841, 1.02104960447452, -0.3329502339961909, -0.2111244396165456, 0.4363323129985824, 0.400919215054609, 1.380467012823774, 0]
    - positions: [0.8335870866583482, -0.5880921184341916, 0.5435866250640267, 0.2578928788731663, 1.968323112295262, 0.4397444775116543, 0.5367674069752633, -0.3182047499323978, -0.2953732512654667, 0.3771040609318405, 0.5755085693621542, 1.141806841290363, 0.2359336282177101]
      time_from_start: 0
    - time_from_start: 0
      positions: [1.102905064297713, 1.016202194366993, -2.770468317970848, 0.844139179894546, -2.181361848676855, 0.06651208387058294, -0.2076914780962035, 0.1309056821109126, 0.2493044599690142, -0.05287988688472342, 0.06386918581886729, 1.426722575010579, 0.9127863287250103]
    - time_from_start: 0
      positions: [2.091049200412419, 1.570796325826473, -2.380613735127348, 1.566451142705693, -2.883776735289792, -0.1126051623984904, -1.014537400308592, -0.4171571381853343, 0.5801382155053114, 0.3204725058095163, 0.4245087037076764, 1.175541468327305, 0.5450148156805336]
  joint_names: [kuka_arm_0_joint, kuka_arm_1_joint, kuka_arm_2_joint, kuka_arm_3_joint, kuka_arm_4_joint, kuka_arm_5_joint, kuka_arm_6_joint, WRJ2, WRJ1, FFJ4, FFJ3, FFJ2, FFJ1]