joint_trajectory:
  points:
    - time_from_start: 0
      positions: [-2.56033167875229, 0.9265391128752587, -1.287046298698566, -0.2167273115489989, -1.500270453970406, -0.6897058443069889, -2.097880961937494, -0.4973071703408001, -0.0453662682858471, 0.4363323129985824, 0.9625083793265657, 0.2037157910805433, 0.5627385044871608]
    - positions: [-1.629688836721904, -0.5139200257102954, 1.522488138646041, 0.6604326230858013, -2.130372586736713, -0.4862514811852992, -1.586948945043391, -0.3864927634168466, -0.2981237110015846, -0.08270477202064447, 0.9625389483734543, 0.6862650415543019, 1.078941848495398]
      time_from_start: 0
    - positions: [-0.3829505107147408, 0.1969101391027728, 0.6885730283650182, -1.072367444909683, -0.08436344885721381, -0.7919408778391525, -2.432747234527476, -0.1719480646864426, -0.7204273138626831, 0.1145581182435456, 1.275862275935292, 0.5782983664806821, 0.7973511835262295]
      time_from_start: 0
    - time_from_start: 0
      positions: [2.121518171368586, 1.57079632679, -2.528346759148233, 1.609693796666073, -1.947296770501586, 0.4087842658237357, -1.814725432973163, -0.3363021421480766, 0.08611116474017037, 0.3228034971569837, 0.6168214427363594, 0.8474044958519501, 0.7390829885670734]
  joint_names: [kuka_arm_0_joint, kuka_arm_1_joint, kuka_arm_2_joint, kuka_arm_3_joint, kuka_arm_4_joint, kuka_arm_5_joint, kuka_arm_6_joint, WRJ2, WRJ1, FFJ4, FFJ3, FFJ2, FFJ1]