joint_trajectory:
  joint_names: [kuka_arm_0_joint, kuka_arm_1_joint, kuka_arm_2_joint, kuka_arm_3_joint, kuka_arm_4_joint, kuka_arm_5_joint, kuka_arm_6_joint, WRJ2, WRJ1, FFJ4, FFJ3, FFJ2, FFJ1]
  points:
    - time_from_start: 0
      positions: [-2.807133285242899, 0.8031061371983635, -0.1790127883616855, -0.2738100790697126, 0.6516086760158104, 0.735102193895418, 1.056631009428539, -0.5235987755982988, 0.2232977374061864, 0.4363323129985824, 0.2473113598028849, 0.3829702407537774, 0.8841459788570027]
    - time_from_start: 0
      positions: [-1.127707731861979, -0.3052270682173068, -1.445696822036623, -1.885453618034062, 1.03725210102252, 1.604098046602277, 1.983256210317396, -0.3329565098995378, -0.5524152335194379, -0.1659144714354464, 0.05092312832967969, 1.249959434783782, 0.02744723425882051]
    - positions: [0.9678006842674876, 1.101586633204361, -1.231725949184269, 1.673527005449841, -2.917978481988293, -1.181507945470123, 1.335482835290906, -0.1001398097774099, -0.2585737912737577, 0.3871725804730033, 0.5671218219384895, 0.8152137420648642, 0.9175782370880728]
      time_from_start: 0
    - time_from_start: 0
      positions: [-0.8700539002132838, -1.48810824859091, -2.237610072943315, -1.820849156846598, 0.2586425508866806, -0.9932950315401008, -1.697048825745386, -0.5235987656762895, -0.1407626693539167, 0.3789003416662218, 1.22893974680582, 0.9420317922380883, 1.57079632679]