joint_trajectory:
  joint_names: [kuka_arm_0_joint, kuka_arm_1_joint, kuka_arm_2_joint, kuka_arm_3_joint, kuka_arm_4_joint, kuka_arm_5_joint, kuka_arm_6_joint, WRJ2, WRJ1, FFJ4, FFJ3, FFJ2, FFJ1]
  points:
    - positions: [-2.91106181050212, 0.9583613027215593, 2.96705972839, 0.03675608966237284, 0.6464683857349536, -0.901147217125789, -2.092816071279064, -0.5229725280712204, 0.3444113845548941, 0.4363323129985824, 1.095123103484723, 0, 0.3965906395349664]
      time_from_start: 0
    - time_from_start: 0
      positions: [1.852288625728594, 1.119194224747818, 0.107423068871204, -1.036803982407069, 0.7664887120148827, 1.00423858532723, -0.8540382279042938, -0.2580529842659421, -0.6135283501444372, 0.2146388412779355, 0.5356762299038342, 1.063924558756921, 1.060606137313226]
    - time_from_start: 0
      positions: [2.345038735342672, 1.57079632679, 0.341221473615399, -1.205590108608603, 1.264912559461199, 1.257238846492619, -1.504513516573638, -0.3411935462777633, -0.7000170714085152, 0.4068784385195102, 0.3219943540393398, 1.232853232550849, 0.9590935980139845]