joint_trajectory:
  points:
    - time_from_start: 0
      positions: [-2.526970165901963, 0.875223212936981, 1.559294825008344, 0.431519194714211, 2.144254617578919, -0.7736886022420202, -2.434813814219156, -0.5220281201961429, -0.3903420161816077, 0.4363323129985824, 0.7485197792126643, 0.5258704209400062, 0.7538014326957446]
    - positions: [-1.477485419463257, 0.6172279792035258, 0.495764270187136, 0.3816662683670268, 1.470514055632071, -0.7285761865751128, -1.389169964256266, -0.4102313191563275, -0.2971895883176007, 0.3662106077569799, 0.6559416586751152, 0.5766467269353447, 0.678811387349505]
      time_from_start: 0
    - positions: [-1.537087645120411, -0.3056960405937611, -0.7683354609799684, 1.223810165732126, 0.01910056177175776, 0.3131575167135526, 1.598904519774055, -0.04792776276945089, 0.2374520382025867, 0.2289531621461335, 0.2436581965364503, 1.279094100607217, 0.8375404127522035]
      time_from_start: 0
    - positions: [-1.389387457488014, -1.57079632679, 0.9146832283842076, 1.908147201673058, 0.6903257989553661, 0.6732241432597555, 1.286605861806327, -0.1705493042348858, 0.6108652328803102, 0.4357253504498629, 0.2374412541913917, 1.57079632679, 0.7483592189271798]
      time_from_start: 0
  joint_names: [kuka_arm_0_joint, kuka_arm_1_joint, kuka_arm_2_joint, kuka_arm_3_joint, kuka_arm_4_joint, kuka_arm_5_joint, kuka_arm_6_joint, WRJ2, WRJ1, FFJ4, FFJ3, FFJ2, FFJ1]