joint_trajectory:
  points:
    - positions: [-2.852372660304265, 0.8195328864966207, -2.70402692137568, 0.1961531844525636, 2.96705972839, 1.035718953956093, 1.162091119819025, -0.5204939529807269, 0.574146490474556, 0.4363323129985824, 0.2878957466425832, 0.2442490618182614, 0.9493962738197628]
      time_from_start: 0
    - time_from_start: 0
      positions: [-1.491534195813748, -0.6046258694723429, -0.8552287807536423, 1.172311494170314, -1.668097081715443, -0.04480075183497367, 0.4271834787912888, -0.2776924501037847, 0.08054975439456362, 0.08494826753706564, 0.6587948820439107, 0.9250705242496962, 0.48211086346839]
    - time_from_start: 0
      positions: [-0.7453367487655973, -1.093749764698673, -0.5113998797090469, 1.65667035902131, -0.727917317252897, 0.5580711627309076, -1.825658333191501, -0.4379465637399733, 0.3917004423157909, 0.3498646189196075, 0.3921304481319483, 1.312886047629145, 0.7168256633677429]
    - positions: [-0.306331106563265, -1.211622236272119, -0.1178297564197484, 1.921588937891072, -0.2250206387739281, 0.8834702228825775, -2.96705972839, -0.5235987755982987, 0.6059606309507347, 0.4363323129985822, 0.2505920815398223, 1.535316490298588, 0.7615959048284443]
      time_from_start: 0
  joint_names: [kuka_arm_0_joint, kuka_arm_1_joint, kuka_arm_2_joint, kuka_arm_3_joint, kuka_arm_4_joint, kuka_arm_5_joint, kuka_arm_6_joint, WRJ2, WRJ1, FFJ4, FFJ3, FFJ2, FFJ1]