joint_trajectory:
  joint_names: [kuka_arm_0_joint, kuka_arm_1_joint, kuka_arm_2_joint, kuka_arm_3_joint, kuka_arm_4_joint, kuka_arm_5_joint, kuka_arm_6_joint, WRJ2, WRJ1, FFJ4, FFJ3, FFJ2, FFJ1]
  points:
    - time_from_start: 0
      positions: [-2.588893712698162, 0.8480033633649022, 2.260477533074922, 0.2856941573965454, -1.75609920489001, 0.5804794761695503, 0.8733309007872629, -0.5129345779635215, -0.2936089117012891, 0.4363322956752306, 1.084458005649591, 0.08823723206514265, 0.7503574990869273]
    - positions: [-0.2791788216257267, 0.6730719359034174, 1.016607397619533, -1.110892887649602, 0.3249658694406042, -0.5368079012414895, 0.7255847262344339, -0.4955612463365017, -0.2246720930697286, 0.1849254364229257, 0.7860097205371989, 0.7725042749412273, 0.8515305126001038]
      time_from_start: 0
    - time_from_start: 0
      positions: [1.701703660229249, 1.359643596000081, 0.8080298546864702, -1.718145395814511, -0.0440127538359819, -0.5830803582052405, -0.4387763128012488, -0.5173945152711432, -0.05044957568250896, 0.3681045044309372, 0.7829981148306789, 0.9836867851624785, 1.044295099302019]
    - time_from_start: 0
      positions: [2.151912788298281, 1.511153439861998, 0.8014582504921612, -1.822651638335665, -0.2603462658392116, -0.5526349566622594, -0.6984609383880662, -0.5235987755982986, -0.01992039804377722, 0.4363323129985823, 0.7775349317908693, 1.000812360841984, 1.102410458439713]