joint_trajectory:
  joint_names: [kuka_arm_0_joint, kuka_arm_1_joint, kuka_arm_2_joint, kuka_arm_3_joint, kuka_arm_4_joint, kuka_arm_5_joint, kuka_arm_6_joint, WRJ2, WRJ1, FFJ4, FFJ3, FFJ2, FFJ1]
  points:
    - positions: [-2.94259549550733, 1.372337321230592, 2.960225290941492, -0.9888608456580238, 0.5147099424350845, -0.9919178491905818, -1.562159576302285, -0.5062853723393091, -0.2659373428465598, 0.4331125569318073, 0.695560014709903, 0.2738901156183445, 0.7183643567707104]
      time_from_start: 0
    - time_from_start: 0
      positions: [0.2609507261233132, 1.042460360663563, 0.5958343699595823, -1.202984927703362, -1.580439896828681, -0.2492812203081018, 0.1345490185480369, -0.3151595790854002, 0.1349518194447282, 0.1577199397065996, 0.5321039233414766, 0.5480351697357942, 0.6689027700769855]
    - positions: [2.290272362671615, 1.57079632679, 0.08764971791417356, -1.173224433624066, -1.819603498391204, -0.9965070280065249, 1.71152135205661, -0.4983678697153854, 0.6102830772481014, 0.2806701934598729, 0.4282756724062916, 0.5554174176335213, 0.6027403508534437]
      time_from_start: 0