joint_trajectory:
  joint_names: [kuka_arm_0_joint, kuka_arm_1_joint, kuka_arm_2_joint, kuka_arm_3_joint, kuka_arm_4_joint, kuka_arm_5_joint, kuka_arm_6_joint, WRJ2, WRJ1, FFJ4, FFJ3, FFJ2, FFJ1]
  points:
    - time_from_start: 0
      positions: [-2.674185949612603, 1.007250401547879, 0.6730025732444666, 0.1720821034655637, 2.96705972839, -0.6411481778085696, -2.144759486599551, -0.5235740094784694, -0.4372896566495789, 0.4363323129985824, 0.6514207033777833, 0.7747338958815709, 0.5742996730130355]
    - time_from_start: 0
      positions: [1.146661093121558, 1.302219364091469, -2.232786549713956, 1.665893419407573, 1.996557991803126, -0.3978744284857113, -0.1364978346515646, -0.08853105482994625, 0.423365592795275, 0.1563947584996317, 0.8825818123218753, 0.7664964979021549, 0.8460951447660685]
    - positions: [-1.685611453737332, 1.213319065685452, -1.734218490611072, 1.405184019217295, -1.398520381692654, 1.017817343755135, 1.636768956947806, -0.225632865343717, 0.4056460351119366, -0.2426083735490734, 0.2993493910684794, 1.335801943314273, 0.07630736611928016]
      time_from_start: 0
    - time_from_start: 0
      positions: [2.503422860337618, 1.570720020062417, -2.967030578439693, 1.357087258950808, 1.549051629717653, -0.8143166709024472, 1.556952150174272, -0.2657018396959962, 0.4655938713947839, 0.434436084525182, 0.3496166571281957, 0.6254195651670681, 0.7643000381886332]