joint_trajectory:
  points:
    - positions: [-2.785710392900271, 0.5468583674651699, 2.96705972839, 0.5405694923153822, 0.1416314716472787, -1.13957652827896, -2.357762190669122, -0.5235987755982988, 0.5807811794730656, 0.4363323129985824, 0.9521749147053001, 0.7783399042068317, 0.2300091043526746]
      time_from_start: 0
    - positions: [1.310157806022106, 0.5912465267606328, 0.6470642375160023, 0.279128939815553, -1.116430750719658, -0.9404410519862892, 1.840245061364582, 0.09101697688845278, -0.7572225016308984, 0.09938793266823415, 0.9306653822658735, 0.579697889736439, 0.6513714134661697]
      time_from_start: 0
    - positions: [-2.693257367658882, -0.4809139305997678, -2.895343494522911, 0.927477677189505, 2.440504150721154, -0.7812950635948477, -0.5260203450326713, -0.1950095849357721, -0.5715670122253547, -0.2863914442738372, 1.556803618497578, 0.9217897434399182, 0.9624467479615088]
      time_from_start: 0
    - positions: [2.192869053807071, 1.57079632679, -2.96705972839, 1.381520746582862, -1.620637613807471, 1.287006251003154, -1.711278629955631, -0.5235987755982987, -0.2499242604389086, 0.4362920081154479, 0.5953956605089167, 0.2957215174844534, 1.250136914266144]
      time_from_start: 0
  joint_names: [kuka_arm_0_joint, kuka_arm_1_joint, kuka_arm_2_joint, kuka_arm_3_joint, kuka_arm_4_joint, kuka_arm_5_joint, kuka_arm_6_joint, WRJ2, WRJ1, FFJ4, FFJ3, FFJ2, FFJ1]