joint_trajectory:
  joint_names: [kuka_arm_0_joint, kuka_arm_1_joint, kuka_arm_2_joint, kuka_arm_3_joint, kuka_arm_4_joint, kuka_arm_5_joint, kuka_arm_6_joint, WRJ2, WRJ1, FFJ4, FFJ3, FFJ2, FFJ1]
  points:
    - time_from_start: 0
      positions: [2.96705972839, 0.6201851206740729, 0.8141326374059877, -0.6142609075920303, 0.1786255986364016, 0.5608609879329233, 0.7302033173366432, -0.5198709816922115, -0.3362362921110213, 0.4339756906779161, 0.4234266106822544, 0.7918375604679336, 0.8651143854556376]
    - positions: [1.131619655844867, -0.1716972813542581, -0.2793761519673947, -1.233606442356089, 0.7817374458612717, 1.293694667189873, 1.862378380002344, 0.02864205565467981, -0.5289243691743256, -0.2439300881339498, 0.3352184889088393, 0.8612993805381515, 1.16322290153929]
      time_from_start: 0
    - time_from_start: 0
      positions: [0.7397595539468524, 0.3963329165365811, -0.3967418228710164, -1.135804748256211, 0.6831332363188461, 0.7457275477827893, 0.9770707930534208, -0.2303344510515697, 0.09925276938270669, 0.03216225184148865, 0.953321230796521, 1.193028669115519, 0.7718188744009917]
    - time_from_start: 0
      positions: [1.731649851602414, 1.57079632679, 0.9301360837727514, -1.771026379471043, 1.778797301718039, -0.04680633991638681, 2.96705972839, -0.5166179395046311, -0.7853981633974483, 0.4363323129985822, 1.570779484774989, 0.9142340780452017, 1.234488363192708]