joint_trajectory:
  points:
    - time_from_start: 0
      positions: [-2.801317719816093, 0.8076446540752775, -0.9068853185330311, -0.3029729165454144, 1.560058667263807, 0.8062608249262975, 0.7519931358761404, -0.5197275634634568, -0.09321540159394472, 0.436332312185326, 0.6803753990344406, 0.5426904531036386, 0.5830954997485408]
    - positions: [-2.497004022755863, 0.3411295986534101, -0.5018049249142342, -0.3741841781018844, 1.077658122385531, 0.8847767598635321, 1.100518744088226, -0.3976326887654779, -0.06939737990662723, 0.3193450753466396, 0.5801613761480983, 0.5652937753244466, 0.6746370730657593]
      time_from_start: 0
    - positions: [-2.140671512541009, -0.7766967273910051, 0.4406160685668414, 1.956554896975234, 0.6837666216623792, -0.6419921962986349, 2.906033738072241, -0.2927101018636692, 0.02943888047483822, 0.2580379982993218, 1.519295238294533, 0.08016399304897417, 0.7734153681263738]
      time_from_start: 0
    - positions: [-0.4796181814217069, -1.270786794895149, 0.07980380218721785, 1.662375397407426, -0.9321578781600443, 0.652391200566255, -2.922956004193902, -0.5235987755982986, -0.7841510204968244, 0.4363323129985823, 1.554877977267692, 1.434216318332656, 0.8430609702577421]
      time_from_start: 0
  joint_names: [kuka_arm_0_joint, kuka_arm_1_joint, kuka_arm_2_joint, kuka_arm_3_joint, kuka_arm_4_joint, kuka_arm_5_joint, kuka_arm_6_joint, WRJ2, WRJ1, FFJ4, FFJ3, FFJ2, FFJ1]