joint_trajectory:
  joint_names: [kuka_arm_0_joint, kuka_arm_1_joint, kuka_arm_2_joint, kuka_arm_3_joint, kuka_arm_4_joint, kuka_arm_5_joint, kuka_arm_6_joint, WRJ2, WRJ1, FFJ4, FFJ3, FFJ2, FFJ1]
  points:
    - time_from_start: 0
      positions: [0.3434846529725908, -0.7680103476550612, -0.1588480393278289, 0.3825208791220443, 0.6416673596804489, -0.7087292148271389, -2.108599673047179, -0.5215260652868891, 0.3092364123469103, 0.4363323129985824, 0.2716444323088826, 0.0159738515286971, 1.162205108910397]
    - positions: [-0.7165920701794271, -0.4889289246159007, -0.9257448440814745, 0.8894894984962329, -0.4590012626563279, -0.02504022277480092, -2.253787250859193, -0.3344748602854538, -0.0768722206085331, 0.169358095231307, 0.5659443907913629, 0.4051319556705307, 0.8179205341353251]
      time_from_start: 0
    - time_from_start: 0
      positions: [-0.9630954883279387, -1.191967233501254, -0.3581394526272957, 1.096193176761728, -1.374092834042383, 0.5240397783101652, -1.697433150986563, -0.4089688618974097, 0.3596759988008853, 0.3586883621925973, 0.6970139405298622, 0.6058783349130261, 0.767740271869664]
    - time_from_start: 0
      positions: [-0.6448490749829144, -1.570796321731138, 0.04483406212864828, 1.286008464436366, -1.333581877964067, 0.9642298383173544, -1.658513197595109, -0.5072163553649712, 0.462231148064601, 0.431692331359354, 0.5589588545925754, 0.4514527876579763, 0.7236823389849433]