joint_trajectory:
  points:
    - time_from_start: 0
      positions: [-2.409139930803791, 0.8550080259699079, 1.987537387268508, 0.4562904494983583, 1.373004377916972, -0.7643070422211713, -2.124079843235743, -0.5203416533173331, 0.2818995157295882, 0.4363323129985824, 0.2358015086611154, 0.8107882069237607, 0.4928465312289153]
    - positions: [-2.404427635746276, 0.8524708296404147, 1.983468682983369, 0.454541522650466, 1.373189562649056, -0.7644225087264797, -2.11372663729414, -0.5197640694978793, 0.2814951090599008, 0.4353135930660736, 0.2384233725710934, 0.8111566431523651, 0.4920223060810249]
      time_from_start: 0
    - positions: [-1.176020441038975, 0.3712747134462961, 1.071902980997672, 0.006741768457393701, 1.105666432641697, -0.7410114110640245, -0.3173568515292507, -0.4083379790223978, 0.1980615620927598, 0.1981824059162895, 0.7065610204527871, 0.9261113799682761, 0.4140905563326153]
      time_from_start: 0
    - positions: [1.996011122017317, 1.565055247347525, 0.6545767979360377, -1.674979257144971, 1.447663606633063, 0.6844349112792956, -2.071797231797452, -0.5235987755982987, -0.2463477622188524, 0.4363323129985823, 0.2759105906079807, 1.039029477724004, 1.019933478425399]
      time_from_start: 0
  joint_names: [kuka_arm_0_joint, kuka_arm_1_joint, kuka_arm_2_joint, kuka_arm_3_joint, kuka_arm_4_joint, kuka_arm_5_joint, kuka_arm_6_joint, WRJ2, WRJ1, FFJ4, FFJ3, FFJ2, FFJ1]