joint_trajectory:
  joint_names: [kuka_arm_0_joint, kuka_arm_1_joint, kuka_arm_2_joint, kuka_arm_3_joint, kuka_arm_4_joint, kuka_arm_5_joint, kuka_arm_6_joint, WRJ2, WRJ1, FFJ4, FFJ3, FFJ2, FFJ1]
  points:
    - time_from_start: 0
      positions: [-2.837320447816113, 0.9209923885954687, -2.96705972839, 0.02357938530108323, 0.2525435981584471, -0.8388667710667169, -2.073394033817666, -0.5138878219049229, 0.08648289376970331, 0.4267851184900987, 0.8751814448311931, 0.1930668186513333, 0.6352729013571986]
    - time_from_start: 0
      positions: [0.463434197100179, 0.8636207093904208, -0.5795276274762255, -0.750728761748809, 1.494191296425442, -0.04542488034990619, 1.519962577792578, -0.1824009103973251, 0.4649548725802549, 0.2960027194275219, 0.6357951062678009, 0.44170285379451, 0.6280235986301816]
    - positions: [1.8795990403034, 1.57079632679, 0.7536123896776575, -1.566571810363802, 2.481118342392098, -0.2607588257137465, 2.96705972839, -0.142577394418161, 0.5706731798406027, 0.4085623773589713, 0.4963388515611783, 0.7319302965023791, 0.8540457025974307]
      time_from_start: 0