joint_trajectory:
  joint_names: [kuka_arm_0_joint, kuka_arm_1_joint, kuka_arm_2_joint, kuka_arm_3_joint, kuka_arm_4_joint, kuka_arm_5_joint, kuka_arm_6_joint, WRJ2, WRJ1, FFJ4, FFJ3, FFJ2, FFJ1]
  points:
    - time_from_start: 0
      positions: [-0.03228264618986681, -0.5276974374098184, 0.4844393817957313, 0.813670444085685, 0.2008653922348553, -0.7166103471396934, -2.128311425806836, -0.5223869839656904, 0.6082433619006011, 0.435614805804018, 0.5954335487355253, 0.7065503733981409, 0.003929180035235687]
    - positions: [-0.8295334889228767, 0.1314057533173073, -1.249996686100673, 1.095034332812982, -1.197498923869879, -0.6930882954726645, -1.800808037124727, -0.2493730948509622, 0.07472845106821979, 0.3703239944697169, 0.6926748211977772, 0.8283490959831616, 0.8283581705186505]
      time_from_start: 0
    - time_from_start: 0
      positions: [-0.8764928836935221, -1.229107193698568, -0.7517133790251442, 1.364166542436174, 0.05548742189068928, -0.7099153796528097, 0.4279845839203895, -0.2577824084328913, -0.6082030511547868, 0.399129774703596, 1.122397674284267, 1.110291158968681, 0.8953869149142508]
    - time_from_start: 0
      positions: [-0.9326368153569627, -1.213368378407785, 0.4341534878010649, 1.750201421928565, 1.930397376980232, -0.4771049964685015, 0.3205008461828439, -0.5235987755982987, -0.5096111454000214, 0.4032549177577668, 0.8833773914808969, 1.327981769479637, 1.180064822026232]