joint_trajectory:
  points:
    - positions: [0, 0, 0, 0, 0, 0, 0, 0, 0, 0, 0, 0, 0, 0, 0, 0, 0, 0, 0, 0, 0, 0, 0, 0, 0, 0, 0, 0, 0, 0, 0]
      time_from_start: 0
    - time_from_start: 0
      positions: [-2.67747384095958, -0.8297576197385589, -2.101820858552475, -0.02609993022967405, 2.468935536257082, -0.9736678687220853, -1.035436178941442, -0.09217694283870637, 0.09609613710856157, 0.2110813551793547, 0.687854616155031, 1.364479210431752, 0.4837613602009169, -0.1022240112670697, 0.1016928692888468, -0.06255040412759408, 0.2926660365941934, 0.5549433862594887, 0.1568177120541427, -0.2765419640859922, 0.445995190059887, 0.7922522158423461, 0.756906489379646, 0.03476313356055666, 0.888844415752026, 1.220767118463866, 0.9723042619265019, 0.2648782527471852, 0.3568439938578558, 1.399040989085596, 1.388629077810589]
    - time_from_start: 0
      positions: [-2.321975841246009, 1.35039465045096, -0.674696319054229, -1.073144139623815, -1.788306239390161, 1.086870932272618, 2.426563333845536, -0.0001430286912784744, -0.5247564645108688, 0.4363323129985823, 0.4771846145412529, 0.2050836216737261, 0.2793281846016863, 0.2911198039769839, 1.150075220912, 0.2471297865421296, -0.3851751702963, 0.6622113830165882, 0.09659536071757246, -0.4363323129985823, 0.1504319515691252, 0.1374814171222903, 0.6009074650979466, 0.4360860626850667, 0.1753549002504611, 0.2971246846777123, 0.5022187269859073, -0.4363323129985823, 0.4274924785874232, 0.1950682292475352, 0.3616208303644334]
  joint_names: [kuka_arm_0_joint, kuka_arm_1_joint, kuka_arm_2_joint, kuka_arm_3_joint, kuka_arm_4_joint, kuka_arm_5_joint, kuka_arm_6_joint, WRJ2, WRJ1, FFJ4, FFJ3, FFJ2, FFJ1, KTHJ5, THJ4, THJ3, THJ2, THJ1, LFJ5, LFJ4, LFJ3, LFJ2, LFJ1, MFJ4, MFJ3, MFJ2, MFJ1, RFJ4, RFJ3, RFJ2, RFJ1]