joint_trajectory:
  joint_names: [kuka_arm_0_joint, kuka_arm_1_joint, kuka_arm_2_joint, kuka_arm_3_joint, kuka_arm_4_joint, kuka_arm_5_joint, kuka_arm_6_joint, WRJ2, WRJ1, FFJ4, FFJ3, FFJ2, FFJ1, KTHJ5, THJ4, THJ3, THJ2, THJ1, LFJ5, LFJ4, LFJ3, LFJ2, LFJ1, MFJ4, MFJ3, MFJ2, MFJ1, RFJ4, RFJ3, RFJ2, RFJ1]
  points:
    - time_from_start: 0
      positions: [0, 0, 0, 0, 0, 0, 0, 0, 0, 0, 0, 0, 0, 0, 0, 0, 0, 0, 0, 0, 0, 0, 0, 0, 0, 0, 0, 0, 0, 0, 0]
    - positions: [1.161627088124709, -0.2464766416892634, -1.269163057522159, -1.314063008697785, 2.475209975156774, -0.3750356483748318, 1.210385057263796, -0.2143741107790168, -0.691493852728843, -0.01053272652716264, 0.278772397177011, 1.166570886847735, 1.457217795925793, -0.6278390678060241, 1.283179918285459, -0.1267674733928405, 0.04379507580213249, 1.099570984547259, 0.2271078219384049, -0.2907358641696973, 0.9772112815921233, 0.9802080674488453, 1.361327477412288, -0.004415978127341291, 1.368581745478791, 0.8859801260200135, 0.1408274453650714, -0.2198211246353569, 1.154800964811847, 0.4949624762808984, 0.4660373048943546]
      time_from_start: 0
    - time_from_start: 0
      positions: [0.7992267027930958, -1.315748647583842, 2.525124829104148, -1.058434213125144, -1.814590787837918, 0.9818997102071058, 2.362389068417177, 0.08474175588131089, -0.652411829433426, 0.4363040226753175, 0.01711604535605516, 0.3801417323950028, 0.6291066608599842, 0.5381358781411248, 1.128724030703597, 0.221438064980735, -0.4794027130614766, 0.4516546382296501, 0.0001469913522523964, -0.4361385275524578, 0.2517420569457958, 0.1306313067740328, 0.6559907831528567, 0.4363303170538308, 0.3417001259802878, 0.05250170107346337, 0.6380795484661937, -0.4363297641186907, 0.2466199939603361, 0.03361801560750538, 0.7582482893359482]