joint_trajectory:
  joint_names: [kuka_arm_0_joint, kuka_arm_1_joint, kuka_arm_2_joint, kuka_arm_3_joint, kuka_arm_4_joint, kuka_arm_5_joint, kuka_arm_6_joint, WRJ2, WRJ1, FFJ4, FFJ3, FFJ2, FFJ1, KTHJ5, THJ4, THJ3, THJ2, THJ1, LFJ5, LFJ4, LFJ3, LFJ2, LFJ1, MFJ4, MFJ3, MFJ2, MFJ1, RFJ4, RFJ3, RFJ2, RFJ1]
  points:
    - time_from_start: 0
      positions: [0, 0, 0, 0, 0, 0, 0, 0, 0, 0, 0, 0, 0, 0, 0, 0, 0, 0, 0, 0, 0, 0, 0, 0, 0, 0, 0, 0, 0, 0, 0]
    - time_from_start: 0
      positions: [1.005388445778465, -0.6150320745069526, -2.66316041616132, 1.663223486164064, -1.444786210310434, -0.9668274231180067, -0.6806639557686531, -0.1463372572154168, -0.619155102437469, 0.4356361822114647, 0.6758051410803518, 0.9775228334037916, 0.9148088614810428, -0.5620195144750177, 0.2445084226324689, -0.104504213568382, -0.2168800309424289, 1.565321331277024, 0.510396976816738, -0.240386364142669, 0.2089715340339617, 0.5674572163890136, 0.5969109411747836, 0.1048537753774431, 0.112594192171124, 0.9068422547142043, 0.1773535236227292, 0.3387974810114933, 1.104719784969842, 0.1551129296470735, 0.6055131412280602]
    - time_from_start: 0
      positions: [0.6505121939653847, -0.7832983864987434, -0.5701258540158753, 0.7095664427225514, -2.40747703740813, -0.6604561539641924, -0.9177793764896215, -0.4953479654198472, -0.7609636577689657, 0.4363323129985822, 0.4103065935488963, 0.02736527989321226, 0.5958371554748233, 0.4374434364129995, 1.29238435960028, 0.09222442970126193, -0.4915103999951661, 0.5730630612534535, 0.03498826895824461, -0.4354554494964548, 0.3186192840718823, 0.2209691774769264, 0.4412315608689084, 0.4334717435946745, 0.6125766264551694, 0.2256817595011145, 0.1825462885418899, -0.4363323129985822, 0.3061065900105845, 0.4359105715430246, 0.2848138955767957]