joint_trajectory:
  points:
    - time_from_start: 0
      positions: [0, 0, 0, 0, 0, 0, 0, 0, 0, 0, 0, 0, 0, 0, 0, 0, 0, 0, 0, 0, 0, 0, 0, 0, 0, 0, 0, 0, 0, 0, 0]
    - time_from_start: 0
      positions: [1.947580390019799, 0.5648347938754854, 0.9306903108447073, -1.499759801759315, 0.447794384867121, -0.4431390254220506, -0.57690496794992, 0.009460646310301237, -0.4661545557815641, 0.2287388023389252, 0.3465881179546375, 0.5788729443251605, 0.8112301695543072, 0.22733387512403, 1.032735970756115, 0.1731914859895858, -0.02969032191583364, 0.4213615265002279, 0.09264130087499961, -0.184399929267726, 0.2273509997993328, 0.6890555976004052, 0.4167570564213425, 0.2504279167697055, 0.3721744078181281, 0.7053423700915431, 0.6326731172816811, -0.1828539449270809, 0.4171302408946739, 0.6797048559688156, 0.3253601142920371]
    - positions: [2.149880490324207, 0.8737594284414452, 1.201611351188998, -1.379374644199036, 0.1732168711437896, -0.5709960326131572, -1.131270929893497, 0.08803714284877454, -0.7438959751216264, 0.3552528376325872, 0.2579259503808097, 0.3612396112992703, 0.6677809341381505, 0.3321501987443936, 1.040269262895811, 0.2227576193040484, -0.1090890230829304, 0.3539491265921774, 0.07489917438952995, -0.3579189016169793, 0.1561324163778179, 0.7350578827509618, 0.3010372540913693, 0.4127854517000144, 0.2415718343512632, 0.5501037200326599, 0.459154036433127, -0.3225898233445178, 0.07481100248329171, 0.6288846944661886, 0.2406826138793004]
      time_from_start: 0
    - time_from_start: 0
      positions: [2.147760935045602, 1.128470973671832, 1.343816255070316, -1.310745639546686, -0.1532142777559363, -0.4676769875849357, -1.27752589300485, 0.1161723238100925, -0.7853981633974482, 0.4363323129985822, 0.1237644393890141, 0.1916705042383525, 0.6014607960415633, 0.5016598251840351, 1.114090566996841, 0.2495339309182692, -0.1149088287751334, 0.2059653767389624, 0.01671244057438665, -0.4363323129985823, 2.288036804137199e-17, 0.7098266849284293, 0.2169885322365271, 0.4363323129985822, 0.08618983821459066, 0.4141199303026753, 0.4377452971937786, -0.4363323129985824, 0.001501904691974797, 0.6993937120853476, 0.2351164207094473]
  joint_names: [kuka_arm_0_joint, kuka_arm_1_joint, kuka_arm_2_joint, kuka_arm_3_joint, kuka_arm_4_joint, kuka_arm_5_joint, kuka_arm_6_joint, WRJ2, WRJ1, FFJ4, FFJ3, FFJ2, FFJ1, KTHJ5, THJ4, THJ3, THJ2, THJ1, LFJ5, LFJ4, LFJ3, LFJ2, LFJ1, MFJ4, MFJ3, MFJ2, MFJ1, RFJ4, RFJ3, RFJ2, RFJ1]