joint_trajectory:
  points:
    - positions: [0, 0, 0, 0, 0, 0, 0, 0, 0, 0, 0, 0, 0, 0, 0, 0, 0, 0, 0, 0, 0, 0, 0, 0, 0, 0, 0, 0, 0, 0, 0]
      time_from_start: 0
    - time_from_start: 0
      positions: [0.1054097906748419, 1.502839223555517, 0.7570984087107271, 1.99538364132728, -0.1483300588521574, 0.3047776653618857, -0.3396687558864051, -0.112535909190104, -0.04237403399082329, -0.01687491202528046, 0.7195637027256651, 1.450551944232049, 1.021201429021056, -1.046183280638885, 0.3632525243307463, 0.06756811283789577, 0.2087529600560666, 1.465165509474929, 0.2368688476379559, -0.1305989434622705, 0.6473046368914714, 1.190107428381947, 0.3259786127395091, 0.1107063699424508, 0.4903512670626827, 1.184931555826096, 1.165982034159659, -0.1278527245886917, 0.4830539310536556, 0.2401038132182548, 1.018109330759905]
    - positions: [0.4468344430817024, -0.646086990925919, 0.2456279417947527, 1.840271844710012, 1.357702708941957, -0.4606297488772135, -1.007804325030485, -0.1655748622366616, -0.1148629671271221, -0.3689657290813877, 0.2498673215303925, 1.476319119115372, 0.3350842149729342, 0.09848557069525121, 0.5627869699762669, -0.002540761587396245, -0.2333822145312093, 1.092952993689571, 0.103293989568008, -0.1226703513125194, 0.4254486742379525, 0.9383123593531396, 0.738643036793595, -0.3399140371840316, 0.1539479703104162, 1.055981232207925, 0.2907220602769781, -0.1147547687713373, 0.8855669595528302, 0.953449833592512, 1.048374662015196]
      time_from_start: 0
    - positions: [-2.418038245213238, 1.175627701881485, -2.176595970642092, -0.5149840419170083, 1.045773376586492, 0.5992637848359731, 0.337541537445314, 0.1120246032346737, -0.7830940637545766, 0.4313119712992881, 0.04594314497592676, 0.8405988723948312, 0.1378246801200491, 0.3405783746342787, 1.20002108471206, 0.1780213950798802, -0.3691754036572349, 0.4906396753501199, 6.764497486997871e-17, -0.4363323129985822, 0.2558381314916709, 0.08661975015413172, 0.7287499968121646, 0.4360021496568339, 0.5572765319718693, 2.307022894621491e-17, 0.5090332672156268, -0.4328123735847479, 0.236782106076451, 0.6052088164018895, 0.2267178903561073]
      time_from_start: 0
  joint_names: [kuka_arm_0_joint, kuka_arm_1_joint, kuka_arm_2_joint, kuka_arm_3_joint, kuka_arm_4_joint, kuka_arm_5_joint, kuka_arm_6_joint, WRJ2, WRJ1, FFJ4, FFJ3, FFJ2, FFJ1, KTHJ5, THJ4, THJ3, THJ2, THJ1, LFJ5, LFJ4, LFJ3, LFJ2, LFJ1, MFJ4, MFJ3, MFJ2, MFJ1, RFJ4, RFJ3, RFJ2, RFJ1]