joint_trajectory:
  points:
    - positions: [0, 0, 0, 0, 0, 0, 0, 0, 0, 0, 0, 0, 0, 0, 0, 0, 0, 0, 0, 0, 0, 0, 0, 0, 0, 0, 0, 0, 0, 0, 0]
      time_from_start: 0
    - positions: [-0.3423246337575532, 0.8715359151264113, -2.384112951617242, 0.2619062490880468, -1.475648170273035, -0.2840461754978532, -2.192765843129132, -0.08109393382435509, 0.261282640595824, -0.2246598982785905, 0.6867437507744609, 1.46855415293053, 1.52693506280958, 0.898123505984433, 0.1213176451621111, -0.002724125143513056, -0.191226363669429, 0.3003550193563569, 0.2274964376737466, -0.3118351726024889, 0.08555399402127568, 0.5980295347858368, 0.3605672399631321, 0.2184454147600901, 0.9158995985717602, 0.1745764665985946, 0.4045458062010903, -0.3284871474939239, 1.420396026448553, 0.4072858089731953, 1.230313351622765]
      time_from_start: 0
    - time_from_start: 0
      positions: [-2.596518137870994, 1.164899500513034, 0.3144443562717686, 0.2015421386926756, 1.329109520223053, -0.952355217987806, -2.427592228729399, 0.09839004751800275, -0.6836595165600858, 0.4363323129985824, 0.7467400534062784, 0.1209889341382348, 0.3522984905900424, 0.1123334893182755, 1.214142362993905, 0.2597333515608968, -0.3255580258801293, 0.5267167982663674, 0.02816489795414255, -0.4362832265478848, 0.5499730768412288, 0.5100274224341578, 0.1388993489944025, 0.4363164089108106, 0.5750140514567398, 0.00898876983339305, 0.6520450244931539, -0.4362312863993252, 0.6227138191140942, 0.2964506214082149, 0.3208864499670209]
  joint_names: [kuka_arm_0_joint, kuka_arm_1_joint, kuka_arm_2_joint, kuka_arm_3_joint, kuka_arm_4_joint, kuka_arm_5_joint, kuka_arm_6_joint, WRJ2, WRJ1, FFJ4, FFJ3, FFJ2, FFJ1, KTHJ5, THJ4, THJ3, THJ2, THJ1, LFJ5, LFJ4, LFJ3, LFJ2, LFJ1, MFJ4, MFJ3, MFJ2, MFJ1, RFJ4, RFJ3, RFJ2, RFJ1]