joint_trajectory:
  points:
    - time_from_start: 0
      positions: [0, 0, 0, 0, 0, 0, 0, 0, 0, 0, 0, 0, 0, 0, 0, 0, 0, 0, 0, 0, 0, 0, 0, 0, 0, 0, 0, 0, 0, 0, 0]
    - positions: [-2.088045963339719, 1.159674311469634, -2.167968251243696, -0.8959781562302411, 1.561757800249412, 0.3218026738464426, -0.6970817846343925, -0.2673555381956471, -0.5949348426972454, 0.3241110468284093, 0.2498145139001718, 0.2605371474939979, 0.7653548267990736, 0.3686708911278823, 1.06508213126683, 0.1224809750989466, -0.3811662007487475, 0.8534651920050773, 0.176034679770213, -0.2974062289767034, 0.3063760467150944, 0.408613849507392, 0.5895978485914444, 0.2515620397179151, 0.1898553876902958, 0.1428549447098424, 0.7334309640350826, -0.3567553499515758, 0.3288634905453163, 0.1437681266810694, 0.5923683827670378]
      time_from_start: 0
    - positions: [-2.169668873180816, 1.199584868810426, -2.25685144529166, -0.8954927916249772, 1.67367937575512, 0.3317437869966431, -0.7582856941353886, -0.2754567679295159, -0.6174195970062986, 0.3391285423182829, 0.2345881165693618, 0.247173997466927, 0.7577218359194007, 0.3914425867758716, 1.083255177905574, 0.1270469148510459, -0.4047299065499909, 0.8560897399875944, 0.1682278145881547, -0.3141534902198497, 0.2800643931450866, 0.3827593437503648, 0.5871640016392599, 0.2626017799614077, 0.1726492890961863, 0.1206772552408006, 0.7282746479228399, -0.3712637354036833, 0.3224614832097464, 0.1255414619290532, 0.5851570573186236]
      time_from_start: 0
    - time_from_start: 0
      positions: [-2.502747767144766, 1.40898063892257, -2.599220103381553, -0.8359644849110403, 2.896188641314696, 0.2112255638845289, -0.8948918968063774, -0.3552763766514039, -0.725299976617655, 0.4363323129985823, 0.05326292429877535, 0.04496749279509331, 0.6359226287578087, 0.5958176726753267, 1.166673305943476, 0.1288304333871142, -0.5234870227215572, 0.7277608207765569, 0.03216842339526887, -0.4363323129985824, 0.08214419639084339, 0.09276503696631831, 0.5275076588164027, 0.4312812956246945, 0.06150450703186938, 0.01618119854122777, 0.6260614353800255, -0.4360778168441853, 0.133422538353594, 0.05411747590867098, 0.5307379544185133]
  joint_names: [kuka_arm_0_joint, kuka_arm_1_joint, kuka_arm_2_joint, kuka_arm_3_joint, kuka_arm_4_joint, kuka_arm_5_joint, kuka_arm_6_joint, WRJ2, WRJ1, FFJ4, FFJ3, FFJ2, FFJ1, KTHJ5, THJ4, THJ3, THJ2, THJ1, LFJ5, LFJ4, LFJ3, LFJ2, LFJ1, MFJ4, MFJ3, MFJ2, MFJ1, RFJ4, RFJ3, RFJ2, RFJ1]