joint_trajectory:
  points:
    - time_from_start: 0
      positions: [0, 0, 0, 0, 0, 0, 0, 0, 0, 0, 0, 0, 0, 0, 0, 0, 0, 0, 0, 0, 0, 0, 0, 0, 0, 0, 0, 0, 0, 0, 0]
    - time_from_start: 0
      positions: [2.046029687083392, -1.056247297507754, 1.829318068824817, 1.254884225370678, 2.918206876172303, 1.552118935072707, 2.778865959002232, -0.40834768151302, -0.3596797092248795, 0.27410350599379, 0.3174003771130183, 0.3780151815513078, 0.5454175267818306, 0.9591529839467257, 0.4434385219961405, 0.1490223643310368, 0.1834676192236598, 0.4141799375209957, 0.0933868214407208, -0.3960771854426854, 0.1643537775597379, 0.6955416113663553, 0.06731565169259614, -0.2143598108767018, 0.9267908316638723, 0.7703618876109491, 1.014074314868166, 0.2118066268882452, 1.4334553743542, 0.0470341972429594, 0.7309173609310664]
    - time_from_start: 0
      positions: [0.2380428300327805, -1.281524543271144, 0.4124837575101649, 1.113163290756557, -2.949206527576523, -1.483526804552051, -0.9750190550476313, -0.203718061641193, -0.7262669041704162, 0.4363323129985824, 0.3083243978147717, 0.4725896199109619, 0.2056853172027354, 0.2204764687939686, 1.159318894134534, 0.2605023874822817, -0.5232517540074795, 0.8675378420864583, 0.008206205992040048, -0.4362870771224713, 0.3264146118142809, 0.2085555668988308, 0.4468137039072058, 0.4363323129985823, 0.2648676975134243, 0.2029602279625971, 0.5318903210274137, -0.4363323129985823, 0.1541041606802522, 0.2557866055665792, 0.5895197661143476]
  joint_names: [kuka_arm_0_joint, kuka_arm_1_joint, kuka_arm_2_joint, kuka_arm_3_joint, kuka_arm_4_joint, kuka_arm_5_joint, kuka_arm_6_joint, WRJ2, WRJ1, FFJ4, FFJ3, FFJ2, FFJ1, KTHJ5, THJ4, THJ3, THJ2, THJ1, LFJ5, LFJ4, LFJ3, LFJ2, LFJ1, MFJ4, MFJ3, MFJ2, MFJ1, RFJ4, RFJ3, RFJ2, RFJ1]