joint_trajectory:
  joint_names: [kuka_arm_0_joint, kuka_arm_1_joint, kuka_arm_2_joint, kuka_arm_3_joint, kuka_arm_4_joint, kuka_arm_5_joint, kuka_arm_6_joint, WRJ2, WRJ1, FFJ4, FFJ3, FFJ2, FFJ1, KTHJ5, THJ4, THJ3, THJ2, THJ1, LFJ5, LFJ4, LFJ3, LFJ2, LFJ1, MFJ4, MFJ3, MFJ2, MFJ1, RFJ4, RFJ3, RFJ2, RFJ1]
  points:
    - positions: [0, 0, 0, 0, 0, 0, 0, 0, 0, 0, 0, 0, 0, 0, 0, 0, 0, 0, 0, 0, 0, 0, 0, 0, 0, 0, 0, 0, 0, 0, 0]
      time_from_start: 0
    - positions: [1.393124474107318, -0.4315571738928916, 1.652396283169937, 0.686520335998956, 0.3904361962073972, -0.9104856632753843, -1.193377307563073, -0.3182684404774104, -0.4833420203428557, -0.3458729958493724, 1.38083955288849, 0.8609097569385893, 0.7633847986329239, -0.5761855469676666, 0.532790510704508, -0.2026341555861756, -0.2799291442097631, 0.7372663499701302, 0.08343733450687593, -0.03359445442958625, 0.9100354994970855, 0.2577878749046367, 1.0233708472946, -0.1859630887376557, 0.4084704950286925, 0.6327721125592605, 1.082536459482505, 0.1750291431108055, 1.116071593681061, 0.7549799820700327, 0.4356874235572127]
      time_from_start: 0
    - time_from_start: 0
      positions: [-2.324953892730806, 0.8344210395631012, 2.042554147295594, 0.6908403193085384, 2.662704132553212, 0.3191339466708511, 0.8544013027090731, 0.1332057521891141, -0.7057889546474285, 0.4363323129985822, 0.04903181791761579, 0.1940154270516056, 0.6300840418731071, 0.4922259242791499, 1.16646672037363, 0.1538303355834221, -0.5236999999999999, 0.729252253822849, 0.03374467146787547, -0.4363323129985823, 0.1633880922938231, 0.3830250483897424, 0.2649992566300997, 0.4341598741712328, 0.04037295171596763, 3.106033876583904e-17, 0.8150589523979872, -0.4363323129985822, 0.09278018061640142, 0.51657846428176, 0.2297636383633419]