joint_trajectory:
  points:
    - positions: [0, 0, 0, 0, 0, 0, 0, 0, 0, 0, 0, 0, 0, 0, 0, 0, 0, 0, 0, 0, 0, 0, 0, 0, 0, 0, 0, 0, 0, 0, 0]
      time_from_start: 0
    - time_from_start: 0
      positions: [1.073305149044529, -0.5885738139285613, -0.6553216446834595, 0.7064807683295815, 1.806928277817025, 0.6621796618332996, 0.8589196804772522, -0.1731021182542284, -0.5830812503942477, 0.2618883838172499, 0.3732903888791499, 0.7359163428165665, 0.4789944734040468, 0.2322252816242524, 1.040006068580465, 0.1718498767568436, -0.4807691171269111, 0.5523022573350032, 0.1321661664696914, -0.3034032977661541, 0.5817649129560633, 0.4493143780309185, 0.4570351577915971, 0.3650842882003966, 0.5089880420568458, 0.4481921224766915, 0.3991162445420395, -0.3350705414298384, 0.6544608789129012, 0.1629741746777552, 0.7748130645509774]
    - time_from_start: 0
      positions: [0.9916030853266913, -0.7939289209259648, -1.100644982085208, 0.7415077100492451, 1.773232459695351, 0.6024352978810643, 1.204492750269166, -0.1642600869029611, -0.6066796899208927, 0.2975469256658805, 0.2225912820636343, 0.6367940874246855, 0.4871180369844395, 0.2473239659713595, 1.09334954085932, 0.214506055177557, -0.5179300216114825, 0.5561609827422446, 0.1139059008483192, -0.3674243146939617, 0.4630103961632197, 0.366046542779356, 0.2880477464108145, 0.3667371436506747, 0.4095371725959375, 0.4974599207604194, 0.3901982541476097, -0.3246463309915751, 0.5672358034563449, 0.1101901495060587, 0.699176517138182]
    - time_from_start: 0
      positions: [0.7561093983098538, -0.9175469961162578, -1.029288665737746, 0.5770261309099468, 1.753277900978925, 0.5659772783479509, 1.626655249179417, -0.2155051270162401, -0.6090190181452096, 0.4360920022164039, 0.05993562487421104, 0.4629362532775771, 0.5075280941166365, 0.354023380195984, 1.133491723992633, 0.2595628696714861, -0.5235636163769372, 0.6638628675277909, 1.178474393866573e-16, -0.4363323129985823, 0.482795563009452, 0.356633402853442, 0.2027136656202547, 0.4359895305488755, 0.2561568577225478, 0.3520484936493165, 0.4329333769791535, -0.4363323129985823, 0.4476998499331548, 0.05594024467801265, 0.5436662771638636]
  joint_names: [kuka_arm_0_joint, kuka_arm_1_joint, kuka_arm_2_joint, kuka_arm_3_joint, kuka_arm_4_joint, kuka_arm_5_joint, kuka_arm_6_joint, WRJ2, WRJ1, FFJ4, FFJ3, FFJ2, FFJ1, KTHJ5, THJ4, THJ3, THJ2, THJ1, LFJ5, LFJ4, LFJ3, LFJ2, LFJ1, MFJ4, MFJ3, MFJ2, MFJ1, RFJ4, RFJ3, RFJ2, RFJ1]