joint_trajectory:
  joint_names: [kuka_arm_0_joint, kuka_arm_1_joint, kuka_arm_2_joint, kuka_arm_3_joint, kuka_arm_4_joint, kuka_arm_5_joint, kuka_arm_6_joint, WRJ2, WRJ1, FFJ4, FFJ3, FFJ2, FFJ1, KTHJ5, THJ4, THJ3, THJ2, THJ1, LFJ5, LFJ4, LFJ3, LFJ2, LFJ1, MFJ4, MFJ3, MFJ2, MFJ1, RFJ4, RFJ3, RFJ2, RFJ1]
  points:
    - positions: [0, 0, 0, 0, 0, 0, 0, 0, 0, 0, 0, 0, 0, 0, 0, 0, 0, 0, 0, 0, 0, 0, 0, 0, 0, 0, 0, 0, 0, 0, 0]
      time_from_start: 0
    - time_from_start: 0
      positions: [1.101236717216058, -0.7979408528973964, 1.818925655759682, -0.8518675664914115, -1.518587004619484, 0.761828080325144, 1.589966479041671, -0.3036754341894766, -0.680281061386938, 0.3680404863459691, 0.3016668146882695, 0.4028455282148038, 0.645890531428456, 0.432472144956361, 1.128665720541135, 0.1469209967926793, -0.1851351060354601, 0.3507114152824199, 0.1144551025725206, -0.3805916801682055, 0.3599998280174722, 0.5347133220959841, 0.5669596120615613, 0.3914818428701223, 0.1830625441600214, 0.4067196249024366, 0.5299322840666068, -0.3091170242704454, 0.3366199832744204, 0.6535110672713925, 0.4686081907792289]
    - positions: [0.6966352609573702, -0.8409542548986229, 2.37641443876337, -0.6278254456301536, -2.033392685997989, 0.486623236376818, 2.062795570279603, -0.3516593810799847, -0.7853981633974482, 0.4363323129985822, 0.2440382073600647, 0.2677771699624562, 0.5169608274428741, 0.5442452583998409, 1.17097404102037, 0.1971019182700042, -0.213875822386281, 0.1775275269432695, 8.030429430603685e-17, -0.4363323129985823, 0.1493645921106395, 0.2619269945598912, 0.6117164585759316, 0.4363323129985823, 0.1631900478798785, 0.279857547209533, 0.5780031515775305, -0.4363323129985822, 0.1375263233403912, 0.4859735139177066, 0.3913382083216928]
      time_from_start: 0