joint_trajectory:
  points:
    - positions: [0, 0, 0, 0, 0, 0, 0, 0, 0, 0, 0, 0, 0, 0, 0, 0, 0, 0, 0, 0, 0, 0, 0, 0, 0, 0, 0, 0, 0, 0, 0]
      time_from_start: 0
    - time_from_start: 0
      positions: [-1.493266456399337, 0.3284406479102915, -0.2702956438533954, -0.9649769635280996, -0.3750659609328655, 1.421960456031128, 0.9623841376713429, -0.1639225211357367, 0.3639975571237506, 0.0186084715746766, 0.5114683289815791, 1.1104689261132, 1.211394947686792, 0.08804129441594699, 0.3529361780714244, -0.1706615754907019, -0.2716672218023334, 0.876404306465527, 0.405868899953247, -0.3622719015581902, 1.232726026108905, 1.511652573158305, 0.8820893629941284, -0.2384616420401091, 0.7570985632088628, 0.2165875243219319, 0.9184581000236073, -0.4216634893609764, 0.1196311788669866, 1.451489982299382, 0.5403225777339109]
    - time_from_start: 0
      positions: [0.9163795056641768, -1.498584931575896, -0.9993226918084439, 1.007072244445703, 1.658236343903333, 0.9172587035579965, 2.381248836158202, -0.03944321469341015, -0.5892795622547621, 0.4350910118064389, 0.08361407464937094, 0.5998751281810961, 0.3714207241741638, 0.4233940279558986, 1.132446162354006, 0.2584136792477675, -0.3424415174126806, 0.4185339385334673, 0.0440268851065473, -0.4363126013797203, 2.539510629329236e-05, 1.013891934773271, 0.007625004529774927, 0.4363081926791665, 0.1691371928214931, 0.07005585540313433, 0.8231373925489124, -0.4356554795549811, 0.007455341059790573, 0.9377137173213479, 0.1014244245450542]
  joint_names: [kuka_arm_0_joint, kuka_arm_1_joint, kuka_arm_2_joint, kuka_arm_3_joint, kuka_arm_4_joint, kuka_arm_5_joint, kuka_arm_6_joint, WRJ2, WRJ1, FFJ4, FFJ3, FFJ2, FFJ1, KTHJ5, THJ4, THJ3, THJ2, THJ1, LFJ5, LFJ4, LFJ3, LFJ2, LFJ1, MFJ4, MFJ3, MFJ2, MFJ1, RFJ4, RFJ3, RFJ2, RFJ1]