joint_trajectory:
  joint_names: [kuka_arm_0_joint, kuka_arm_1_joint, kuka_arm_2_joint, kuka_arm_3_joint, kuka_arm_4_joint, kuka_arm_5_joint, kuka_arm_6_joint, WRJ2, WRJ1, FFJ4, FFJ3, FFJ2, FFJ1, KTHJ5, THJ4, THJ3, THJ2, THJ1, LFJ5, LFJ4, LFJ3, LFJ2, LFJ1, MFJ4, MFJ3, MFJ2, MFJ1, RFJ4, RFJ3, RFJ2, RFJ1]
  points:
    - time_from_start: 0
      positions: [0, 0, 0, 0, 0, 0, 0, 0, 0, 0, 0, 0, 0, 0, 0, 0, 0, 0, 0, 0, 0, 0, 0, 0, 0, 0, 0, 0, 0, 0, 0]
    - time_from_start: 0
      positions: [1.832003783022723, 0.6007291375615357, 0.9942945471810993, -1.416726132098294, 0.1354112094830337, -0.06135172013786862, -0.4245280973541699, 0.001944876969569626, -0.5008602685231246, 0.3408498261121982, 0.4673988972334665, 0.5326909862437147, 0.5609768448644739, 0.07712582816982785, 0.9373041948702145, 0.1846787348714218, 0.02059144528781831, 0.3660562239760306, 0.125164191202065, -0.3143919582173363, 0.4652378187846203, 0.7183073785813281, 0.4931768854246183, 0.3237286804163224, 0.309942519146169, 0.5583739826489398, 0.6572472064185995, -0.2785041145922726, 0.362781587626273, 0.6654115994268391, 0.3280507164918225]
    - positions: [2.18755622894514, 0.6395121357869747, 0.8953044505146648, -1.367211275683456, 0.2319917375517284, -0.2792195083513223, -1.032926995202935, 0.09062840525830183, -0.5967717340973615, 0.4074907603998765, 0.324333311433992, 0.3655997321706227, 0.5423109949190685, 0.1459206591262601, 1.021009541438469, 0.2447254386031585, 0.04073437663974873, 0.2557122947770049, 0.04411532526698057, -0.3680372376457477, 0.308692267020219, 0.7704939986344679, 0.2912028679382151, 0.402306176382036, 0.1638404452969845, 0.461505135414364, 0.5586725911162709, -0.3738927220899234, 0.2309351301878482, 0.744538305942237, 0.2412754841028341]
      time_from_start: 0
    - positions: [2.210410222774123, 0.9796523247563254, 1.11380710837912, -1.308674690436296, -0.1084545484908931, -0.5150134111078529, -1.074913764001121, 0.1492573956587014, -0.7563608389795294, 0.4360762409098548, 0.2577592006712085, 0.1630416159255975, 0.5248906063725831, 0.2843782031541415, 1.120744418607552, 0.2615534338535207, 0.0708310399078001, 0.2213573876977725, 0.01556896224709429, -0.4361772244539477, 0.1258942108686501, 0.7038719692925408, 0.1128299083368638, 0.4363322433963152, 0.08243775163899468, 0.4119346006073771, 0.457779723833303, -0.4361261359099239, 0.01551024462575795, 0.7079362604809466, 0.2289141424239778]
      time_from_start: 0