joint_trajectory:
  points:
    - time_from_start: 0
      positions: [0, 0, 0, 0, 0, 0, 0, 0, 0, 0, 0, 0, 0, 0, 0, 0, 0, 0, 0, 0, 0, 0, 0, 0, 0, 0, 0, 0, 0, 0, 0]
    - time_from_start: 0
      positions: [1.853297067900343, 0.1681095406766211, 0.7370597073923544, -0.1912038230578414, -2.292730784213023, 1.692733255267655, 2.086078980155611, -0.3000321118554101, -0.7049157363197243, -0.3011327851669986, 0.2130857351212239, 0.8486135076990622, 1.068142621978585, -0.5901759922010823, 1.131546008544508, -0.03957417024821042, 0.5188409588091543, 1.369792297626147, 0.431871148216972, -0.3730531794924849, 0.9924068559887432, 0.41267081115442, 0.4842681296527543, -0.06247079812139844, 0.671028907388205, 1.223341734324086, 1.143219333499023, 0.04556554029876037, 0.7776163944988288, 1.189796454057191, 1.377939131274297]
    - positions: [-0.9589769930568861, -1.311043396172966, 1.489863613867286, 1.298680659265457, 2.593587191541618, -0.8442137849100635, -1.247760244700413, -0.2055630286303929, -0.5745894090399207, 0.4363323129985822, 0.3806550644803743, 0.1191863744818662, 0.514349681977852, 0.3720499654494182, 1.152442917945192, 0.2576423354068458, -0.3368042502160943, 0.4963472337182884, 0.01306718631410872, -0.4363323129985823, 0.2620532492983004, 0.3487481853410003, 0.4038755912698516, 0.4358875086366509, 0.1841972564147902, 0.436107830695721, 0.3969623898996949, -0.4363323129985822, 0.5911930033991222, 0.1313361252832272, 0.2844798465289994]
      time_from_start: 0
  joint_names: [kuka_arm_0_joint, kuka_arm_1_joint, kuka_arm_2_joint, kuka_arm_3_joint, kuka_arm_4_joint, kuka_arm_5_joint, kuka_arm_6_joint, WRJ2, WRJ1, FFJ4, FFJ3, FFJ2, FFJ1, KTHJ5, THJ4, THJ3, THJ2, THJ1, LFJ5, LFJ4, LFJ3, LFJ2, LFJ1, MFJ4, MFJ3, MFJ2, MFJ1, RFJ4, RFJ3, RFJ2, RFJ1]