joint_trajectory:
  joint_names: [kuka_arm_0_joint, kuka_arm_1_joint, kuka_arm_2_joint, kuka_arm_3_joint, kuka_arm_4_joint, kuka_arm_5_joint, kuka_arm_6_joint, WRJ2, WRJ1, FFJ4, FFJ3, FFJ2, FFJ1, KTHJ5, THJ4, THJ3, THJ2, THJ1, LFJ5, LFJ4, LFJ3, LFJ2, LFJ1, MFJ4, MFJ3, MFJ2, MFJ1, RFJ4, RFJ3, RFJ2, RFJ1]
  points:
    - positions: [0, 0, 0, 0, 0, 0, 0, 0, 0, 0, 0, 0, 0, 0, 0, 0, 0, 0, 0, 0, 0, 0, 0, 0, 0, 0, 0, 0, 0, 0, 0]
      time_from_start: 0
    - positions: [2.776551427545087, 0.5590539435704254, 0.1083790394150177, 1.770557841230619, 1.31190030058749, -1.208342466425699, 1.004121956879357, 0.02973120840512078, 0.163199084413757, -0.299183806866769, 0.7819027770209954, 0.4067693155048851, 0.4477171068131975, -0.7817295091906562, 0.02752425603754818, 0.02427200550436975, 0.1285266978931148, 1.519842205835506, 0.08820749148115611, 0.2177816685092199, 0.8666868445717456, 1.077844516935708, 0.8822516766808588, -0.2774217187249549, 1.289158645828142, 1.420537781747515, 0.6908433530364807, 0.1953964097749286, 0.338768812611204, 0.5238717373361417, 1.3056494886236]
      time_from_start: 0
    - time_from_start: 0
      positions: [-2.773932259977673, -1.469114248306463, 2.141093193313325, -0.7633377196140612, -1.539865927379422, -0.692048202112077, 2.291513459764352, -0.4059604561935986, 0.1081965284374778, -0.1659020770652028, 1.420588339464876, 1.279148536706948, 1.272312267126044, -0.3806539150206372, 0.6524754995089024, 0.1364945598701947, -0.4690247488860507, 1.432734935060143, 0.2890039796615019, 0.2190356426724359, 0.9136963675069211, 0.4383401906956038, 0.4799595049241105, 0.3833317955238143, 1.132703740830984, 0.03795534154077745, 0.889771277125234, -0.2781839276930655, 0.275213199047848, 1.248807773006736, 0.2884631841971581]
    - positions: [0.3882584464399319, -1.184476101246943, 2.499572330710299, 0.3187859996810128, 2.444905840466974, -1.025467137929246, -2.494081533699451, 0.1136763846874408, -0.7522794070136398, 0.4363323129985822, 0.4957790576112193, 0.4087923688586274, 0.3017128097264766, -0.008555386454650185, 1.241902941690452, 0.2552836670455704, -0.2790861976413381, 0.6519780783382005, 0.00191620664237587, -0.4363323129985823, 0.4310276482988374, 0.5971902956588307, 0.185900086647477, 0.4363323129985823, 0.7260390585850749, 0.1856363124813356, 0.3030153357968277, -0.4362583823562853, 0.4407847839439952, 0.7278315247125604, 0.04349223597449512]
      time_from_start: 0