joint_trajectory:
  joint_names: [kuka_arm_0_joint, kuka_arm_1_joint, kuka_arm_2_joint, kuka_arm_3_joint, kuka_arm_4_joint, kuka_arm_5_joint, kuka_arm_6_joint, WRJ2, WRJ1, FFJ4, FFJ3, FFJ2, FFJ1, KTHJ5, THJ4, THJ3, THJ2, THJ1, LFJ5, LFJ4, LFJ3, LFJ2, LFJ1, MFJ4, MFJ3, MFJ2, MFJ1, RFJ4, RFJ3, RFJ2, RFJ1]
  points:
    - positions: [0, 0, 0, 0, 0, 0, 0, 0, 0, 0, 0, 0, 0, 0, 0, 0, 0, 0, 0, 0, 0, 0, 0, 0, 0, 0, 0, 0, 0, 0, 0]
      time_from_start: 0
    - time_from_start: 0
      positions: [1.028649062757795, -0.6804945835001514, -2.061259355192261, -1.493123359439851, 1.185144117664017, -0.7700371176419365, 1.72947399541428, -0.06524104936618069, 0.25685990374632, -0.4171604125453076, 0.0004527819230402501, 0.4521071919407079, 1.065655100214756, 0.3714843591246755, 0.08993089478532783, -0.1557793209073134, 0.3651871669677087, 0.02437470635422505, 0.1299520575048104, 0.2596153612726622, 1.348486376768943, 0.6892449413133643, 1.292127963569278, -0.01997099852621859, 0.6695646214805383, 0.0954483819336451, 1.02348146072495, 0.02439068169677872, 0.1454020889458959, 1.383147339439914, 0.4783685171445169]
    - time_from_start: 0
      positions: [-2.407426919430912, 0.1489702902386483, -0.8592213284551544, -0.7132350185402923, -1.301440218345937, 1.235307322748181, -0.3196486418362348, -0.3684061420288487, -0.1766097214155378, 0.2977453111889199, 1.309316703503522, 0.5037211771159175, 1.316961914482937, 0.006046126588247658, 0.3895510773800779, -0.006563223588746059, 0.4912628487468231, 1.039441390159773, 0.4633826094281965, -0.2916832135480618, 1.156974205324602, 0.4790959440161923, 0.1482250578253007, 0.1169133228869551, 1.420035799695092, 0.7703563771642741, 1.178323358831044, -0.2739831364846786, 0.6919524493833633, 0.7405387760101654, 0.4888781070939472]
    - positions: [-2.456232350570131, 0.883577525706038, 2.381192381176983, 0.5017281480840715, -1.369866893496797, -0.6373560927923079, -1.739976465279416, -0.1168239842548311, -0.6259239097417657, 0.4356448235287328, 0.1310992471296903, 5.364739747035505e-06, 0.9352745226892659, 0.3768188047237457, 1.23585272493651, 0.1489647674918217, -0.5234425783371204, 0.6433536566053412, 0.0002903566035454469, -0.4363297760653734, 0.3551169583234139, 0.6561090959278929, 0.02043075494388539, 0.4361870151171284, 0.3741887712786638, 0.01157141919006967, 0.6660953143797299, -0.4362131493325716, 0.233175130712214, 0.09362045478189628, 0.7354565957374162]
      time_from_start: 0