joint_trajectory:
  points:
    - time_from_start: 0
      positions: [0, 0, 0, 0, 0, 0, 0, 0, 0, 0, 0, 0, 0, 0, 0, 0, 0, 0, 0, 0, 0, 0, 0, 0, 0, 0, 0, 0, 0, 0, 0]
    - positions: [1.894862558690822, 0.248590981097123, -1.382802060340527, 1.163023400598746, -2.089234256322035, -0.2169518771896728, 2.094038159484202, -0.5128299436833832, -0.1718354421006567, -0.07047888402047853, 1.330056835070329, 1.108875439303798, 0.2519035370897945, -0.7957282895338721, 1.257376847604988, -0.1638182743616402, 0.2875241762283725, 0.02456035497761331, 0.6130078493104953, -0.3457783718698086, 0.4843640930557292, 0.9608254872866421, 1.518712967274895, -0.1541512924359517, 1.15769494336909, 0.3757132068076841, 0.9322254797987645, 0.2099654282647734, 0.2546062742182074, 1.091174553693775, 0.3205024674703806]
      time_from_start: 0
    - positions: [0.9613951417958507, -1.450963711784199, 2.135511974084239, -1.124317110045418, -1.49173220303209, 0.7101948570707495, 2.435869122071758, 0.1573609882051525, -0.6260227687501038, 0.4363323129985824, 0.1361895921343358, 0.5082518591564088, 0.3270911490276816, 0.3649859923227112, 1.165714454021179, 0.2209981301396554, -0.5237000000000001, 0.7302584179855355, 0.0303846856928333, -0.4363323129985822, 0.1695299966932647, 0.4299027949234759, 0.3431809239999098, 0.4363323129985823, 0.3125879433473333, 0.001054995295063629, 0.6746017460088586, -0.4363323129985824, 0.2036497164947839, 0.7472180733996496, 0.03286879809935202]
      time_from_start: 0
  joint_names: [kuka_arm_0_joint, kuka_arm_1_joint, kuka_arm_2_joint, kuka_arm_3_joint, kuka_arm_4_joint, kuka_arm_5_joint, kuka_arm_6_joint, WRJ2, WRJ1, FFJ4, FFJ3, FFJ2, FFJ1, KTHJ5, THJ4, THJ3, THJ2, THJ1, LFJ5, LFJ4, LFJ3, LFJ2, LFJ1, MFJ4, MFJ3, MFJ2, MFJ1, RFJ4, RFJ3, RFJ2, RFJ1]