joint_trajectory:
  points:
    - positions: [0, 0, 0, 0, 0, 0, 0, 0, 0, 0, 0, 0, 0, 0, 0, 0, 0, 0, 0, 0, 0, 0, 0, 0, 0, 0, 0, 0, 0, 0, 0]
      time_from_start: 0
    - time_from_start: 0
      positions: [-1.787010200531313, 0.628368722600703, -1.423296034406917, -1.002484042261399, -1.417689506069121, 0.1254850158552991, 1.715787974982747, -0.2867765616212223, -0.5321184493272166, 0.3570905161001844, 0.3750299246366767, 0.3872607625929164, 0.5314080934860148, 0.2012688292921276, 1.028367889706965, 0.1978537389456854, -0.1178236540183095, 0.5840452887411605, 0.1044297999515584, -0.2937341232892141, 0.4212306554666705, 0.3429888734927308, 0.3847552744687802, 0.3359249717823842, 0.3476535601179757, 0.3328972278320915, 0.6027419600097044, -0.3608932701834549, 0.3741386108535866, 0.3281013360840944, 0.5218182747893314]
    - positions: [-2.075839368091689, 0.882528653658659, -1.594206371172994, -0.8636193945755579, -1.641363845768932, 0.1154002367163236, 2.128626757596861, -0.3019646446233476, -0.6665104732668021, 0.3932270127648207, 0.3884151253401581, 0.301572795946754, 0.5048830532334663, 0.2366345340352019, 1.109931281749812, 0.2272497815083524, -0.1679741602551449, 0.56777463092846, 0.06141951479687446, -0.3622674323425269, 0.4323257189285956, 0.3133026244541211, 0.3435046544555773, 0.3953931444692045, 0.3187976266871089, 0.2403338205684815, 0.5732631803394114, -0.3974073305019354, 0.3639023246492842, 0.2578152148820092, 0.5083944704141544]
      time_from_start: 0
    - positions: [-2.295236705647017, 1.078393979040341, -1.689143039472886, -0.7310811217824996, -1.660898905076731, 0.1734589911877363, 2.534435275152725, -0.3143699842433432, -0.7851909256387392, 0.4362867889754767, 0.3706721719186114, 0.1921744962103339, 0.4271504475712579, 0.1925696157128222, 1.161837005531993, 0.2594151550269465, -0.2196873622466104, 0.5771724231470202, 0.004963826917738451, -0.4363227279717324, 0.4027364837345916, 0.2731413598405382, 0.3093643370464966, 0.4363224311752632, 0.2852958132083484, 0.1689647025536037, 0.5397401131536606, -0.4363266237509051, 0.3553020031565809, 0.176499380746653, 0.4674211074972479]
      time_from_start: 0
  joint_names: [kuka_arm_0_joint, kuka_arm_1_joint, kuka_arm_2_joint, kuka_arm_3_joint, kuka_arm_4_joint, kuka_arm_5_joint, kuka_arm_6_joint, WRJ2, WRJ1, FFJ4, FFJ3, FFJ2, FFJ1, KTHJ5, THJ4, THJ3, THJ2, THJ1, LFJ5, LFJ4, LFJ3, LFJ2, LFJ1, MFJ4, MFJ3, MFJ2, MFJ1, RFJ4, RFJ3, RFJ2, RFJ1]