joint_trajectory:
  points:
    - time_from_start: 0
      positions: [0, 0, 0, 0, 0, 0, 0, 0, 0, 0, 0, 0, 0, 0, 0, 0, 0, 0, 0, 0, 0, 0, 0, 0, 0, 0, 0, 0, 0, 0, 0]
    - time_from_start: 0
      positions: [2.150778261217817, -0.5837158180135524, 0.7588574926858578, -1.710019117553683, 2.334929395795842, -0.3816178018056495, 2.592826841274193, -0.2937922914491458, -0.4151105117123606, 0.4320923958429825, 0.6224360192080879, 1.24946005709127, 1.238693740013839, 0.1560330336238258, 1.172306272084126, -0.1277633207529783, -0.2801162517560646, 1.532357830832247, 0.1356838690425298, -0.3996839512472123, 0.876732326686366, 0.7700448070661299, 1.453781931665409, 0.1745124910377919, 0.7805244898498067, 1.161203376412255, 0.9955520892631812, -0.4305115858689177, 0.7334398596032533, 1.03636911690752, 0.9148149731870485]
    - positions: [0.208193531003551, -1.079573319498051, -1.497774703326712, -0.5174809042908477, -0.09955344919169903, -0.9952556125149493, -2.08365151050172, -0.1193999681582923, -0.5251250896428645, 0.4362866753185459, 0.03192701755331273, 0.538504346631189, 0.3781402412981086, 0.7185786327264567, 1.28452454100817, 0.03901844877958602, -0.5158242190523926, 0.392033898730993, 0.05111708113328748, -0.4292528520014531, 0.002008141225910419, 0.123078129194321, 0.7823966863031272, 0.4231721214793296, 0.09772536090238121, 0.1508813375490556, 0.7012156985591358, -0.4363179677644024, 0.09826414630188646, 0.06146457527237887, 0.7877863815785576]
      time_from_start: 0
  joint_names: [kuka_arm_0_joint, kuka_arm_1_joint, kuka_arm_2_joint, kuka_arm_3_joint, kuka_arm_4_joint, kuka_arm_5_joint, kuka_arm_6_joint, WRJ2, WRJ1, FFJ4, FFJ3, FFJ2, FFJ1, KTHJ5, THJ4, THJ3, THJ2, THJ1, LFJ5, LFJ4, LFJ3, LFJ2, LFJ1, MFJ4, MFJ3, MFJ2, MFJ1, RFJ4, RFJ3, RFJ2, RFJ1]