joint_trajectory:
  joint_names: [kuka_arm_0_joint, kuka_arm_1_joint, kuka_arm_2_joint, kuka_arm_3_joint, kuka_arm_4_joint, kuka_arm_5_joint, kuka_arm_6_joint, WRJ2, WRJ1, FFJ4, FFJ3, FFJ2, FFJ1, KTHJ5, THJ4, THJ3, THJ2, THJ1, LFJ5, LFJ4, LFJ3, LFJ2, LFJ1, MFJ4, MFJ3, MFJ2, MFJ1, RFJ4, RFJ3, RFJ2, RFJ1]
  points:
    - positions: [0, 0, 0, 0, 0, 0, 0, 0, 0, 0, 0, 0, 0, 0, 0, 0, 0, 0, 0, 0, 0, 0, 0, 0, 0, 0, 0, 0, 0, 0, 0]
      time_from_start: 0
    - positions: [-2.060247989778483, 0.3657679375073293, -1.009724090157043, -0.490517983645973, 1.349065865972622, 0.7296567887945464, -0.7886264900529731, -0.04409670390313025, -0.5976255851107819, 0.01332777191710155, 1.136757432334922, 1.182986498715237, 0.006161198352908378, -0.7110177363920956, 0.203724703889573, -0.08499309249315409, 0.1887641579704359, 0.1577458042087965, 0.3629431158433086, 0.2678728753138066, 0.5898620909447572, 0.7119017047612906, 0.8356694593161027, 0.1874204542300797, 0.2100010191104299, 0.2282740845311798, 0.6736351899388979, -0.2947273146455039, 0.336445026124748, 0.7680056813969387, 1.286289940277907]
      time_from_start: 0
    - time_from_start: 0
      positions: [-2.51148477421011, 1.396783396630885, -2.608023354770443, -0.6985723501850591, 0.3879653953042185, 0.1956238751530025, 1.421713038807709, -0.4772884998239389, -0.6288054768119047, 0.4363323129985822, 0.2132632772369054, 0.2287387196606225, 0.537632928271084, 0.2999302969645757, 1.141685885141891, 0.2430747152805673, -0.5236999999999999, 0.8122039103659328, 3.656669026565396e-17, -0.4363323129985823, 0.3734556975347526, 0.1292074879309788, 0.4717679410972011, 0.4276744877010715, 0.5824080792316262, 0.0164488029242255, 0.3396600067223467, -0.4363323129985822, 0.4288540692958333, 0.4111226460525213, 0.1330034330561816]