joint_trajectory:
  points:
    - positions: [0, 0, 0, 0, 0, 0, 0, 0, 0, 0, 0, 0, 0, 0, 0, 0, 0, 0, 0, 0, 0, 0, 0, 0, 0, 0, 0, 0, 0, 0, 0]
      time_from_start: 0
    - positions: [-1.835020248387927, -1.166003445428667, -2.179832778253799, -0.05234109934822895, 0.8337074435330911, -0.8929183039819566, -1.545637435117949, -0.2176370794973008, -0.05584365227353816, -0.3504005277789329, 0.2921448592908351, 0.1261397789362841, 0.5859379635119679, -0.6260099348835646, 1.004226517328061, 0.1670057507538237, -0.2429633447230794, 0.200299816572573, 0.416372350076168, 0.2796406060203585, 1.279271252492839, 1.464387688363427, 1.022617685499533, -0.03717353450946309, 0.1316899628551335, 0.6094126857854456, 1.20084509859755, 0.06390820372209544, 1.017408032336584, 0.3552388816042069, 0.3087091848271439]
      time_from_start: 0
    - positions: [-0.4222822159151529, -0.7394890077490774, 0.1456252408344628, 1.297697291225416, -0.2814150402296856, 0.825215982133973, 2.965297754371388, -0.07202341495363208, -0.7755913823680742, 0.4360212196306356, 0.131577013343795, 0.3085388754797491, 0.5386327097070946, 0.6087112587327967, 1.067225383417058, 0.261672038170077, -0.5220220529337894, 0.4399385851058832, 0.03707353055168478, -0.42554589914839, 0.2482953221247729, 0.4033399845442537, 0.3154114717834465, 0.4356608730399117, 0.04338395758505536, 0.02937760824397057, 0.9067619045626186, -0.4340730461119035, 0.08436524060957387, 0.0613117730369695, 0.8494982261756461]
      time_from_start: 0
  joint_names: [kuka_arm_0_joint, kuka_arm_1_joint, kuka_arm_2_joint, kuka_arm_3_joint, kuka_arm_4_joint, kuka_arm_5_joint, kuka_arm_6_joint, WRJ2, WRJ1, FFJ4, FFJ3, FFJ2, FFJ1, KTHJ5, THJ4, THJ3, THJ2, THJ1, LFJ5, LFJ4, LFJ3, LFJ2, LFJ1, MFJ4, MFJ3, MFJ2, MFJ1, RFJ4, RFJ3, RFJ2, RFJ1]