joint_trajectory:
  joint_names: [kuka_arm_0_joint, kuka_arm_1_joint, kuka_arm_2_joint, kuka_arm_3_joint, kuka_arm_4_joint, kuka_arm_5_joint, kuka_arm_6_joint, WRJ2, WRJ1, FFJ4, FFJ3, FFJ2, FFJ1, KTHJ5, THJ4, THJ3, THJ2, THJ1, LFJ5, LFJ4, LFJ3, LFJ2, LFJ1, MFJ4, MFJ3, MFJ2, MFJ1, RFJ4, RFJ3, RFJ2, RFJ1]
  points:
    - time_from_start: 0
      positions: [0, 0, 0, 0, 0, 0, 0, 0, 0, 0, 0, 0, 0, 0, 0, 0, 0, 0, 0, 0, 0, 0, 0, 0, 0, 0, 0, 0, 0, 0, 0]
    - positions: [1.284905555338085, -0.6135780028458946, -1.01624592206039, 0.8645901899514801, 1.4387133223241, 0.3275515728316929, 1.029347911732568, -0.2495090532329277, -0.2878397239580369, 0.15004456609192, 0.3933114441989811, 0.7660537975474742, 0.4377987856966195, 0.2058213995554779, 0.9319351377306776, 0.1490048548376226, -0.1223591595325767, 0.5702309541179523, 0.2190044939201159, -0.1751933313887372, 0.5362826550260043, 0.8437887462264043, 0.502644212588358, 0.1833225891381424, 0.667607472320352, 0.5467276605353699, 0.5820472687817624, -0.120294593697539, 0.4618526128656822, 0.464588352892624, 0.7961834121291992]
      time_from_start: 0
    - positions: [0.9658548890595606, -1.093083996739318, -1.867456397499169, 0.7438846010811471, 1.330520079294156, -0.04894325138296485, 1.529919804541913, -0.3770431117254124, -0.5212225180731395, 0.2677370508842657, 0.2293841187773763, 0.5930546734784152, 0.3405214194380163, 0.2019716966257281, 1.063894695764706, 0.1626049557635448, -0.1153535503090897, 0.4278234881171922, 0.07182038827041681, -0.2799283037016776, 0.2996826465642453, 0.8093815277382643, 0.2263153907398085, 0.3201776341837111, 0.4252141750493238, 0.5747387383084082, 0.3695453474384373, -0.3210535768037811, 0.3822567917876445, 0.2176485579836224, 0.8149391105820761]
      time_from_start: 0
    - positions: [0.6457938910482981, -1.372935112572472, -2.516314552836554, 0.7028078707397514, 2.413372224455753, 0.07384298738288378, 2.511969055163979, -0.5234212516896654, -0.7754850217591485, 0.4363020429021578, 0.1293683814020606, 0.6412586102779954, 0.2176573681333061, 0.2944184721873628, 1.149780799034514, 0.2617277093508503, -0.1170417688225475, 0.3955497396692798, 0.002763860885348233, -0.435734534400074, 0.1302273120361038, 0.8351545454835927, 0.0004157167124275482, 0.4362838391823007, 0.2052139312170403, 0.5776567973598583, 0.1834243515214313, -0.435844518742003, 0.1054853485303585, 0.07948359910489737, 0.7982452757724772]
      time_from_start: 0