joint_trajectory:
  joint_names: [kuka_arm_0_joint, kuka_arm_1_joint, kuka_arm_2_joint, kuka_arm_3_joint, kuka_arm_4_joint, kuka_arm_5_joint, kuka_arm_6_joint, WRJ2, WRJ1, FFJ4, FFJ3, FFJ2, FFJ1, KTHJ5, THJ4, THJ3, THJ2, THJ1, LFJ5, LFJ4, LFJ3, LFJ2, LFJ1, MFJ4, MFJ3, MFJ2, MFJ1, RFJ4, RFJ3, RFJ2, RFJ1]
  points:
    - time_from_start: 0
      positions: [0, 0, 0, 0, 0, 0, 0, 0, 0, 0, 0, 0, 0, 0, 0, 0, 0, 0, 0, 0, 0, 0, 0, 0, 0, 0, 0, 0, 0, 0, 0]
    - positions: [-2.861247841758629, -0.3688572606128844, 1.023903962400557, 0.5315778341134929, 0.9112697234968619, 0.1414833537016997, -2.243511930128927, -0.4170976698988086, -0.6633655462707049, -0.1173268959234559, 0.179485523011912, 1.062638641401433, 1.094630807740618, -0.250228102161549, 0.3058147414317354, -0.08235119938626884, 0.2503865211138037, 1.185224454386393, 0.3190185320544339, 0.2210373146723314, 0.5258492379469735, 1.444094092790921, 0.6599488726488898, -0.135337558419207, 0.6415356380981049, 1.03061673174332, 0.01479959502249073, -0.03612689952243858, 1.503008355171956, 1.395808956858491, 0.5207818268689778]
      time_from_start: 0
    - positions: [0.9256169111295754, -1.546017596826085, -1.051935572382242, 0.9743373857587208, 1.756870965321674, 1.06583973339501, 2.348717220253046, -0.13060876192705, -0.4408585289440809, 0.4363323129985823, 0.2044923398327566, 0.1354506113764992, 0.6841118271248012, 0.2348922578645224, 1.216582827613144, 0.1730024921940734, -0.03432793343712914, 0.3072544291308071, 0.001146244080048399, -0.4360805867963245, 0.08258454591883505, 0.8913901291686215, 0.05104914536191257, 0.4363323129985823, 0.5290668783520469, 0.1182296049445602, 0.3609778187935134, -0.4362114612939406, 0.4215428196724976, 0.01592821923344656, 0.591241927577205]
      time_from_start: 0