joint_trajectory:
  joint_names: [kuka_arm_0_joint, kuka_arm_1_joint, kuka_arm_2_joint, kuka_arm_3_joint, kuka_arm_4_joint, kuka_arm_5_joint, kuka_arm_6_joint, WRJ2, WRJ1, FFJ4, FFJ3, FFJ2, FFJ1, KTHJ5, THJ4, THJ3, THJ2, THJ1, LFJ5, LFJ4, LFJ3, LFJ2, LFJ1, MFJ4, MFJ3, MFJ2, MFJ1, RFJ4, RFJ3, RFJ2, RFJ1]
  points:
    - time_from_start: 0
      positions: [0, 0, 0, 0, 0, 0, 0, 0, 0, 0, 0, 0, 0, 0, 0, 0, 0, 0, 0, 0, 0, 0, 0, 0, 0, 0, 0, 0, 0, 0, 0]
    - time_from_start: 0
      positions: [1.57328101781206, 1.528202840783332, 1.755432401079718, 0.7340151924912486, -2.648122872677435, -0.9081197507611649, -2.572330779586831, -0.5022459769875762, -0.7632561177196713, 0.03821065036981902, 1.141969976589725, 0.7544296436262292, 0.1014042538824567, -0.8355896723410114, 0.9216818854627199, -0.05429686703132466, -0.001326346497749875, 0.1098018842651509, 0.5735074979610412, -0.1799457608600505, 0.8191612447341829, 1.117929102093737, 0.1668638432568987, 0.3477455151425552, 0.01058201353759177, 0.5089846192165344, 1.278561347356728, -0.2437063998323072, 0.2561216532712514, 1.336569882410587, 0.1931204183657044]
    - positions: [-2.323428727887007, 1.293740238751864, -0.6507375114241508, -1.134615813250059, 1.26362266408717, -0.9053107496655511, -0.6792069785545037, 0.1264967030125783, -0.6768678629730083, 0.4363253715756457, 0.1992485944256431, 0.5353905559966929, 0.2387159077924489, 0.3934314287066801, 1.12801922938521, 0.2579852504021504, -0.5231623854778111, 0.6871821262179164, 0.00333687499804995, -0.4359639385417728, 0.3241176783964755, 0.3065505862537724, 0.3427773518404986, 0.4361803652636485, 0.2437270051640074, 0.1452553111724125, 0.594738671923965, -0.4363267481662051, 0.1868373995313461, 0.6288938100197068, 0.1730663815993739]
      time_from_start: 0