joint_trajectory:
  points:
    - time_from_start: 0
      positions: [0, 0, 0, 0, 0, 0, 0, 0, 0, 0, 0, 0, 0, 0, 0, 0, 0, 0, 0, 0, 0, 0, 0, 0, 0, 0, 0, 0, 0, 0, 0]
    - positions: [0.05413697368129577, 1.357641439896899, 0.3061937960190129, 0.6090009028740049, -1.050803852646417, -0.7451412466303626, 1.095447225385255, -0.1981421491364703, -0.5433375365296196, 0.2773703749735831, 0.1532352717322334, 0.4124643725668534, 0.07539305402308567, 0.3285415331264958, 1.125637840363663, 0.2572789982457646, -0.2260255623253994, 1.215265434746165, 0.2281018684339552, -0.3174543285168557, 0.3105050319742375, 0.7421355379274177, 0.4611523050716621, -0.1388965241882262, 1.269474313576754, 1.233221249114073, 1.192859008687732, 0.3341609779396726, 0.9741382272327982, 0.02997001161690151, 0.7924194072636822]
      time_from_start: 0
    - positions: [2.773487182431424, 0.7871805827827734, -1.447155568198621, -1.803188188026917, -2.441064004268603, -0.3379949703137222, 0.05513718922111277, -0.4218198811959589, 0.1654664949544754, -0.1194499257148985, 0.4537027608482667, 1.184570769140741, 0.7267409485210246, 0.9354987818906082, 1.252887186322827, 0.2025263654575683, 0.1077780407058075, 0.9304846148625947, 0.5001585112222799, 0.07857224686851133, 1.478167149647542, 0.3831837976677564, 0.3083202084418602, 0.3830833686679021, 1.099739570392501, 1.54540073273308, 0.4301717345152133, -0.2005123117108742, 0.6725708782689053, 0.4480383588689198, 0.7498301326324344]
      time_from_start: 0
    - positions: [2.902004005653288, 0.7614778593195076, 2.96705972839, 1.273096104220181, 2.96705972839, -0.8920284007218794, -0.05625694103424243, -0.09906711579319151, -0.7853981633974483, 0.4362097802031617, 0.3888365770953035, 0.4145653314330201, 0.2391662559783623, 0.1716782177025594, 1.178150007858182, 0.2599706150718287, -0.5236999999999999, 0.8558138759788451, 0.0005811508712322656, -0.4363323129985823, 0.387315694478173, 0.5988551980187903, 0.04247525812878585, 0.4362019718864891, 0.3766771272014602, 0.06428586728084858, 0.5968334038562928, -0.4363323129985823, 0.3757091944311091, 0.001889137472466214, 0.6519745394031854]
      time_from_start: 0
  joint_names: [kuka_arm_0_joint, kuka_arm_1_joint, kuka_arm_2_joint, kuka_arm_3_joint, kuka_arm_4_joint, kuka_arm_5_joint, kuka_arm_6_joint, WRJ2, WRJ1, FFJ4, FFJ3, FFJ2, FFJ1, KTHJ5, THJ4, THJ3, THJ2, THJ1, LFJ5, LFJ4, LFJ3, LFJ2, LFJ1, MFJ4, MFJ3, MFJ2, MFJ1, RFJ4, RFJ3, RFJ2, RFJ1]