joint_trajectory:
  points:
    - positions: [0, 0, 0, 0, 0, 0, 0, 0, 0, 0, 0, 0, 0, 0, 0, 0, 0, 0, 0, 0, 0, 0, 0, 0, 0, 0, 0, 0, 0, 0, 0]
      time_from_start: 0
    - positions: [0.004230658006725474, 0.0005745727398087428, 0.0007599349075566188, -0.003205462331794563, -0.003328018804446062, -0.002466159857632533, -0.003940996619393259, -0.001893521853971918, 0.003000238399178231, -0.0009388508412683016, 0.01029909364805148, 0.007148709117476434, 0.007409794439220846, 0.0003094084259299037, 0.006555871078529139, -0.0003169415174997918, 0.001806185346307218, 0.008009053804271011, 0.00197569782657314, -0.0001526546755615365, 0.01093355013025693, 0.006050777784788022, 0.008229263562456721, 0.0001455577348228758, 0.005360475007315123, 0.005909435990308767, 0.007766261591254363, 0.0009222954708505985, 0.007593129467916336, 0.009169716025184352, 0.007212344286586976]
      time_from_start: 0
    - time_from_start: 0
      positions: [-2.128765233503149, 1.054174081095571, 1.501457287800912, 0.7027941892110479, 1.8526324210648, 0.4905092195572124, 1.398373283333569, -0.439107561858411, -0.661880694408965, 0.3496231653438048, 0.2477465469602607, 0.2135391853059803, 0.8228106126848289, 0.3583652441256299, 1.274992638591336, -8.817338086823602e-05, -0.418968974214355, 0.5543206624332789, 0.08448631428939465, -0.3804902681262339, 0.4292411062710988, 0.3195922739785045, 0.3575810251236733, 0.3451167762862267, 0.304049186154684, 0.1789209752120641, 0.6971221423333527, -0.3302655562261831, 0.2669479209694666, 0.6085634154270266, 0.3982361435356987]
    - time_from_start: 0
      positions: [-2.342991586778539, 1.098148083285108, 1.491926668005181, 0.6191976348078791, 1.788344027169321, 0.3703048860103981, 2.180657932758466, -0.438211624225708, -0.6622068683476285, 0.4361412599907659, 0.2247704632496333, 0.03073408550674478, 0.7534596249228388, 0.5669505396575032, 1.300760476628906, 0.02479896039269134, -0.5236999999999999, 0.4970067249168019, 1.466956670832229e-16, -0.4363323129985823, 0.4493330651897111, 0.1391259105780283, 0.3723655228245568, 0.4342557134488283, 0.214179331429408, 0.07544339087389597, 0.7126025104869043, -0.433943038929939, 0.07244992366059058, 0.6040423167181356, 0.3168926794271735]
  joint_names: [kuka_arm_0_joint, kuka_arm_1_joint, kuka_arm_2_joint, kuka_arm_3_joint, kuka_arm_4_joint, kuka_arm_5_joint, kuka_arm_6_joint, WRJ2, WRJ1, FFJ4, FFJ3, FFJ2, FFJ1, KTHJ5, THJ4, THJ3, THJ2, THJ1, LFJ5, LFJ4, LFJ3, LFJ2, LFJ1, MFJ4, MFJ3, MFJ2, MFJ1, RFJ4, RFJ3, RFJ2, RFJ1]