joint_trajectory:
  points:
    - positions: [0, 0, 0, 0, 0, 0, 0, 0, 0, 0, 0, 0, 0, 0, 0, 0, 0, 0, 0, 0, 0, 0, 0, 0, 0, 0, 0, 0, 0, 0, 0]
      time_from_start: 0
    - time_from_start: 0
      positions: [0.8935773032256908, -0.5900782397116057, 0.1999774117211392, -0.6772796388342923, 0.3652501361323983, 0.02543164672008568, 0.1996383089276869, -0.2305616133317153, -0.3760902893150327, 0.1400131987411908, 0.4920969622546619, 0.3195245810467926, 0.3973424745669735, 0.1577207986346005, 0.5963065598266168, 0.08959280804627548, -0.1637341872028742, 0.4868558346537305, 0.193447985041311, -0.105470562259215, 0.3808364296255203, 0.4089734316175435, 0.3585358812411715, 0.1347038953077184, 0.3666719966723965, 0.3159158533116545, 0.4941774860177341, -0.08154077429940364, 0.3535796815545247, 0.3984118118146657, 0.295611074016474]
    - time_from_start: 0
      positions: [1.157529138348881, -1.035125909209317, 1.121222829917724, -0.986791864147106, 0.4834770408846789, 0.1509923857711002, 0.1122479687300403, -0.3590988938551459, -0.6823901915163716, 0.3083302759014429, 0.5402934871881574, 0.4054987482424396, 0.3954605871093413, 0.3034419550918023, 0.9860594555444534, 0.1869806203471734, -0.3683940484964568, 0.6144052923993542, 0.1299343975220615, -0.2884477690308128, 0.3732572921427753, 0.4506050256706017, 0.3725960196522107, 0.3087350841822088, 0.3776496019854269, 0.09988453219545888, 0.6669409398730679, -0.2671277626694054, 0.4188016955904518, 0.5299110175196217, 0.2921033752922497]
    - positions: [0.804647541933147, -1.226032883557841, 1.07168002798421, -0.7573773479616214, 1.044914248733464, -0.05587275917536674, 0.2514252520726994, -0.3558671659209883, -0.7853186508337529, 0.4363323129985823, 0.39719301790194, 0.248969353678328, 0.3146811489418706, 0.3994433639936958, 1.129396272457371, 0.2372714724036245, -0.5232801121430496, 0.7177646570478783, 0.02683307663889146, -0.4363323129985822, 0.1657207377735016, 0.3993445526206723, 0.3635080510362544, 0.4341587530073397, 0.2700881928261786, 0.02497616252496001, 0.6422481476619463, -0.4363323129985822, 0.3389343625231909, 0.3470745224392001, 0.265733575724365]
      time_from_start: 0
  joint_names: [kuka_arm_0_joint, kuka_arm_1_joint, kuka_arm_2_joint, kuka_arm_3_joint, kuka_arm_4_joint, kuka_arm_5_joint, kuka_arm_6_joint, WRJ2, WRJ1, FFJ4, FFJ3, FFJ2, FFJ1, KTHJ5, THJ4, THJ3, THJ2, THJ1, LFJ5, LFJ4, LFJ3, LFJ2, LFJ1, MFJ4, MFJ3, MFJ2, MFJ1, RFJ4, RFJ3, RFJ2, RFJ1]