joint_trajectory:
  joint_names: [kuka_arm_0_joint, kuka_arm_1_joint, kuka_arm_2_joint, kuka_arm_3_joint, kuka_arm_4_joint, kuka_arm_5_joint, kuka_arm_6_joint, WRJ2, WRJ1, FFJ4, FFJ3, FFJ2, FFJ1, KTHJ5, THJ4, THJ3, THJ2, THJ1, LFJ5, LFJ4, LFJ3, LFJ2, LFJ1, MFJ4, MFJ3, MFJ2, MFJ1, RFJ4, RFJ3, RFJ2, RFJ1]
  points:
    - time_from_start: 0
      positions: [0, 0, 0, 0, 0, 0, 0, 0, 0, 0, 0, 0, 0, 0, 0, 0, 0, 0, 0, 0, 0, 0, 0, 0, 0, 0, 0, 0, 0, 0, 0]
    - positions: [-0.9383348377554912, 0.6494007755891913, 0.09424571482449855, -0.3242062982489156, -0.5490130319586388, 0.4616114252021708, 1.670661347692893, -0.03049533629806114, -0.2433202656052324, 0.179820181734707, 0.5222404278394159, 0.6101352923911798, 0.5453481196037294, 0.1755024955429955, 0.7918910003826212, 0.0125576477936051, -0.1520443499132161, 0.5474947967794523, 0.1415500087266618, -0.1463840838327668, 0.3918951351440529, 0.5507836773757293, 0.3854982394899573, 0.1500948487857492, 0.4699855391157726, 0.6627286781689911, 0.5315165557139945, -0.08744344413206047, 0.284825574090976, 0.4412434897152977, 0.5030913447850944]
      time_from_start: 0
    - time_from_start: 0
      positions: [-2.109178079732094, 1.132182744553466, -0.6954994969056173, -1.250971755660819, -1.444192788244133, 1.109613462651287, 2.316117458631381, 0.007713008978763189, -0.5043745765810955, 0.3475792874149218, 0.4427565396644719, 0.639020356296864, 0.4228653908443386, 0.2962402572362977, 1.173797443214903, 0.06771291747641556, -0.2464892253051894, 0.6302071636609939, 0.08413132920173651, -0.3123105581604993, 0.2874259922730865, 0.4968864970979156, 0.3098322143805111, 0.3038568022476316, 0.2401646478248673, 0.7114209615363098, 0.2921090853261366, -0.2696311905606166, 0.2462284995944635, 0.4663618363495028, 0.5030049987987079]
    - time_from_start: 0
      positions: [-2.364893117830077, 1.257036926606886, -0.5832170262635652, -1.219064249340196, -2.167753725788032, 1.05184969235582, 2.67024556578589, 0.01319739175680075, -0.6339351948729073, 0.4363323129985822, 0.1951751969663544, 0.5461772953258106, 0.1226994551705613, 0.4163334660883655, 1.261816756309325, 0.09263281017344442, -0.3165330314617724, 0.594418942670646, 0.01167764389609489, -0.4363323129985823, 0.1357392740489692, 0.5924702858704651, 0.1182840780818833, 0.4363323129985822, 0.03553570638060052, 0.7481727029898778, 0.06474665752349898, -0.4363323129985823, 0.140627718960089, 0.3372085264820698, 0.3845528638211629]