joint_trajectory:
  points:
    - positions: [0, 0, 0, 0, 0, 0, 0, 0, 0, 0, 0, 0, 0, 0, 0, 0, 0, 0, 0, 0, 0, 0, 0, 0, 0, 0, 0, 0, 0, 0, 0]
      time_from_start: 0
    - positions: [0.2460839253006064, -1.030177304488015, 1.86582085162914, -1.438992010071355, -2.120610003376087, 0.9814941889853251, -2.037254893735851, -0.1426426851732102, -0.6923244365808671, 0.2648658721642508, 0.5435807506782063, 0.1018450688278203, 0.4327394654380058, 0.09565123373752861, 1.0383313663096, 0.1854839515362318, -0.3588245848392763, 0.7997392484579225, 0.06912294978704173, -0.2505090677598308, 0.5394277823086112, 0.2314535639762398, 0.5018667838499549, 0.3470802797562278, 0.4480842491815326, 0.314424184658843, 0.4553138471572072, -0.2629500640756477, 0.6341040568230557, 0.3819034622868351, 0.3530110452204833]
      time_from_start: 0
    - positions: [0.3551146108626423, -1.058194013924418, 1.943110627791913, -1.414138041628792, -2.329682455911515, 0.9684517194542326, -2.254302658890354, -0.1386148173861821, -0.6884587929748419, 0.2894074443221975, 0.5639193521126071, 0.06734720725880358, 0.4215914058130832, 0.07915532283696405, 1.074888780635794, 0.205630826832876, -0.3976182029401598, 0.7960717200840522, 0.05063616275997861, -0.2719116358187784, 0.5174087516359464, 0.2419605809364691, 0.4550449518287992, 0.3572640478172404, 0.4608654920482477, 0.2727424068502158, 0.449940431898552, -0.2949185602282842, 0.6347630848228391, 0.3851037433733298, 0.3560107765097294]
      time_from_start: 0
    - positions: [0.3036277053236033, -1.251570715347619, 1.713113826616467, -1.290919653185661, -2.77092211841252, 0.8895408354893297, -2.450952874519669, -0.1755412836163993, -0.7164806447543682, 0.4363289079141512, 0.6166986454234543, 0.07112146702753828, 0.3540378166632849, 0.129872001972939, 1.231993302385455, 0.2347748577378413, -0.4278154924866642, 0.8025750148593975, 0.002671430921017252, -0.4362503992361687, 0.4584495057246138, 0.2387650613590792, 0.3676007903146605, 0.4349585941723155, 0.4422323956238439, 0.2194832553593702, 0.3971513951798771, -0.4363291981306857, 0.4187209624957908, 0.2579143200146643, 0.3825680410538334]
      time_from_start: 0
  joint_names: [kuka_arm_0_joint, kuka_arm_1_joint, kuka_arm_2_joint, kuka_arm_3_joint, kuka_arm_4_joint, kuka_arm_5_joint, kuka_arm_6_joint, WRJ2, WRJ1, FFJ4, FFJ3, FFJ2, FFJ1, KTHJ5, THJ4, THJ3, THJ2, THJ1, LFJ5, LFJ4, LFJ3, LFJ2, LFJ1, MFJ4, MFJ3, MFJ2, MFJ1, RFJ4, RFJ3, RFJ2, RFJ1]