joint_trajectory:
  points:
    - positions: [2.967774609148588, -2.272607650693662, -2.052265975143956, -1.960537708131345, -1.449964545424115, 3.141561290971413]
      time_from_start: 0
    - positions: [0.3267843463189566, -2.532404695471274, -2.212345710294678, -0.4763393485978715, 0.3653137292880591, 2.668442841383211]
      time_from_start: 0
    - positions: [-0.8827619563303919, -2.067072389757514, -1.108051856972154, 0.2674275662413748, 0.9172088682688766, 0.8443821461980441]
      time_from_start: 0
    - time_from_start: 0
      positions: [-0.6708434821840112, -1.259644014008399, 1.306323017689334, -0.04689739121777045, 1.198355884472583, -3.139225903555428]
  joint_names: [shoulder_pan_joint, shoulder_lift_joint, elbow_joint, wrist_1_joint, wrist_2_joint, wrist_3_joint]