joint_trajectory:
  joint_names: [shoulder_pan_joint, shoulder_lift_joint, elbow_joint, wrist_1_joint, wrist_2_joint, wrist_3_joint]
  points:
    - positions: [-2.172141961288889, -2.801005402357323, -1.501922469615738, 1.161485112366872, 1.372424082062935, -0.002948215553413956]
      time_from_start: 0
    - positions: [-1.4793966423493, -2.710949287657949, -1.255029172720017, 1.162812237458523, 1.426027574906224, 0.1568319857349358]
      time_from_start: 0
    - time_from_start: 0
      positions: [-0.76368851072616, -2.559430618224693, -0.9862018855999615, 1.13929083532678, 1.488620087756662, 0.2031221804756301]
    - time_from_start: 0
      positions: [0.5729340287096177, -0.9026429415159565, 0.7417467312165176, 0.1612012853925243, 1.375813678385664, -3.139096117618306]