joint_trajectory:
  joint_names: [shoulder_pan_joint, shoulder_lift_joint, elbow_joint, wrist_1_joint, wrist_2_joint, wrist_3_joint]
  points:
    - time_from_start: 0
      positions: [-1.430513419287531, -2.830861368206126, -1.602921510387882, 1.293067369471572, 1.419295664498343, 0.001351481660562582]
    - positions: [-0.3181731775245594, -2.344989007169746, -1.45264187055627, 0.3867199476762161, 1.776606673088309, -0.6135290109621413]
      time_from_start: 0
    - positions: [1.194328557627113, -1.489980534750954, 0.08066081814556222, -0.1905143323824847, 1.759802236004746, 0.9735735481034852]
      time_from_start: 0
    - positions: [1.334486211434014, -0.9372522925488149, 0.8738030952745121, 0.06584917125317373, 1.345460731205423, 3.141090037492188]
      time_from_start: 0