joint_trajectory:
  joint_names: [shoulder_pan_joint, shoulder_lift_joint, elbow_joint, wrist_1_joint, wrist_2_joint, wrist_3_joint]
  points:
    - positions: [-2.809811809572044, -2.348210105685159, -2.201564381898917, -1.731257156450041, -1.159793949599004, -3.140039125220532]
      time_from_start: 0
    - time_from_start: 0
      positions: [-2.062641564758621, -2.139618259455474, -2.218896748715535, -1.528583081045918, -1.264937270276988, -2.434486017231938]
    - time_from_start: 0
      positions: [-1.416168350256548, -1.879654492902332, -2.080614177296714, -1.420092955834728, -1.138758787048377, -1.274467284151653]
    - time_from_start: 0
      positions: [-0.2101993667486615, -1.397095012707958, 1.596131605262239, -0.1978903186313416, 1.44054000829225, 3.140129932037612]