joint_trajectory:
  points:
    - time_from_start: 0
      positions: [-1.162517720765349, -0.8772847127182288, 1.717495030569024, -0.8384384134294346, 1.316359089122938, -3.139849161511329]
    - time_from_start: 0
      positions: [2.323880200807889, -0.4876318643876245, 0.7707125261432552, 1.866373651235617, -1.414191934286565, -1.004695524597836]
    - time_from_start: 0
      positions: [2.407039799873675, -1.831769689275906, -0.2195027313758389, 2.638702909727853, -1.581138631318323, -2.644401392124422]
    - positions: [2.338298191748485, -2.286347214204056, -0.4934987356630214, 2.779468120975026, -1.467989156459915, -3.139918629579126]
      time_from_start: 0
  joint_names: [shoulder_pan_joint, shoulder_lift_joint, elbow_joint, wrist_1_joint, wrist_2_joint, wrist_3_joint]