joint_trajectory:
  points:
    - positions: [2.656467302676412, -2.946569114203231, -1.391931208324266, 1.196427403872497, 1.414520745921497, 0.0008158034903013942]
      time_from_start: 0
    - positions: [0.1955506502279088, -2.376422601392016, -0.6776530042474457, 0.3266310378245199, 1.151741602673509, -1.628724967600094]
      time_from_start: 0
    - positions: [-0.6857065227148915, -1.339691065152081, 0.223336394847937, 0.1028442756740296, 1.236061600921083, -2.700945596928881]
      time_from_start: 0
    - time_from_start: 0
      positions: [-0.8887387073461644, -0.7730407455482391, 0.6849468834367168, 0.08581112355789912, 1.325736666875522, -3.140378289561514]
  joint_names: [shoulder_pan_joint, shoulder_lift_joint, elbow_joint, wrist_1_joint, wrist_2_joint, wrist_3_joint]