joint_trajectory:
  joint_names: [shoulder_pan_joint, shoulder_lift_joint, elbow_joint, wrist_1_joint, wrist_2_joint, wrist_3_joint]
  points:
    - positions: [-1.509235874317441, -2.381895058400203, -1.95328057014639, -1.947164628478073, -1.125766094109682, -3.139882985866807]
      time_from_start: 0
    - time_from_start: 0
      positions: [-0.3092230089203447, -2.361959524470871, -1.097021333856453, -1.843968129438267, 0.2570288382074563, -0.8650412293213237]
    - time_from_start: 0
      positions: [1.248967137993948, -1.236104513291258, 1.359435001947878, -0.1224966293363955, 1.6330253481611, 3.14158008538405]