joint_trajectory:
  joint_names: [shoulder_pan_joint, shoulder_lift_joint, elbow_joint, wrist_1_joint, wrist_2_joint, wrist_3_joint]
  points:
    - positions: [1.844682001708723, -2.639805326636217, -1.631203285807971, 1.129505687574376, 1.521081424739017, -0.0007489145687601769]
      time_from_start: 0
    - time_from_start: 0
      positions: [-0.1512735414679973, -2.355918548772164, -0.6702204854778115, -0.2120702633800854, 1.000729472001101, 1.657310859429582]
    - positions: [-1.629813798543482, -1.215758316092841, 0.4373129615296588, -0.08737377965269832, 1.140901885093312, 3.107484939465254]
      time_from_start: 0
    - positions: [-1.57658632428158, -0.8953603948819567, 0.5512399434689041, 0.3429012374872644, 1.340171770815643, 3.141546413232976]
      time_from_start: 0